pre_cnem,post_cnem,cnem_delta,lntec,dcr,celltype,is_rare
0.34823012351989746,0.35467612743377686,0.0064460039138793945,0.2421714418806623,0.009988788866969904,gamma,0
0.23094749450683594,0.24748951196670532,0.016542017459869385,0.4835282230447353,0.02198244107281796,gamma,0
0.3264464735984802,0.33961963653564453,0.013173162937164307,0.9061505240645981,0.019947841677268978,gamma,0
0.30244171619415283,0.30286192893981934,0.0004202127456665039,1.2105406066131732,0.000602768322532523,gamma,0
0.361438512802124,0.3725590705871582,0.01112055778503418,0.9352613292946612,0.01772367288095276,gamma,0
0.34035271406173706,0.33106011152267456,-0.0092926025390625,0.6320766801355523,-0.01389153599468375,gamma,0
0.2289469838142395,0.23206591606140137,0.0031189322471618652,0.33654853830892784,0.004061458284499382,gamma,0
0.29974299669265747,0.29493290185928345,-0.0048100948333740234,0.9612745914964799,-0.006822180252146768,gamma,0
0.2967337965965271,0.30556100606918335,0.00882720947265625,1.2513804282412253,0.01271128140816306,gamma,0
0.20394670963287354,0.20505547523498535,0.0011087656021118164,0.443411446350866,0.0013947710407082397,gamma,0
0.20541179180145264,0.20675277709960938,0.0013409852981567383,1.3843953182470297,0.0016905010940392892,gamma,0
0.31617921590805054,0.31419748067855835,-0.0019817352294921875,0.38452383953693625,-0.0028896587190332715,gamma,0
0.2890147566795349,0.30311328172683716,0.014098525047302246,0.9343858467880133,0.020230727143483833,gamma,0
0.22757047414779663,0.22160238027572632,-0.0059680938720703125,0.33364204748711246,-0.007667153291378703,gamma,0
0.2816120982170105,0.2887694835662842,0.007157385349273682,0.297396576409058,0.01006338336712908,gamma,0
0.25052767992019653,0.25714200735092163,0.006614327430725098,0.24348596393238456,0.008903892124978005,gamma,0
0.19653135538101196,0.19850599765777588,0.001974642276763916,0.34024165416077645,0.0024637018754892414,gamma,0
0.30919045209884644,0.29663383960723877,-0.012556612491607666,0.9403535080565021,-0.017852170318509532,gamma,0
0.11438220739364624,0.11993962526321411,0.005557417869567871,1.5075598459129507,0.006314814334448383,gamma,0
0.25562024116516113,0.2808378338813782,0.02521759271621704,3.6102347236954184,0.035065238279035855,gamma,0
0.1471635103225708,0.144287109375,-0.0028764009475708008,1.2406269169369084,-0.0033614089247503568,gamma,0
0.10300451517105103,0.11335313320159912,0.010348618030548096,0.5429202727606296,0.011671634354177543,gamma,0
0.18261802196502686,0.18874019384384155,0.006122171878814697,1.898540388912661,0.0075464996938801225,gamma,0
0.12848824262619019,0.13018208742141724,0.0016938447952270508,0.7537045943608607,0.0019473556140107912,gamma,0
0.2275007963180542,0.22063875198364258,-0.006862044334411621,2.1684492749351665,-0.008804703020424746,gamma,0
0.18313080072402954,0.19155919551849365,0.008428394794464111,1.6835312204474386,0.010425494046987971,gamma,0
0.21652096509933472,0.22540158033370972,0.008880615234375,1.5636487228668057,0.011464799060913286,gamma,0
0.17091649770736694,0.17095905542373657,4.2557716369628906e-05,1.0556495199518419,5.1333672538189125e-05,gamma,0
0.14903384447097778,0.15321195125579834,0.004178106784820557,1.2565499706680838,0.004934064422634148,gamma,0
0.20093441009521484,0.2031031847000122,0.0021687746047973633,1.347579416527631,0.0027215249994203316,gamma,0
0.10218542814254761,0.10362929105758667,0.0014438629150390625,0.49089574069907826,0.001610787702715777,gamma,0
0.16404736042022705,0.16506141424179077,0.0010140538215637207,0.8250555428748868,0.0012145250427525237,gamma,0
0.1966562271118164,0.19968783855438232,0.003031611442565918,1.3020770658140337,0.003788036204635284,gamma,0
0.26333141326904297,0.2823769450187683,0.019045531749725342,5.486921981739604,0.026539743417557073,gamma,0
0.2019503116607666,0.2200062870979309,0.018055975437164307,1.5272349301448425,0.02314887304666172,gamma,0
0.18213391304016113,0.18493211269378662,0.0027981996536254883,2.205128994987898,0.0034330878411533232,gamma,0
0.24583452939987183,0.26324981451034546,0.017415285110473633,1.6835251358142136,0.023637978589580114,gamma,0
0.17599564790725708,0.1838386058807373,0.007842957973480225,1.4300981360604685,0.00960956745809293,gamma,0
0.1776842474937439,0.17979270219802856,0.002108454704284668,1.698385189958813,0.002570636362215991,gamma,0
0.15444916486740112,0.1637091040611267,0.009259939193725586,1.8551750699876146,0.01107262943874307,gamma,0
0.20122939348220825,0.20024842023849487,-0.000980973243713379,3.072014209328059,-0.0012265974441787487,gamma,0
0.16855305433273315,0.17842310667037964,0.009870052337646484,1.384967327402131,0.012013546653735519,gamma,0
0.16499727964401245,0.16908907890319824,0.004091799259185791,1.6927617569472484,0.004924474038425947,gamma,0
0.20604336261749268,0.21673685312271118,0.010693490505218506,7.448094678383202,0.013652487733977122,gamma,0
0.1930331587791443,0.20025324821472168,0.007220089435577393,1.3589277959478046,0.009027969690980244,gamma,0
0.2081674337387085,0.21193736791610718,0.0037699341773986816,1.849467223474501,0.00478380020053705,gamma,0
0.2068943977355957,0.22681307792663574,0.01991868019104004,1.6793945906340024,0.025761791388848716,gamma,0
0.16696912050247192,0.17223715782165527,0.00526803731918335,1.8332680728978683,0.006364186758274818,gamma,0
0.19521141052246094,0.19257605075836182,-0.002635359764099121,1.6790628708109174,-0.003263910819804573,gamma,0
0.1660085916519165,0.16805368661880493,0.0020450949668884277,1.5268775657322604,0.0024582054562832974,gamma,0
0.11906981468200684,0.12118220329284668,0.0021123886108398438,1.528934920656713,0.0024036707253252756,gamma,0
0.17630010843276978,0.19142544269561768,0.0151253342628479,1.9287413339897679,0.01870617140523514,gamma,0
0.13258254528045654,0.13645368814468384,0.003871142864227295,1.2635510345865784,0.004482843376298143,gamma,0
0.25338298082351685,0.273068904876709,0.01968592405319214,4.274534421792847,0.02708086665332883,gamma,0
0.20981991291046143,0.21247422695159912,0.0026543140411376953,1.9115953139067747,0.0033704472056364848,gamma,0
0.24903327226638794,0.2636123299598694,0.014579057693481445,8.4820953659053,0.0197980741484807,gamma,0
0.19861966371536255,0.2160317301750183,0.01741206645965576,1.9724964344557825,0.022210167336929272,gamma,0
0.2077510952949524,0.2077956199645996,4.45246696472168e-05,1.9076251006948157,5.620351359989599e-05,gamma,0
0.20325392484664917,0.2103790044784546,0.00712507963180542,1.8728089149424327,0.009023417148500842,gamma,0
0.2546478509902954,0.25567448139190674,0.0010266304016113281,4.386203898964155,0.0013792761042657141,gamma,0
0.20026391744613647,0.2175227403640747,0.017258822917938232,3.3455732667972105,0.02205664472085553,gamma,0
0.2489883303642273,0.2586323022842407,0.009643971920013428,5.214980982349698,0.01300835192810212,gamma,0
0.2480434775352478,0.25128304958343506,0.003239572048187256,5.600637082628258,0.004326831449968977,gamma,0
0.17009317874908447,0.17379415035247803,0.0037009716033935547,1.1944074624448644,0.0044794788187138505,gamma,0
0.18816566467285156,0.19485121965408325,0.0066855549812316895,2.0191248683585603,0.008303502587881173,gamma,0
0.14598923921585083,0.151361882686615,0.00537264347076416,1.1140183458241146,0.0063309004876811945,gamma,0
0.2242632508277893,0.22615861892700195,0.0018953680992126465,1.7986508545915623,0.0024492979382732863,gamma,0
0.20309656858444214,0.20644044876098633,0.0033438801765441895,1.1977520432604558,0.004213773460760779,gamma,0
0.15293395519256592,0.15822267532348633,0.00528872013092041,0.682473692752996,0.006282801847807923,gamma,0
0.18423980474472046,0.18481284379959106,0.0005730390548706055,1.1094532699397366,0.0007029539787421862,gamma,0
0.20736956596374512,0.2183733582496643,0.01100379228591919,1.7420861842902633,0.01407806706956386,gamma,0
0.2369258999824524,0.2438700795173645,0.006944179534912109,5.518408801383451,0.009183844398697594,gamma,0
0.23568475246429443,0.23386609554290771,-0.0018186569213867188,3.4235968276403033,-0.002373810780082209,gamma,0
0.20244163274765015,0.21023547649383545,0.007793843746185303,1.7283654377343343,0.009868566533711194,gamma,0
0.23695659637451172,0.23862820863723755,0.00167161226272583,2.8017715146001034,0.0021955269182403624,gamma,0
0.26134252548217773,0.26258593797683716,0.0012434124946594238,2.9611411245586665,0.0016861795274801352,gamma,0
0.19259148836135864,0.20250600576400757,0.009914517402648926,1.3006779316784745,0.012432090365955842,gamma,0
0.16615134477615356,0.17042529582977295,0.004273951053619385,2.5556636638823016,0.005151978516382509,gamma,0
0.1668054461479187,0.17009198665618896,0.0032865405082702637,0.992702782872467,0.003960126249448237,gamma,0
0.1852918267250061,0.1880010962486267,0.0027092695236206055,1.0787513060556833,0.0033365433267261643,gamma,0
0.21806621551513672,0.21828335523605347,0.00021713972091674805,3.4917049899488806,0.00027777292753222276,gamma,0
0.22951048612594604,0.2275875210762024,-0.0019229650497436523,3.403802202872989,-0.002489557201901916,gamma,0
0.16877907514572144,0.17991042137145996,0.011131346225738525,1.8030319956745984,0.01357332968961001,gamma,0
0.16757899522781372,0.17458409070968628,0.007005095481872559,1.2801258533965008,0.008486746382069962,gamma,0
0.18909364938735962,0.19267213344573975,0.003578484058380127,2.9461611449837233,0.004432504075021444,gamma,0
0.26476413011550903,0.2750241160392761,0.01025998592376709,3.4361059242631207,0.014152175473360893,gamma,0
0.1466652750968933,0.15328580141067505,0.006620526313781738,1.2427909379361148,0.00781908030456076,gamma,0
0.1742192506790161,0.17185121774673462,-0.002368032932281494,1.2329595659394632,-0.0028594293477537227,gamma,0
0.2085009217262268,0.21531254053115845,0.006811618804931641,1.7446145254153038,0.008680677539491272,gamma,0
0.23648250102996826,0.253020703792572,0.01653820276260376,3.3294365709629674,0.02214010863028161,gamma,0
0.24267911911010742,0.25197142362594604,0.009292304515838623,4.259485427181164,0.01242239241832384,gamma,0
0.17859899997711182,0.17515122890472412,-0.0034477710723876953,1.5803008679726847,-0.0041798826563196195,gamma,0
0.1861335039138794,0.19687026739120483,0.01073676347732544,1.3111755804431058,0.01336865395637808,gamma,0
0.21799570322036743,0.224232017993927,0.00623631477355957,2.0359233634499385,0.008038891676649205,gamma,0
0.23790967464447021,0.24108481407165527,0.0031751394271850586,1.9407580038855843,0.004183786918562003,gamma,0
0.21225935220718384,0.21200406551361084,-0.00025528669357299805,1.7916863245254977,-0.00032396955669497496,gamma,0
0.15917712450027466,0.16211819648742676,0.0029410719871520996,0.746917167856528,0.003510127532096436,gamma,0
0.14417344331741333,0.1475570797920227,0.003383636474609375,1.5777861521302428,0.003969340813791781,gamma,0
0.19142383337020874,0.19627022743225098,0.004846394062042236,1.2326581751324144,0.0060298799763993036,gamma,0
0.2309592366218567,0.23226726055145264,0.0013080239295959473,2.8373391289681655,0.0017037490553489802,gamma,0
0.15084576606750488,0.15750408172607422,0.006658315658569336,1.5048705173702663,0.007903083580761607,gamma,0
0.2669287919998169,0.28394508361816406,0.017016291618347168,2.263074188260499,0.023763947749048397,gamma,0
0.16705280542373657,0.16955846548080444,0.002505660057067871,0.5892668784996749,0.0030172624476430894,gamma,0
0.2262689471244812,0.23387056589126587,0.007601618766784668,2.026427971166969,0.009922107712292641,gamma,0
0.22919529676437378,0.23465263843536377,0.00545734167098999,3.8717415852885493,0.0071305422152802425,gamma,0
0.17696619033813477,0.17804688215255737,0.0010806918144226074,2.5522249354484927,0.0013147852243115253,gamma,0
0.2921474575996399,0.316730797290802,0.02458333969116211,3.80222615134895,0.03597899567796688,gamma,0
0.1596861481666565,0.17203813791275024,0.01235198974609375,1.02088490423417,0.014918549164758642,gamma,0
0.16918092966079712,0.17176949977874756,0.0025885701179504395,0.8887974516743403,0.0031254223519405918,gamma,0
0.2587848901748657,0.2589447498321533,0.00015985965728759766,2.452842337400003,0.0002157189457215099,gamma,0
0.2223222851753235,0.22816890478134155,0.005846619606018066,1.8556223031249024,0.007574998781775861,gamma,0
0.16525083780288696,0.183444082736969,0.01819324493408203,1.0255397396120298,0.022280464263933045,gamma,0
0.22364765405654907,0.23283714056015015,0.009189486503601074,2.4793486524413515,0.011978534141122071,gamma,0
0.2879706621170044,0.2879323959350586,-3.826618194580078e-05,3.0792132891541835,-5.373953502076589e-05,gamma,0
0.23119616508483887,0.24451404809951782,0.013317883014678955,1.1428378783068018,0.017628233829069636,gamma,0
0.170832097530365,0.17983359098434448,0.009001493453979492,1.7444114656158172,0.010975203757470235,gamma,0
0.2474725842475891,0.24723803997039795,-0.0002345442771911621,2.9850153343002592,-0.00031157828057881503,gamma,0
0.19017136096954346,0.19460469484329224,0.004433333873748779,0.8557330170119888,0.005504543974075159,gamma,0
0.16696929931640625,0.18432676792144775,0.017357468605041504,1.4421336312866888,0.021279929170668087,gamma,0
0.24445408582687378,0.24788016080856323,0.003426074981689453,4.092861632199829,0.0045552248500353885,gamma,0
0.2092798948287964,0.23231607675552368,0.023036181926727295,3.5684180010071174,0.03000737833530376,gamma,0
0.31586629152297974,0.33072149753570557,0.01485520601272583,3.204753484103563,0.022195851141234506,gamma,0
0.23751521110534668,0.22939902544021606,-0.008116185665130615,2.9054242298081085,-0.010532280561631906,gamma,0
0.22813838720321655,0.23050862550735474,0.0023702383041381836,5.982617242962713,0.0030802662417118987,gamma,0
0.198652446269989,0.20180267095565796,0.0031502246856689453,2.218047041830474,0.0039466740504389,gamma,0
0.2125239372253418,0.22626930475234985,0.013745367527008057,3.9557205243055984,0.017765053928238607,gamma,0
0.16088777780532837,0.1695042848587036,0.008616507053375244,0.8145152890196267,0.010375137277992186,gamma,0
0.14072877168655396,0.15636783838272095,0.015639066696166992,0.41676015850078835,0.01853777915031858,gamma,0
0.21940994262695312,0.23652565479278564,0.01711571216583252,8.634372019535817,0.022418188997807318,gamma,0
0.20550203323364258,0.21967387199401855,0.014171838760375977,2.786073787626099,0.018161430524683577,gamma,0
0.16665631532669067,0.19104337692260742,0.024387061595916748,0.8857852644525603,0.03014631551336424,gamma,0
0.21424967050552368,0.22508078813552856,0.010831117630004883,4.742501404630722,0.013977092662272487,gamma,0
0.2214098572731018,0.21913325786590576,-0.002276599407196045,3.8870265123058894,-0.002915477487201134,gamma,0
0.15474814176559448,0.16992104053497314,0.015172898769378662,3.425721303787865,0.01827886202435171,gamma,0
0.20571738481521606,0.23274868726730347,0.027031302452087402,1.549535002306777,0.035231353799592476,gamma,0
0.24863201379776,0.26838821172714233,0.019756197929382324,1.6353695277867757,0.027003662661069874,gamma,0
0.16760987043380737,0.17434042692184448,0.006730556488037109,1.1550863290846052,0.008151733120400708,gamma,0
0.19566690921783447,0.20679646730422974,0.011129558086395264,3.551503179343037,0.014031150426890442,gamma,0
0.17277079820632935,0.1722947359085083,-0.0004760622978210449,1.438109610030946,-0.000575159200350842,gamma,0
0.1895735263824463,0.20507466793060303,0.015501141548156738,6.697206587118556,0.01950012274461457,gamma,0
0.1807175874710083,0.19625520706176758,0.015537619590759277,2.4220119252803047,0.019331533749610667,gamma,0
0.2312031388282776,0.23149800300598145,0.0002948641777038574,3.2538613049719416,0.0003836869375189827,gamma,0
0.23955684900283813,0.24640923738479614,0.006852388381958008,4.696162837353567,0.009092983515586102,gamma,0
0.18823081254959106,0.20895278453826904,0.02072197198867798,7.185781356245521,0.026195619659166173,gamma,0
0.2186405062675476,0.21939843893051147,0.0007579326629638672,5.475635725300759,0.0009709597069283809,gamma,0
0.1901109218597412,0.2012549638748169,0.011144042015075684,0.5288356960329508,0.013951938993119622,gamma,0
0.2597198486328125,0.24661600589752197,-0.013103842735290527,1.255939106742124,-0.017393311827524828,gamma,0
0.2886621356010437,0.28087860345840454,-0.00778353214263916,2.7216441267421896,-0.010823669244263607,gamma,0
0.2448519468307495,0.2545965909957886,0.009744644165039062,1.896394466252411,0.013072980412119375,gamma,0
0.17928004264831543,0.1791846752166748,-9.5367431640625e-05,0.833059775160625,-0.00011618622211494361,gamma,0
0.25756436586380005,0.25043803453445435,-0.007126331329345703,1.6017198181692742,-0.009507327823016751,gamma,0
0.26400095224380493,0.2779504060745239,0.013949453830718994,1.9210056161578086,0.019319246140534138,gamma,0
0.21471965312957764,0.21640723943710327,0.0016875863075256348,2.8086825706798786,0.002153652244455846,gamma,0
0.2217671275138855,0.22561413049697876,0.0038470029830932617,2.5839085507266266,0.004967811442068485,gamma,0
0.3380265235900879,0.3398391604423523,0.0018126368522644043,2.2756701491313702,0.0027457503439298116,gamma,0
0.2152998447418213,0.21715909242630005,0.0018592476844787598,2.0578533890528226,0.0023750006757327284,gamma,0
0.19049876928329468,0.19535505771636963,0.004856288433074951,0.9012798339228426,0.006035318409250812,gamma,0
0.25012004375457764,0.252294659614563,0.0021746158599853516,1.1052432045628693,0.002908386154985,gamma,0
0.20988237857818604,0.22213470935821533,0.012252330780029297,2.0941218450995636,0.015751224443914195,gamma,0
0.2910553216934204,0.28914815187454224,-0.0019071698188781738,3.071941915690047,-0.002682935725506588,gamma,0
0.2610234022140503,0.26431018114089966,0.0032867789268493652,1.8356903041136696,0.004467615077161821,gamma,0
0.22653734683990479,0.22975313663482666,0.003215789794921875,5.142703329708554,0.004175011866808826,gamma,0
0.23833155632019043,0.2404567003250122,0.0021251440048217773,3.197014656115136,0.002797923443905221,gamma,0
0.2493712306022644,0.24884241819381714,-0.0005288124084472656,2.332256496549329,-0.000703996633004381,gamma,0
0.21733152866363525,0.22514796257019043,0.007816433906555176,1.7342088148869534,0.010087647097737976,gamma,0
0.2049122452735901,0.20842820405960083,0.003515958786010742,3.4083268885225864,0.0044417433820184695,gamma,0
0.2307889461517334,0.24882733821868896,0.018038392066955566,3.867363703929119,0.02401364291423998,gamma,0
0.23552066087722778,0.24010711908340454,0.004586458206176758,1.333378098091691,0.006035664132876854,gamma,0
0.21157968044281006,0.21948784589767456,0.007908165454864502,2.943092760646642,0.010132020895894643,gamma,0
0.168870210647583,0.17138922214508057,0.0025190114974975586,3.3541421030142637,0.0030400419169283478,gamma,0
0.22678256034851074,0.2245141863822937,-0.002268373966217041,0.8540512827557751,-0.0029251005323164925,gamma,0
0.19501006603240967,0.19955408573150635,0.00454401969909668,1.4927558980416116,0.005676860382564809,gamma,0
0.16226106882095337,0.1669086217880249,0.004647552967071533,2.5392719942428523,0.005578683309682496,gamma,0
0.1720532774925232,0.1737738847732544,0.0017206072807312012,1.224236070329808,0.0020824895861092526,gamma,0
0.16851729154586792,0.1647123098373413,-0.0038049817085266113,2.1773947163393155,-0.004555294844325615,gamma,0
0.18995916843414307,0.19292253255844116,0.0029633641242980957,2.08546131844262,0.003671722038891732,gamma,0
0.17673170566558838,0.19254595041275024,0.015814244747161865,1.3082663839158273,0.019585318514713883,gamma,0
0.2115713357925415,0.21381092071533203,0.0022395849227905273,1.94930362626498,0.0028486594151476445,gamma,0
0.1622997522354126,0.17146456241607666,0.009164810180664062,1.5284181970158817,0.011061458285223615,gamma,0
0.19194602966308594,0.20108115673065186,0.009135127067565918,1.5388580822153999,0.011434361755923803,gamma,0
0.19280105829238892,0.19655030965805054,0.003749251365661621,1.5039256221596708,0.004666441982280102,gamma,0
0.1323094367980957,0.13421356678009033,0.001904129981994629,1.6745567834789332,0.002199306790836465,gamma,0
0.1365959644317627,0.1440718173980713,0.007475852966308594,2.0610983915267385,0.008734205881132238,gamma,0
0.17306679487228394,0.17170345783233643,-0.0013633370399475098,1.0350708137955662,-0.001645952832761607,gamma,0
0.16277825832366943,0.16948503255844116,0.0067067742347717285,4.005549655840224,0.008075440537131159,gamma,0
0.19328820705413818,0.2015056610107422,0.008217453956604004,3.175925716981355,0.010291186243105668,gamma,0
0.1529790163040161,0.15550529956817627,0.0025262832641601562,3.285661943346422,0.00299147320032721,gamma,0
0.16979360580444336,0.18145698308944702,0.011663377285003662,2.0540326942528337,0.014248948490239442,gamma,0
0.20691365003585815,0.20582664012908936,-0.0010870099067687988,1.0294424106880686,-0.001368731264097662,gamma,0
0.16056537628173828,0.1643398404121399,0.0037744641304016113,2.0579740307544037,0.004516745338515531,gamma,0
0.18603825569152832,0.18683576583862305,0.0007975101470947266,0.8427723759209846,0.000980749169221892,gamma,0
0.1997072696685791,0.2085781693458557,0.008870899677276611,1.322666914851391,0.011208813471754286,gamma,0
0.18174785375595093,0.18077850341796875,-0.0009693503379821777,2.977981441579857,-0.001183257936988368,gamma,0
0.15376240015029907,0.16804474592208862,0.01428234577178955,2.8198513964961096,0.01716720424780445,gamma,0
0.13190561532974243,0.1347450613975525,0.0028394460678100586,3.652956345908814,0.0032816294263472313,gamma,0
0.18784379959106445,0.20423412322998047,0.016390323638916016,1.7638279529742522,0.020596916904056826,gamma,0
0.17494380474090576,0.17987191677093506,0.004928112030029297,2.448660223366232,0.006008954126562761,gamma,0
0.15270870923995972,0.1614934206008911,0.008784711360931396,2.295462121050884,0.010476615898740714,gamma,0
0.1341705322265625,0.1415838599205017,0.007413327693939209,2.0119157601418935,0.008636053480136869,gamma,0
0.1836804747581482,0.18592792749404907,0.002247452735900879,2.658112516870639,0.0027607540066846474,gamma,0
0.17340844869613647,0.177337646484375,0.003929197788238525,4.389545984209294,0.004776197393070445,gamma,0
0.24631571769714355,0.24748140573501587,0.0011656880378723145,2.4553466857360404,0.0015490488165423872,gamma,0
0.14717155694961548,0.1553289294242859,0.00815737247467041,5.8755107751250515,0.009657454551048467,gamma,0
0.369736909866333,0.3678111433982849,-0.0019257664680480957,2.182807679196995,-0.0030461885683969697,gamma,0
0.16630125045776367,0.16560989618301392,-0.0006913542747497559,1.236810098285295,-0.0008285743941438171,gamma,0
0.17283880710601807,0.17850887775421143,0.005670070648193359,2.132427064756728,0.006902169110108636,gamma,0
0.17449432611465454,0.17865031957626343,0.004155993461608887,2.2888064353700948,0.005059956265478545,gamma,0
0.14785051345825195,0.15202772617340088,0.004177212715148926,1.0425958803222406,0.00492611945470651,gamma,0
0.16836094856262207,0.17271798849105835,0.004357039928436279,1.3701673655015916,0.005266692455320221,gamma,0
0.19156503677368164,0.19001895189285278,-0.0015460848808288574,1.9075005275086645,-0.001908791427209215,gamma,0
0.1938793659210205,0.20189642906188965,0.00801706314086914,3.986350954065669,0.010045141298447881,gamma,0
0.15657228231430054,0.16750705242156982,0.010934770107269287,3.6814180870450635,0.013134970258999233,gamma,0
0.16169804334640503,0.164442241191864,0.0027441978454589844,0.6765327934567744,0.003284270676121048,gamma,0
0.1295204758644104,0.1381632685661316,0.008642792701721191,2.7642862334398126,0.010028341084211936,gamma,0
0.1995972990989685,0.20673251152038574,0.007135212421417236,2.1608541262366523,0.008994711777603123,gamma,0
0.15552550554275513,0.16313284635543823,0.0076073408126831055,2.6077839974699324,0.009090260956656129,gamma,0
0.13556122779846191,0.1436057686805725,0.008044540882110596,1.5798950072187348,0.009393501950283517,gamma,0
0.11994278430938721,0.1245998740196228,0.004657089710235596,2.4284040520002237,0.0053199554946602645,gamma,0
0.20153313875198364,0.21268302202224731,0.011149883270263672,1.9322606957293709,0.014161873276126322,gamma,0
0.1711876392364502,0.17773854732513428,0.006550908088684082,2.0382133698287115,0.00796694052405544,gamma,0
0.18311548233032227,0.19066643714904785,0.007550954818725586,1.8012415416351195,0.009329842682078636,gamma,0
0.13693714141845703,0.14515793323516846,0.008220791816711426,3.389213847998831,0.009616737566300628,gamma,0
0.17087054252624512,0.1784369945526123,0.0075664520263671875,1.0280094047530302,0.009209825632602364,gamma,0
0.1723204255104065,0.179118812084198,0.006798386573791504,1.5804778383501021,0.008281815534173035,gamma,0
0.17310887575149536,0.1779707670211792,0.004861891269683838,4.17918108459044,0.005914499235100928,gamma,0
0.1604025959968567,0.16171419620513916,0.0013116002082824707,6.358176086680783,0.0015646217582892957,gamma,0
0.16507655382156372,0.16156905889511108,-0.0035074949264526367,1.5119841178830102,-0.004183403491562991,gamma,0
0.2186090350151062,0.22188514471054077,0.0032761096954345703,0.962706675517792,0.004210316347470137,gamma,0
0.113475501537323,0.12591701745986938,0.012441515922546387,3.2353077970041593,0.014233792638761476,gamma,0
0.22190862894058228,0.21797364950180054,-0.003934979438781738,1.5766541505979252,-0.005031773464250803,gamma,0
0.19553035497665405,0.20022231340408325,0.004691958427429199,1.6254359571598258,0.005866578308028973,gamma,0
0.12423640489578247,0.136191725730896,0.011955320835113525,3.47770108169066,0.013840248109720073,gamma,0
0.14748793840408325,0.15496736764907837,0.007479429244995117,2.149403193958127,0.008851053744737625,gamma,0
0.14120268821716309,0.14290761947631836,0.0017049312591552734,3.0915388886045507,0.001989203611999869,gamma,0
0.13860094547271729,0.1442849040031433,0.005683958530426025,3.1889558555104243,0.006642349255045635,gamma,0
0.1453896164894104,0.15524768829345703,0.00985807180404663,7.014707527224467,0.011669777835980884,gamma,0
0.1723933219909668,0.182550311088562,0.010156989097595215,2.505991286992716,0.012425216175836869,gamma,0
0.17697811126708984,0.18865668773651123,0.011678576469421387,4.408012954966941,0.014394124278710634,gamma,0
0.1973094344139099,0.19584596157073975,-0.001463472843170166,0.8061290573870058,-0.0018198911815810084,gamma,0
0.18698382377624512,0.19694560766220093,0.00996178388595581,1.8673199818867448,0.012404868189507963,gamma,0
0.1666945219039917,0.16969168186187744,0.002997159957885742,0.8819070779197028,0.0036096952088912615,gamma,0
0.18841058015823364,0.19550836086273193,0.007097780704498291,3.1681791395569787,0.008822690453451956,gamma,0
0.2470218539237976,0.24890154600143433,0.0018796920776367188,2.1178955027956268,0.002502590795693887,gamma,0
0.24038165807724,0.24052369594573975,0.00014203786849975586,1.348750004289229,0.00018702080333714803,gamma,0
0.2498740553855896,0.24504482746124268,-0.004829227924346924,1.244920990427483,-0.006396708175542707,gamma,0
0.2632650136947632,0.2636907696723938,0.00042575597763061523,1.605906297915792,0.0005782298524781274,gamma,0
0.25061434507369995,0.25168031454086304,0.001065969467163086,5.521891104936205,0.0014244840646000815,gamma,0
0.24984371662139893,0.25272125005722046,0.002877533435821533,3.161303248088622,0.0038506828088472624,gamma,0
0.25787925720214844,0.26439064741134644,0.006511390209197998,3.0312046228347254,0.008851695789734082,gamma,0
0.2122594118118286,0.20805174112319946,-0.00420767068862915,1.3769179954441912,-0.005313062616738093,gamma,0
0.23901653289794922,0.24705225229263306,0.008035719394683838,1.2754095699491172,0.010672346678971566,gamma,0
0.23595529794692993,0.2541108727455139,0.018155574798583984,3.6007578427120084,0.024340849243120254,gamma,0
0.2690984606742859,0.2755497694015503,0.006451308727264404,6.20153740193787,0.008905109633183696,gamma,0
0.221357524394989,0.22359395027160645,0.0022364258766174316,2.441879120285676,0.002880484866649081,gamma,0
0.23460501432418823,0.23249399662017822,-0.0021110177040100098,2.451238084944404,-0.0027504901521471403,gamma,0
0.24872636795043945,0.2514095902442932,0.0026832222938537598,1.9224123616295465,0.003584366375638443,gamma,0
0.24024230241775513,0.24461358785629272,0.004371285438537598,2.0897475684532045,0.00578682031906339,gamma,0
0.2564074993133545,0.25107914209365845,-0.005328357219696045,2.115071257173716,-0.007114713341796655,gamma,0
0.21896123886108398,0.2142254114151001,-0.004735827445983887,1.9399204713549303,-0.006026954186075972,gamma,0
0.24585598707199097,0.24534916877746582,-0.0005068182945251465,1.448856859216144,-0.000671593104461438,gamma,0
0.23938846588134766,0.244570791721344,0.005182325839996338,1.4836511495663178,0.006860107847570447,gamma,0
0.24041444063186646,0.23316717147827148,-0.007247269153594971,1.9159211054827925,-0.009450911442544764,gamma,0
0.2665109634399414,0.26590102910995483,-0.0006099343299865723,3.052091760036347,-0.0008308611701867233,gamma,0
0.24805915355682373,0.24792230129241943,-0.00013685226440429688,1.9922886305837195,-0.00018196559296928063,gamma,0
0.28419917821884155,0.267646849155426,-0.016552329063415527,1.862680200380479,-0.022601567350842733,gamma,0
0.23849445581436157,0.24136847257614136,0.002874016761779785,1.46721416372032,0.0037884225185569297,gamma,0
0.24832183122634888,0.25486892461776733,0.006547093391418457,2.407890393599767,0.008786498923105535,gamma,0
0.21672332286834717,0.21579021215438843,-0.0009331107139587402,2.366313834885915,-0.0011898738429702474,gamma,0
0.22760772705078125,0.21908438205718994,-0.008523344993591309,0.8982916111436191,-0.010914553119125236,gamma,0
0.24135702848434448,0.23403233289718628,-0.007324695587158203,1.0896079604817166,-0.009562669420320361,gamma,0
0.25426918268203735,0.24788028001785278,-0.00638890266418457,1.2350922862022364,-0.0084945288555075,gamma,0
0.248227059841156,0.24529021978378296,-0.002936840057373047,2.7904344465020334,-0.003891350204222437,gamma,0
0.2648586630821228,0.2729055881500244,0.008046925067901611,2.5692793335549275,0.011067235474176587,gamma,0
0.27365410327911377,0.2767084836959839,0.003054380416870117,3.883187304926589,0.004222889869464874,gamma,0
0.14870965480804443,0.1562817096710205,0.007572054862976074,5.025886898398632,0.008974624527842825,gamma,0
0.13836514949798584,0.14275532960891724,0.0043901801109313965,4.071798040958178,0.0051212684809443685,gamma,0
0.14359962940216064,0.14137762784957886,-0.002222001552581787,1.4357711817757366,-0.002587868223159362,gamma,0
0.10051047801971436,0.11206763982772827,0.011557161808013916,3.3938190101351093,0.013015813283087981,gamma,0
0.2595837116241455,0.2682744264602661,0.008690714836120605,2.329848763617458,0.011877013938544114,gamma,0
0.14891785383224487,0.1494055986404419,0.0004877448081970215,5.164923508011524,0.0005734164337520075,gamma,0
0.10767769813537598,0.11615508794784546,0.008477389812469482,4.833759747093799,0.009591490200227846,gamma,0
0.1036413311958313,0.10254335403442383,-0.0010979771614074707,2.171107610279668,-0.0012234319800776047,gamma,0
0.10603600740432739,0.11293816566467285,0.006902158260345459,3.957947556169477,0.00778092123140122,gamma,0
0.12429583072662354,0.1255415678024292,0.001245737075805664,2.915148556571329,0.001424581237869759,gamma,0
0.10767656564712524,0.10781705379486084,0.0001404881477355957,3.0281950632551387,0.00015746562779882293,gamma,0
0.13069629669189453,0.13906526565551758,0.008368968963623047,5.265011743723805,0.009720793725432855,gamma,0
0.11571025848388672,0.11583751440048218,0.00012725591659545898,1.0396737111204757,0.00014392820173677858,gamma,0
0.11000311374664307,0.1121528148651123,0.0021497011184692383,2.176374544799759,0.002421251263124342,gamma,0
0.15502649545669556,0.1550500988960266,2.3603439331054688e-05,3.2374079991469875,2.7934720508536067e-05,gamma,0
0.12263524532318115,0.12191379070281982,-0.0007214546203613281,1.3326278170938555,-0.0008216216274923394,gamma,0
0.11297488212585449,0.1201326847076416,0.007157802581787109,2.5056137887696592,0.008135093163915,gamma,0
0.12606990337371826,0.12638837099075317,0.0003184676170349121,1.5454941955427843,0.0003645414122933353,gamma,0
0.14609116315841675,0.1437562108039856,-0.0023349523544311523,1.4621923425422538,-0.0027269714348802437,gamma,0
0.10030132532119751,0.10343974828720093,0.003138422966003418,2.637856578922071,0.0035005153976073984,gamma,0
0.12405318021774292,0.1309320330619812,0.006878852844238281,2.6531077853260836,0.007915206987175578,gamma,0
0.1540520191192627,0.15365862846374512,-0.0003933906555175781,2.727167601748082,-0.0004648132169215674,gamma,0
0.13335663080215454,0.1435893177986145,0.010232686996459961,2.6049188512828763,0.011948341151183513,gamma,0
0.13142269849777222,0.1405392289161682,0.009116530418395996,2.0219889418075963,0.010607267632354532,gamma,0
0.18793600797653198,0.192638099193573,0.004702091217041016,3.058285983592359,0.0058240192066833585,gamma,0
0.1458377242088318,0.16109699010849,0.015259265899658203,3.2725766854046094,0.018189547205977468,gamma,0
0.14573562145233154,0.15068376064300537,0.004948139190673828,1.862313609972645,0.0058260268217878355,gamma,0
0.1331138014793396,0.13088709115982056,-0.002226710319519043,3.688488579061244,-0.0025620495298942928,gamma,0
0.12889963388442993,0.13073515892028809,0.0018355250358581543,4.557874378035128,0.00211158320124653,gamma,0
0.1309409737586975,0.1292574405670166,-0.0016835331916809082,3.4942432544683206,-0.0019334453949020293,gamma,0
0.1161341667175293,0.12240093946456909,0.006266772747039795,2.4092879707683457,0.00714081524109242,gamma,0
0.12805742025375366,0.13045930862426758,0.002401888370513916,3.3495590540744997,0.002762249535112382,gamma,0
0.17584127187728882,0.18818140029907227,0.012340128421783447,2.1272806217061846,0.015200598294162667,gamma,0
0.1166570782661438,0.12319201231002808,0.006534934043884277,3.8943729710117068,0.00745309592936207,gamma,0
0.16167396306991577,0.1668582558631897,0.005184292793273926,1.7445557078895426,0.006222581967304008,gamma,0
0.1644037961959839,0.1671924591064453,0.0027886629104614258,1.6185298112312032,0.0033485082369323297,gamma,0
0.12416213750839233,0.13417696952819824,0.010014832019805908,2.6072238893929174,0.011566834869648426,gamma,0
0.14976292848587036,0.16512924432754517,0.015366315841674805,2.5419997243607244,0.018405622352046402,gamma,0
0.2588667869567871,0.26382285356521606,0.004956066608428955,3.3968498909698153,0.006732165800623642,gamma,0
0.2732750177383423,0.2889147996902466,0.015639781951904297,3.6030017549367814,0.021994244775578937,gamma,0
0.11296087503433228,0.11496239900588989,0.002001523971557617,2.481729619851287,0.002261512922512472,gamma,0
0.12889808416366577,0.1331762671470642,0.0042781829833984375,5.464564671959882,0.004935470524460443,gamma,0
0.11876016855239868,0.1198917031288147,0.0011315345764160156,3.3499649830139733,0.0012856765246261844,gamma,0
0.1451704502105713,0.1456294059753418,0.0004589557647705078,1.8799852111381037,0.0005371858160619955,gamma,0
0.15281963348388672,0.15306031703948975,0.00024068355560302734,2.2419679705635494,0.00028418027923984943,gamma,0
0.160447895526886,0.15837997198104858,-0.0020679235458374023,2.641930061142282,-0.002457075018408233,gamma,0
0.1403740644454956,0.1406463384628296,0.0002722740173339844,3.2125532672651755,0.000316835814543402,gamma,0
0.14492756128311157,0.14470142126083374,-0.00022614002227783203,2.1675429850978656,-0.0002643989220830872,gamma,0
0.15238291025161743,0.1540074348449707,0.0016245245933532715,1.1970863007488717,0.0019202587117956233,gamma,0
0.15588152408599854,0.15215325355529785,-0.0037282705307006836,1.8073663598101717,-0.0043973401399893764,gamma,0
0.12187224626541138,0.12434124946594238,0.002469003200531006,4.33245993523664,0.0028195951893647837,gamma,0
0.12794381380081177,0.1384163498878479,0.010472536087036133,2.6282205169391597,0.01215498470249862,gamma,0
0.12365520000457764,0.12724554538726807,0.0035903453826904297,3.2200671998456176,0.004113809289330498,gamma,0
0.12311893701553345,0.12556302547454834,0.0024440884590148926,2.4403601080626016,0.0027950424447013753,gamma,0
0.10540199279785156,0.1106572151184082,0.005255222320556641,2.664556130182322,0.005909107725269652,gamma,0
0.10464835166931152,0.10416358709335327,-0.00048476457595825195,2.1878565529079617,-0.0005411306896818094,gamma,0
0.1163332462310791,0.12821435928344727,0.011881113052368164,4.566861732933858,0.013628479866452766,gamma,0
0.10530900955200195,0.10983443260192871,0.004525423049926758,1.9779434591281613,0.005083799256754494,gamma,0
0.1824461817741394,0.18788141012191772,0.00543522834777832,1.3528117627104745,0.006692653530556755,gamma,0
0.1067734956741333,0.11236685514450073,0.005593359470367432,2.984411592899264,0.006301431512314689,gamma,0
0.12036401033401489,0.12801235914230347,0.007648348808288574,1.92145587531507,0.008771166527963142,gamma,0
0.11444801092147827,0.11972004175186157,0.005272030830383301,3.505992831991872,0.005989038806330736,gamma,0
0.16431033611297607,0.16714531183242798,0.0028349757194519043,4.5780922862636935,0.003403925990606301,gamma,0
0.12293046712875366,0.13621002435684204,0.013279557228088379,3.7811047232871187,0.015373594973941123,gamma,0
0.11189216375350952,0.10965985059738159,-0.0022323131561279297,2.3885507399229136,-0.0025072587792718546,gamma,0
0.1129004955291748,0.1160312294960022,0.0031307339668273926,4.152528015190548,0.0035416793797391666,gamma,0
0.13898515701293945,0.1567879319190979,0.017802774906158447,5.094664095373988,0.021113045673879467,gamma,0
0.11288613080978394,0.11589384078979492,0.0030077099800109863,2.0872866159018346,0.0034019783129865893,gamma,0
0.1542099118232727,0.15786755084991455,0.0036576390266418457,2.856680334347261,0.004343306127597013,gamma,0
0.09298467636108398,0.09395933151245117,0.0009746551513671875,2.41243413067369,0.0010757300254459622,gamma,0
0.12270969152450562,0.1273295283317566,0.0046198368072509766,2.8567795985498745,0.00529390755988277,gamma,0
0.10559147596359253,0.10767906904220581,0.0020875930786132812,4.928411324964904,0.002339509257473668,gamma,0
0.12700319290161133,0.12529224157333374,-0.0017109513282775879,2.579346354723646,-0.0019560262405298313,gamma,0
0.12998223304748535,0.14383459091186523,0.013852357864379883,1.7162005801440874,0.016179534605507407,gamma,0
0.09341377019882202,0.10822319984436035,0.01480942964553833,2.3235811725845585,0.01660665498693583,gamma,0
0.1449517011642456,0.15138936042785645,0.00643765926361084,1.3540230880601751,0.007586116604496744,gamma,0
0.13471084833145142,0.1444014310836792,0.009690582752227783,5.8643566084246554,0.011326085741940438,gamma,0
0.11567473411560059,0.11634987592697144,0.0006751418113708496,2.0872285587992865,0.0007640374770264311,gamma,0
0.11085772514343262,0.12221109867095947,0.011353373527526855,5.7896318892114085,0.012934059100470473,gamma,0
0.12253880500793457,0.12316209077835083,0.0006232857704162598,2.9288654918113446,0.0007108335119424041,gamma,0
0.11380451917648315,0.11636382341384888,0.0025593042373657227,4.080825225298568,0.0028963325689690123,gamma,0
0.13031822443008423,0.13147437572479248,0.001156151294708252,1.7301982376191334,0.0013311654399063592,gamma,0
0.1334019899368286,0.14102566242218018,0.0076236724853515625,1.9173799476983018,0.008875320427906133,gamma,0
0.15052229166030884,0.16289764642715454,0.012375354766845703,4.629523176212574,0.014783562265744827,gamma,0
0.09440386295318604,0.10073727369308472,0.006333410739898682,2.6361320463218556,0.007042892532540162,gamma,0
0.16676658391952515,0.16733962297439575,0.0005730390548706055,0.41553175724357216,0.0006882026221994524,acinar,0
0.20395570993423462,0.20859527587890625,0.004639565944671631,0.7820448984524603,0.0058624440861458965,acinar,0
0.15706419944763184,0.16371268033981323,0.0066484808921813965,0.45991211210509325,0.00794999605504351,acinar,0
0.144694983959198,0.1394687294960022,-0.005226254463195801,0.5824055536714304,-0.006073288260791356,acinar,0
0.1983843445777893,0.1930670142173767,-0.005317330360412598,1.4483653454366654,-0.006589556325120924,acinar,0
0.14380675554275513,0.13940739631652832,-0.004399359226226807,1.1437053423991712,-0.00511201142956244,acinar,0
0.1988687515258789,0.19291502237319946,-0.005953729152679443,1.5280230986819583,-0.007376830591229852,acinar,0
0.184770405292511,0.19000893831253052,0.005238533020019531,0.560315545013893,0.006467396083490104,acinar,0
0.14216893911361694,0.13926935195922852,-0.0028995871543884277,0.5442972585282934,-0.0033687509106229466,acinar,0
0.12836027145385742,0.1235613226890564,-0.004798948764801025,0.678445391377788,-0.005475510026012294,acinar,0
0.16347604990005493,0.15554922819137573,-0.0079268217086792,0.6233224966827844,-0.009386955371835025,acinar,0
0.18542253971099854,0.18388110399246216,-0.001541435718536377,0.8368072148939592,-0.0018887391605280758,acinar,0
0.24108701944351196,0.22752314805984497,-0.013563871383666992,0.556419178972512,-0.017558935713866294,acinar,0
0.23092705011367798,0.2365875244140625,0.0056604743003845215,0.4043556536678913,0.007414699761148088,acinar,0
0.1982136368751526,0.18604815006256104,-0.012165486812591553,0.6848739813569397,-0.014946199598325875,acinar,0
0.34203481674194336,0.3350057601928711,-0.007029056549072266,1.4269044536773612,-0.010570101405857188,acinar,0
0.2554498314857483,0.24932259321212769,-0.0061272382736206055,0.8188772186610924,-0.008162278787420667,acinar,0
0.31012624502182007,0.3194510340690613,0.009324789047241211,4.159869883296119,0.013701863516147755,acinar,0
0.16978800296783447,0.18007004261016846,0.010282039642333984,0.5760772265078885,0.012540143886272765,acinar,0
0.19855374097824097,0.1970365047454834,-0.0015172362327575684,0.9497839644579711,-0.001889545716242863,acinar,0
0.2154044508934021,0.2195451259613037,0.004140675067901611,0.7028807336436735,0.005305463782261304,acinar,0
0.21679168939590454,0.20023620128631592,-0.016555488109588623,1.3931104076995002,-0.020700471984623423,acinar,0
0.20889216661453247,0.2023347020149231,-0.006557464599609375,1.5212430760209368,-0.008220822212240773,acinar,0
0.17308193445205688,0.1728634238243103,-0.00021851062774658203,0.39288946642749034,-0.00026417720366916626,acinar,0
0.2000105381011963,0.19963383674621582,-0.00037670135498046875,0.7142740650531015,-0.00047066127014795147,acinar,0
0.1781896948814392,0.18096697330474854,0.002777278423309326,0.6486305932018518,0.003390923604772662,acinar,0
0.15810167789459229,0.17957931756973267,0.02147763967514038,0.6368771426123406,0.026178813059074605,acinar,0
0.16994798183441162,0.1723068356513977,0.002358853816986084,0.784458736502918,0.0028499133719951776,acinar,0
0.16335046291351318,0.17186427116394043,0.008513808250427246,0.9568933278925256,0.010280691864838822,acinar,0
0.15998119115829468,0.16927701234817505,0.009295821189880371,1.6996354793415889,0.011190037266401569,acinar,0
0.15793758630752563,0.161016583442688,0.0030789971351623535,1.253642543337356,0.003669914177561129,acinar,0
0.1459551453590393,0.15791046619415283,0.011955320835113525,1.3129835158565366,0.01419720867575817,acinar,0
0.21836912631988525,0.23067724704742432,0.012308120727539062,1.0486125180861248,0.015998643846554462,acinar,0
0.16171181201934814,0.1587599515914917,-0.0029518604278564453,0.3930165605106488,-0.0035089394916954955,acinar,0
0.165033221244812,0.16860967874526978,0.0035764575004577637,0.7969931755321414,0.004301779091029339,acinar,0
0.14275258779525757,0.14399129152297974,0.001238703727722168,1.6006584011451723,0.0014470690723766408,acinar,0
0.15861111879348755,0.16191834211349487,0.0033072233200073242,0.8780671076037969,0.003946182676694728,acinar,0
0.13793045282363892,0.14568579196929932,0.0077553391456604,0.6191378337576237,0.009077853408920134,acinar,0
0.21043354272842407,0.2243226170539856,0.013889074325561523,1.3405781812075146,0.017905735852205677,acinar,0
0.17615067958831787,0.16830992698669434,-0.007840752601623535,0.7442880030765032,-0.009427493312762068,acinar,0
0.09940999746322632,0.10104995965957642,0.0016399621963500977,1.3286812845602625,0.0018243084963087159,acinar,0
0.16594529151916504,0.16566091775894165,-0.00028437376022338867,1.4172532094190113,-0.0003408371563508121,acinar,0
0.1706565022468567,0.18230170011520386,0.011645197868347168,1.7475107407713149,0.014241435832736642,acinar,0
0.11985576152801514,0.12019503116607666,0.00033926963806152344,0.644220477778673,0.00038561914296890697,acinar,0
0.20858454704284668,0.21432828903198242,0.005743741989135742,0.4725713410333846,0.007310613210266843,acinar,0
0.1427331566810608,0.14672225713729858,0.003989100456237793,1.9164911196355143,0.004675031652477625,acinar,0
0.12593919038772583,0.11754202842712402,-0.008397161960601807,0.7086487155008643,-0.009515650865088644,acinar,0
0.18947052955627441,0.2003394365310669,0.01086890697479248,1.0969283529414608,0.01359190070302215,acinar,0
0.1459583044052124,0.1519792675971985,0.006020963191986084,0.8994780068705491,0.00710001885794248,acinar,0
0.1728053092956543,0.1765710711479187,0.0037657618522644043,0.5710181096437184,0.00457326882784425,acinar,0
0.164655864238739,0.16155880689620972,-0.003097057342529297,0.5685911640451584,-0.0036938277460634183,acinar,0
0.13807398080825806,0.14063769578933716,0.0025637149810791016,0.6209676406389586,0.0029832760507617472,acinar,0
0.1065988540649414,0.102120041847229,-0.004478812217712402,0.16471647676985848,-0.004988208253280055,acinar,0
0.13444066047668457,0.142780601978302,0.008339941501617432,0.7459677182011567,0.009729062969018732,acinar,0
0.13304072618484497,0.12873703241348267,-0.004303693771362305,1.2705348959927338,-0.004939603691964497,acinar,0
0.1084822416305542,0.11800050735473633,0.009518265724182129,0.4639904474889499,0.010791690702264762,acinar,0
0.15789121389389038,0.1639094352722168,0.006018221378326416,1.0783669079258809,0.007198049627896287,acinar,0
0.16212058067321777,0.16875505447387695,0.00663447380065918,0.29287907927061335,0.007981370396736664,acinar,0
0.10324335098266602,0.10322070121765137,-2.2649765014648438e-05,0.7257959133478332,-2.525678842654196e-05,acinar,0
0.11270517110824585,0.12297409772872925,0.010268926620483398,0.9746219384689794,0.011708806540251011,acinar,0
0.18020397424697876,0.1907275915145874,0.010523617267608643,1.021949757506403,0.013003800892339868,acinar,0
0.12960773706436157,0.13963240385055542,0.010024666786193848,0.31442196102362213,0.011651608953032418,acinar,0
0.13991940021514893,0.14874911308288574,0.008829712867736816,0.8909908575659133,0.010372632796559493,acinar,0
0.14586234092712402,0.1495494842529297,0.003687143325805664,1.15013291904142,0.004335517772679257,acinar,0
0.11538147926330566,0.11417317390441895,-0.0012083053588867188,0.727441977132598,-0.0013640424101994198,acinar,0
0.1342204213142395,0.14693760871887207,0.012717187404632568,0.2588577361183792,0.014907687332850196,acinar,0
0.2316996455192566,0.24285954236984253,0.011159896850585938,2.0813857819394608,0.014739533118486773,acinar,0
0.20735371112823486,0.2091590166091919,0.0018053054809570312,1.0981061080470236,0.0022827667241227274,acinar,0
0.23434334993362427,0.22935932874679565,-0.004984021186828613,1.0440838258274348,-0.006467373670693596,acinar,0
0.2383207082748413,0.2436673641204834,0.00534665584564209,0.8023150141260371,0.007069185688945742,acinar,0
0.2015957236289978,0.21044939756393433,0.008853673934936523,0.8517608757459106,0.011213561116437062,acinar,0
0.23310643434524536,0.23592805862426758,0.002821624279022217,0.9318063316743819,0.00369287775957563,acinar,0
0.16143262386322021,0.16560393571853638,0.004171311855316162,0.7902462248604292,0.004999198862363125,acinar,0
0.2020980715751648,0.20450639724731445,0.002408325672149658,0.5619822865554057,0.003027460766266392,acinar,0
0.1636260747909546,0.16655629873275757,0.0029302239418029785,1.0657054686839729,0.003515803091855639,acinar,0
0.21774309873580933,0.21602660417556763,-0.0017164945602416992,1.0230681907607742,-0.0021894806244497885,acinar,0
0.19772231578826904,0.1976679563522339,-5.435943603515625e-05,0.6929006036683558,-6.775179486539457e-05,acinar,0
0.16850042343139648,0.19229328632354736,0.02379286289215088,0.6759753087424825,0.029457304847513886,acinar,0
0.26068687438964844,0.2740786671638489,0.01339179277420044,1.9162118708164744,0.018447994525631502,acinar,0
0.15964102745056152,0.16971296072006226,0.010071933269500732,1.0851552149381012,0.012130664207688423,acinar,0
0.131447434425354,0.13562721014022827,0.004179775714874268,0.43380551130173195,0.004835616951283667,acinar,0
0.14621639251708984,0.16087502241134644,0.014658629894256592,0.22673525888103216,0.017468947160148032,acinar,0
0.19211995601654053,0.19944608211517334,0.0073261260986328125,0.9295825212158557,0.00915132127263763,acinar,0
0.13867348432540894,0.14201349020004272,0.003340005874633789,0.31303297587574813,0.003892841946212562,acinar,0
0.17153382301330566,0.185649573802948,0.014115750789642334,0.6252871871967451,0.017333755021854292,acinar,0
0.13163822889328003,0.13851439952850342,0.006876170635223389,0.5881402856226812,0.00798175922088543,acinar,0
0.1338379979133606,0.140652596950531,0.00681459903717041,0.6270801880600175,0.007929969896910392,acinar,0
0.19078528881072998,0.1947317123413086,0.003946423530578613,0.7449944744843481,0.004900756171651557,acinar,0
0.13971251249313354,0.15723061561584473,0.01751810312271118,1.3529671906724035,0.020786354425430805,acinar,0
0.167153000831604,0.17029178142547607,0.0031387805938720703,0.8240370489306348,0.0037829932542606808,acinar,0
0.18743795156478882,0.20487117767333984,0.017433226108551025,0.45648555422431575,0.021925033553102657,acinar,0
0.14308851957321167,0.15315485000610352,0.010066330432891846,0.766656996268952,0.011886860818609396,acinar,0
0.1542704701423645,0.15822982788085938,0.003959357738494873,1.6886017067234145,0.004703608977409195,acinar,0
0.18996983766555786,0.20608484745025635,0.016115009784698486,0.3847361273774415,0.02029815117263275,acinar,0
0.17889255285263062,0.18086588382720947,0.0019733309745788574,0.5890499946568878,0.002409045033795903,acinar,0
0.14568543434143066,0.15139168500900269,0.0057062506675720215,0.5361120840915278,0.006724245528554075,acinar,0
0.26702791452407837,0.26555848121643066,-0.001469433307647705,1.1099531846567718,-0.0020007492360746134,acinar,0
0.23145341873168945,0.23637425899505615,0.004920840263366699,1.2350363907514281,0.006444047128231683,acinar,0
0.2736539840698242,0.28366363048553467,0.01000964641571045,1.48017524470781,0.01397338853881594,acinar,0
0.2542932629585266,0.24183863401412964,-0.012454628944396973,4.983649257109278,-0.01642741176636147,acinar,0
0.3479825258255005,0.34369897842407227,-0.004283547401428223,2.76188320034077,-0.006526802885575971,acinar,0
0.20420318841934204,0.21218478679656982,0.007981598377227783,1.542600605554923,0.01013130775270618,acinar,0
0.1761898398399353,0.1830223798751831,0.006832540035247803,1.3774626662612703,0.008363191190235953,acinar,0
0.1735500693321228,0.17059087753295898,-0.0029591917991638184,0.7892811976404464,-0.0035678312656627557,acinar,0
0.19930881261825562,0.19512414932250977,-0.00418466329574585,1.5629590555690704,-0.0051991413237500944,acinar,0
0.2803119421005249,0.2761737108230591,-0.00413823127746582,2.5097532281329995,-0.005717160787530088,acinar,0
0.2216288447380066,0.23349934816360474,0.011870503425598145,1.0247721591972845,0.015486618826948928,acinar,0
0.19777166843414307,0.19613146781921387,-0.0016402006149291992,1.4836156592461036,-0.002040384153960546,acinar,0
0.14529109001159668,0.15322834253311157,0.007937252521514893,0.5665519417986776,0.009373545337191763,acinar,0
0.20619475841522217,0.21362382173538208,0.007429063320159912,0.6595039873656838,0.009447213083888727,acinar,0
0.19513928890228271,0.2187991738319397,0.023659884929656982,0.6188692155449437,0.030286559021850054,acinar,0
0.24201565980911255,0.25767403841018677,0.01565837860107422,1.2198724027672545,0.021093669642833483,acinar,0
0.33782970905303955,0.3357785940170288,-0.002051115036010742,3.3907634331190155,-0.0030879989978271297,acinar,0
0.19960957765579224,0.19359064102172852,-0.006018936634063721,2.392705169401556,-0.007463872494845264,acinar,0
0.21900224685668945,0.20775043964385986,-0.01125180721282959,1.1208171822360897,-0.01420235210704511,acinar,0
0.17077815532684326,0.1658698320388794,-0.004908323287963867,1.477365094392103,-0.005884361310131451,acinar,0
0.2270391583442688,0.23340171575546265,0.006362557411193848,1.5887947982731971,0.00829972821745092,acinar,0
0.14500951766967773,0.15577775239944458,0.010768234729766846,0.5027134881625261,0.012755213168537399,acinar,0
0.1638081669807434,0.1591241955757141,-0.004683971405029297,1.2152619625717322,-0.005570348653611487,acinar,0
0.15565448999404907,0.16722840070724487,0.0115739107131958,0.3906780694721168,0.013898061272772912,acinar,0
0.14240914583206177,0.1428319811820984,0.0004228353500366211,0.927473862917431,0.0004932934276056432,acinar,0
0.15949267148971558,0.15821552276611328,-0.001277148723602295,0.9045028525723673,-0.0015171920582320786,acinar,0
0.20134979486465454,0.19701123237609863,-0.004338562488555908,3.8269987504246608,-0.00540301765539512,acinar,0
0.2558913826942444,0.2645127773284912,0.008621394634246826,2.288614993040803,0.01172201823293592,acinar,0
0.1921054720878601,0.19527369737625122,0.0031682252883911133,1.1301612324547667,0.003937022162766839,acinar,0
0.2783145308494568,0.27822011709213257,-9.441375732421875e-05,1.4834712971618012,-0.00013080685616208886,acinar,0
0.2901286482810974,0.3054177165031433,0.015289068222045898,2.2004255131744226,0.02201188913871151,acinar,0
0.21635305881500244,0.21342545747756958,-0.0029276013374328613,1.0319177951447185,-0.0037219629916377265,acinar,0
0.17335999011993408,0.1713445782661438,-0.002015411853790283,0.4971570529772621,-0.0024321470673217705,acinar,0
0.23147475719451904,0.26118385791778564,0.0297091007232666,0.6483552868350968,0.04021176451226023,acinar,0
0.2174120545387268,0.21622979640960693,-0.001182258129119873,2.750743853253031,-0.0015084244383162773,acinar,0
0.20449113845825195,0.19734090566635132,-0.007150232791900635,0.6286768540510271,-0.008908181371615323,acinar,0
0.22088295221328735,0.23528039455413818,0.01439744234085083,1.9386548125923282,0.018827086736525542,acinar,0
0.15884041786193848,0.16155803203582764,0.00271761417388916,0.8968526356925026,0.0032412668708459583,acinar,0
0.15382683277130127,0.15142947435379028,-0.0023973584175109863,0.6750351681406176,-0.002825172858420144,acinar,0
0.21330386400222778,0.22606587409973145,0.012762010097503662,1.4596459995753723,0.01648978856263564,acinar,0
0.15832531452178955,0.16733497381210327,0.00900965929031372,0.6693857664632026,0.010820268663812749,acinar,0
0.256372332572937,0.2601538300514221,0.0037814974784851074,1.5366987090156705,0.00511119423480686,acinar,0
0.21174538135528564,0.21536773443222046,0.0036223530769348145,0.9054549091765274,0.0046166251834081655,acinar,0
0.2634754180908203,0.27662622928619385,0.013150811195373535,2.141415444650447,0.018179828641556442,acinar,0
0.22128629684448242,0.2282748818397522,0.006988584995269775,0.8261050133006421,0.009055795685295557,acinar,0
0.20512443780899048,0.21078133583068848,0.005656898021697998,1.221965893252481,0.007167719516177611,acinar,0
0.22604870796203613,0.22891467809677124,0.0028659701347351074,1.1157684410611144,0.0037168002727132536,acinar,0
0.20330369472503662,0.2123998999595642,0.009096205234527588,1.272504934277946,0.011549268764771086,acinar,0
0.16880643367767334,0.17344045639038086,0.0046340227127075195,0.9660749296311781,0.005606399137889757,acinar,0
0.2270900011062622,0.24938249588012695,0.022292494773864746,0.44339657552107425,0.029698874128979348,acinar,0
0.23567885160446167,0.25159233808517456,0.01591348648071289,2.491481263211828,0.021263126088257457,acinar,0
0.21552324295043945,0.21956098079681396,0.004037737846374512,1.0433536891173258,0.005173675004738958,acinar,0
0.2259993553161621,0.2431291937828064,0.017129838466644287,1.6622673561143226,0.022632447078066668,acinar,0
0.1938697099685669,0.20109069347381592,0.0072209835052490234,1.8941940931653256,0.009038552243992864,acinar,0
0.25183606147766113,0.26632237434387207,0.014486312866210938,0.7885533826427793,0.019744793025759547,acinar,0
0.2102959156036377,0.218211829662323,0.007915914058685303,1.4801401756131687,0.010125395035417574,acinar,0
0.1758328080177307,0.18086761236190796,0.005034804344177246,0.57585731959312,0.006146508696469363,acinar,0
0.1826959252357483,0.1843583583831787,0.00166243314743042,1.0653133126216028,0.002038190625156202,acinar,0
0.20731139183044434,0.21962904930114746,0.012317657470703125,1.822122418325809,0.015784361859795246,acinar,0
0.1838475465774536,0.19285732507705688,0.009009778499603271,0.7570438772172802,0.01116255995318724,acinar,0
0.2331477403640747,0.26780498027801514,0.03465723991394043,1.8074749252076818,0.04733334559841696,acinar,0
0.209430992603302,0.22250324487686157,0.01307225227355957,1.0211481363146389,0.016813256373641342,acinar,0
0.2093590497970581,0.20995348691940308,0.0005944371223449707,1.6522529992337516,0.000752407753851233,acinar,0
0.16284704208374023,0.166742205619812,0.0038951635360717773,1.9411527551252359,0.004674619982365917,acinar,0
0.20166754722595215,0.20110255479812622,-0.0005649924278259277,0.6158633923506699,-0.0007072152141920538,acinar,0
0.21592235565185547,0.21232390403747559,-0.003598451614379883,0.905751373303709,-0.004568440800507786,acinar,0
0.25532716512680054,0.2618194818496704,0.006492316722869873,2.050626842044827,0.00879502582801531,acinar,0
0.21372956037521362,0.22623378038406372,0.012504220008850098,1.5320656171562255,0.0161602040666193,acinar,0
0.17852354049682617,0.1851220726966858,0.006598532199859619,0.6248335228285673,0.008097571401518048,acinar,0
0.2768282890319824,0.28613221645355225,0.009303927421569824,2.25214908624334,0.013033124110670088,acinar,0
0.18981236219406128,0.1938464641571045,0.004034101963043213,0.8182668659247043,0.0050041360406926074,acinar,0
0.2214769721031189,0.21062272787094116,-0.010854244232177734,1.8117197132444958,-0.013750388585298824,acinar,0
0.17674654722213745,0.17766952514648438,0.0009229779243469238,0.611599991382162,0.0011223929461100623,acinar,0
0.26759541034698486,0.27180176973342896,0.004206359386444092,1.6248291109491797,0.0057763933110689825,acinar,0
0.1533421277999878,0.1578906774520874,0.004548549652099609,0.4531277029351047,0.005401376674393502,acinar,0
0.17133980989456177,0.1696866750717163,-0.001653134822845459,0.9301701149825102,-0.0019909771085370024,acinar,0
0.19637399911880493,0.19218969345092773,-0.004184305667877197,1.2419672957087364,-0.0051798121835711095,acinar,0
0.21403765678405762,0.21626144647598267,0.002223789691925049,1.1410035284681705,0.0028374126574811937,acinar,0
0.15363049507141113,0.15648072957992554,0.0028502345085144043,0.552998206220748,0.0033789797203980666,acinar,0
0.197831392288208,0.20518481731414795,0.007353425025939941,1.2694431092349399,0.009251742022706627,acinar,0
0.1475631594657898,0.1582213044166565,0.0106581449508667,0.5771110140578944,0.012661457229540266,acinar,0
0.16272491216659546,0.1752879023551941,0.012562990188598633,0.4365511930172247,0.015233182857964295,acinar,0
0.16718262434005737,0.1683925986289978,0.0012099742889404297,0.5220898781798294,0.0014549825878721683,acinar,0
0.21245241165161133,0.21795016527175903,0.005497753620147705,3.290115998356344,0.007029927475220491,acinar,0
0.19195842742919922,0.2078547477722168,0.015896320343017578,0.8955187924872953,0.02006743119183217,acinar,0
0.2368934154510498,0.2415860891342163,0.004692673683166504,2.296129476285476,0.006187483662858295,acinar,0
0.14678740501403809,0.15192115306854248,0.0051337480545043945,0.7377966487111514,0.006053385334488019,acinar,0
0.23857057094573975,0.23965513706207275,0.0010845661163330078,1.4299158235106877,0.0014264134200135303,acinar,0
0.1462213397026062,0.1516878604888916,0.0054665207862854,0.24382502435507716,0.0064439968870842945,acinar,0
0.16696679592132568,0.16995924711227417,0.0029924511909484863,0.4505494036528696,0.0036051858665224544,acinar,0
0.18230676651000977,0.18296414613723755,0.0006573796272277832,1.7122386842655004,0.0008045909174240513,acinar,0
0.15783584117889404,0.17102909088134766,0.013193249702453613,0.6294156444336348,0.01591521434266065,acinar,0
0.11493998765945435,0.1058962345123291,-0.009043753147125244,0.960159678652554,-0.010114880952539677,acinar,0
0.12124532461166382,0.12069034576416016,-0.0005549788475036621,0.6512352413410468,-0.0006311529105022326,acinar,0
0.16935259103775024,0.17589527368545532,0.006542682647705078,1.2434481158105841,0.00793913981899415,acinar,0
0.23089200258255005,0.24467384815216064,0.013781845569610596,1.585411983870977,0.0182462179230714,acinar,0
0.1545308232307434,0.16454631090164185,0.010015487670898438,1.1432288670176347,0.011988082405509986,acinar,0
0.1814941167831421,0.18334883451461792,0.00185471773147583,0.7596276801677418,0.002271126044831475,acinar,0
0.19199377298355103,0.19059264659881592,-0.0014011263847351074,0.7852206710142878,-0.0017310522060955836,acinar,0
0.2045624852180481,0.2201862931251526,0.015623807907104492,0.9132321442606588,0.0200353081375267,acinar,0
0.19670557975769043,0.20583409070968628,0.00912851095199585,1.2602314913158206,0.011494463367425722,acinar,0
0.3171514868736267,0.305425763130188,-0.01172572374343872,3.115850344069855,-0.016881886947437325,acinar,0
0.19043505191802979,0.1864493489265442,-0.003985702991485596,1.1965925934548447,-0.004899145475732309,acinar,0
0.1771572232246399,0.17630153894424438,-0.0008556842803955078,0.4596784722559287,-0.001038831952288408,acinar,0
0.1826726794242859,0.18138962984085083,-0.0012830495834350586,1.4545757658147767,-0.001567350757095364,acinar,0
0.2541104555130005,0.24816876649856567,-0.0059416890144348145,0.9633747460531272,-0.007902955809328555,acinar,0
0.19072240591049194,0.19614404439926147,0.005421638488769531,0.8464355294237529,0.006744539803425138,acinar,0
0.17587649822235107,0.17317509651184082,-0.002701401710510254,0.639580315793486,-0.0032671992571991276,acinar,0
0.1794193983078003,0.18318766355514526,0.0037682652473449707,1.001201713415627,0.00461337944985773,acinar,0
0.24905872344970703,0.2442561388015747,-0.004802584648132324,2.1512517854926183,-0.006354778245259707,acinar,0
0.21477991342544556,0.20131289958953857,-0.013467013835906982,2.2748019602088507,-0.01686143901533656,acinar,0
0.17631638050079346,0.17769312858581543,0.0013767480850219727,0.3684982848116568,0.0016742509796303573,acinar,0
0.15449237823486328,0.15985047817230225,0.005358099937438965,1.3340684357832495,0.006377555183013997,acinar,0
0.14493000507354736,0.14896023273468018,0.0040302276611328125,0.34582132376493063,0.004735651395096735,acinar,0
0.27491462230682373,0.2713320255279541,-0.003582596778869629,0.9581651916913684,-0.004916638173189083,acinar,0
0.23767518997192383,0.23266130685806274,-0.005013883113861084,0.9590901083697163,-0.006534120015936234,acinar,0
0.2149893045425415,0.2203613519668579,0.005372047424316406,1.730353082319201,0.006890432430291787,acinar,0
0.19904595613479614,0.19983363151550293,0.0007876753807067871,1.0289371698594727,0.000984389511644475,acinar,0
0.3218079209327698,0.3262190818786621,0.004411160945892334,1.6579800707890318,0.006546877222631511,acinar,0
0.17724847793579102,0.18193542957305908,0.004686951637268066,0.5758221094186289,0.00572931747285179,acinar,0
0.34881591796875,0.31600451469421387,-0.03281140327453613,5.005575506175989,-0.047970204452252356,acinar,0
0.11996698379516602,0.11566835641860962,-0.0042986273765563965,1.3328404152942963,-0.004860877033810187,acinar,0
0.19706660509109497,0.1907343864440918,-0.006332218647003174,1.023994730091848,-0.00782464810185057,acinar,0
0.12707358598709106,0.11880481243133545,-0.008268773555755615,0.5530707841980378,-0.009383589098540436,acinar,0
0.22339963912963867,0.22338557243347168,-1.4066696166992188e-05,1.1669195348846086,-1.8112844247652316e-05,acinar,0
0.2055085301399231,0.22797363996505737,0.022465109825134277,1.311262569687201,0.02909888960801479,acinar,0
0.22249996662139893,0.23127508163452148,0.008775115013122559,0.8879129431250146,0.011415156193688734,acinar,0
0.16433662176132202,0.16944736242294312,0.005110740661621094,0.5727852499739744,0.006153421746429563,acinar,0
0.16180956363677979,0.16343367099761963,0.0016241073608398438,1.1129110123956347,0.0019413969992990508,acinar,0
0.1739135980606079,0.17588233947753906,0.0019687414169311523,2.6614000605854327,0.0023889081756639473,acinar,0
0.14421957731246948,0.14077651500701904,-0.0034430623054504395,1.0831862728601174,-0.004007179000092818,acinar,0
0.15912753343582153,0.15983980894088745,0.000712275505065918,1.4467604891404156,0.0008477853540858891,acinar,0
0.106312096118927,0.10855937004089355,0.0022472739219665527,2.0386401014451407,0.0025209462598419405,acinar,0
0.07589280605316162,0.07610416412353516,0.00021135807037353516,3.094259120062891,0.0002287682898505845,acinar,0
0.10843712091445923,0.11038380861282349,0.0019466876983642578,2.710994210155368,0.002188233214740384,acinar,0
0.10377049446105957,0.10849803686141968,0.004727542400360107,1.5973133216161775,0.005302896231116017,acinar,0
0.10267752408981323,0.10666686296463013,0.0039893388748168945,1.8773991587408223,0.004465678826217037,acinar,0
0.09834349155426025,0.09850484132766724,0.00016134977340698242,3.531070006927898,0.00017898018847334527,acinar,0
0.10067111253738403,0.10276693105697632,0.002095818519592285,2.0739149109603927,0.002335868563183079,acinar,0
0.11647337675094604,0.1188463568687439,0.0023729801177978516,3.016378478934721,0.0026930378558786415,acinar,0
0.11063969135284424,0.12567245960235596,0.015032768249511719,1.1755380065075762,0.0171935202254693,acinar,0
0.10274440050125122,0.10969704389572144,0.006952643394470215,4.014693330304403,0.007809300583357686,acinar,0
0.11515510082244873,0.11993259191513062,0.004777491092681885,4.725034311113363,0.0054285513232199675,acinar,0
0.11709606647491455,0.12078261375427246,0.00368654727935791,3.027586701543874,0.004192987237319688,acinar,0
0.14796143770217896,0.16280388832092285,0.014842450618743896,2.709204048358155,0.017728762008910836,acinar,0
0.10960817337036133,0.11022603511810303,0.0006178617477416992,4.092250347838439,0.0006944030418149067,acinar,0
0.09876751899719238,0.10027158260345459,0.001504063606262207,4.550159097948275,0.0016716862301786202,acinar,0
0.08703315258026123,0.08796542882919312,0.0009322762489318848,3.8353463064633906,0.001022193980799536,acinar,0
0.0804358720779419,0.08073759078979492,0.00030171871185302734,2.022773965918011,0.00032821826371890096,acinar,0
0.09491837024688721,0.09600120782852173,0.0010828375816345215,3.3846808201094993,0.0011978307836379492,acinar,0
0.08115541934967041,0.08307486772537231,0.0019194483757019043,4.180863566372204,0.0020933534354547626,acinar,0
0.09975194931030273,0.10422021150588989,0.004468262195587158,2.2434439615496546,0.004988125712345806,acinar,0
0.1252647042274475,0.13045132160186768,0.005186617374420166,5.9000081475563135,0.00596472342868126,acinar,0
0.09469062089920044,0.09547257423400879,0.0007819533348083496,1.7871924818341398,0.0008644882537930336,acinar,0
0.12691402435302734,0.1314234733581543,0.004509449005126953,7.015462035186501,0.00519176936839603,acinar,0
0.11337751150131226,0.12343800067901611,0.010060489177703857,4.134842290883642,0.011477213460653177,acinar,0
0.09920257329940796,0.10442531108856201,0.005222737789154053,4.168841583555741,0.00583171661037254,acinar,0
0.13106197118759155,0.14143973588943481,0.010377764701843262,4.855823868093675,0.012087403919856715,acinar,0
0.10049355030059814,0.10540103912353516,0.004907488822937012,2.05886954383926,0.005485685807335391,acinar,0
0.1396844983100891,0.1440744400024414,0.004389941692352295,5.8859104112492115,0.005128882577551273,acinar,0
0.1751241683959961,0.1823694109916687,0.007245242595672607,1.5989610252087718,0.0088612665586057,acinar,0
0.12277120351791382,0.12561100721359253,0.002839803695678711,4.111496180031903,0.00324775782758785,acinar,0
0.10069668292999268,0.10349076986312866,0.0027940869331359863,3.9512205867345314,0.0031166292986290938,acinar,0
0.08660286664962769,0.08914470672607422,0.002541840076446533,4.202949280304627,0.0027906080089959073,acinar,0
0.16231364011764526,0.17820322513580322,0.01588958501815796,6.364295730588658,0.019335175683530444,acinar,0
0.12960708141326904,0.14578378200531006,0.016176700592041016,3.6064452066569124,0.018937477714970726,acinar,0
0.1261621117591858,0.12539976835250854,-0.0007623434066772461,2.3002853288992497,-0.0008716478444571341,acinar,0
0.1156301498413086,0.12481939792633057,0.009189248085021973,1.9587146428242141,0.010499830621529767,acinar,0
0.16678285598754883,0.1693745255470276,0.0025916695594787598,4.8828964662552234,0.00312014215695174,acinar,0
0.15206879377365112,0.15865767002105713,0.006588876247406006,3.7055087094157355,0.007831385647232217,acinar,0
0.10080111026763916,0.10267114639282227,0.0018700361251831055,2.4441391838055164,0.0020840031139818314,acinar,0
0.06457746028900146,0.061925411224365234,-0.0026520490646362305,2.366375017496861,-0.0028271196090042874,acinar,0
0.12292027473449707,0.12370020151138306,0.0007799267768859863,3.747102652245323,0.0008900227732919164,acinar,0
0.15583831071853638,0.15015864372253418,-0.005679666996002197,8.85088350624418,-0.006683208523624538,acinar,0
0.12286370992660522,0.12713676691055298,0.004273056983947754,5.978864486945874,0.004895448475729153,acinar,0
0.10081011056900024,0.10745656490325928,0.006646454334259033,2.6119217033306095,0.007446645253223603,acinar,0
0.14128625392913818,0.147735595703125,0.006449341773986816,4.860686284226935,0.007567301580907366,acinar,0
0.17035198211669922,0.1830209493637085,0.012668967247009277,2.1702089735560506,0.015507089486740509,acinar,0
0.07934141159057617,0.07879066467285156,-0.0005507469177246094,1.9908431074124635,-0.0005978520805252402,acinar,0
0.10123848915100098,0.1070055365562439,0.00576704740524292,3.87365280427826,0.006458099844205975,acinar,0
0.11325657367706299,0.12239712476730347,0.009140551090240479,2.0752881381544355,0.010415361376085806,acinar,0
0.1100999116897583,0.11506718397140503,0.0049672722816467285,2.398778151330277,0.005613163159593146,acinar,0
0.11968010663986206,0.12413102388381958,0.0044509172439575195,3.3651035131457028,0.005081715833450326,acinar,0
0.17459726333618164,0.17332351207733154,-0.0012737512588500977,2.562844330094811,-0.0015408098300350485,acinar,0
0.11047929525375366,0.1121283769607544,0.0016490817070007324,4.248468644922069,0.0018573425078682122,acinar,0
0.08976191282272339,0.08971250057220459,-4.941225051879883e-05,2.364410741992568,-5.428202688695522e-05,acinar,0
0.11277240514755249,0.11297440528869629,0.00020200014114379883,2.324345287038097,0.00022772752257452382,acinar,0
0.11416542530059814,0.11494672298431396,0.0007812976837158203,3.988793076825927,0.00088276909877141,acinar,0
0.15557587146759033,0.1608157753944397,0.005239903926849365,6.300461739271814,0.006244044839275029,acinar,0
0.14855509996414185,0.16906636953353882,0.020511269569396973,2.2615897902709823,0.024684606348021516,acinar,0
0.17705607414245605,0.1916738748550415,0.01461780071258545,2.251193082751683,0.01808403843184459,acinar,0
0.1429154872894287,0.14469408988952637,0.0017786026000976562,3.2591624616988413,0.0020794929382259584,acinar,0
0.09236407279968262,0.09259945154190063,0.00023537874221801758,2.166150645370711,0.000259398941975498,acinar,0
0.10537320375442505,0.10815620422363281,0.0027830004692077637,3.4266495141331847,0.003120502135449749,acinar,0
0.08638167381286621,0.08636397123336792,-1.7702579498291016e-05,1.833887652175787,-1.9375964761578755e-05,acinar,0
0.09306985139846802,0.09522122144699097,0.0021513700485229492,3.2356895595857473,0.0023777857079755826,acinar,0
0.0933375358581543,0.09509247541427612,0.0017549395561218262,4.420605284322704,0.0019393578994994609,acinar,0
0.09834986925125122,0.10075777769088745,0.0024079084396362305,4.117755351145297,0.00267770838590419,acinar,0
0.10519760847091675,0.10539555549621582,0.00019794702529907227,2.8301944905377048,0.00022126765244148634,acinar,0
0.11084127426147461,0.11222851276397705,0.0013872385025024414,4.3265628252322195,0.0015626076332113943,acinar,0
0.09096992015838623,0.08910775184631348,-0.001862168312072754,2.4804784546091567,-0.0020443343500257424,acinar,0
0.1100848913192749,0.1112871766090393,0.0012022852897644043,2.6323773789277025,0.0013528389127738483,acinar,0
0.1499902606010437,0.15534722805023193,0.005356967449188232,5.225328423001688,0.00634221259562363,acinar,0
0.09574156999588013,0.1006210446357727,0.004879474639892578,2.4371168780083505,0.00542538227161042,acinar,0
0.12013721466064453,0.12358438968658447,0.0034471750259399414,2.6429226998233246,0.003933265205884677,acinar,0
0.0913156270980835,0.09240943193435669,0.0010938048362731934,3.1730280766147607,0.0012051743096057404,acinar,0
0.098635733127594,0.09974151849746704,0.0011057853698730469,3.473080370699208,0.001228297641836697,acinar,0
0.12146908044815063,0.12928491830825806,0.007815837860107422,3.1947496342498867,0.008976343725345568,acinar,0
0.13274043798446655,0.15508949756622314,0.022349059581756592,1.098079209620587,0.02645139280122546,acinar,0
0.1017160415649414,0.10163295269012451,-8.308887481689453e-05,3.157472814359901,-9.248878291529156e-05,acinar,0
0.09761762619018555,0.10088926553726196,0.003271639347076416,3.376318903557255,0.003638750180233782,acinar,0
0.10707968473434448,0.10587632656097412,-0.0012033581733703613,2.9503792879085133,-0.0013458520438698837,acinar,0
0.08164048194885254,0.08382493257522583,0.002184450626373291,3.319455493760022,0.002384315731832173,acinar,0
0.09705096483230591,0.09783530235290527,0.0007843375205993652,2.6692126531515417,0.0008693950479828898,acinar,0
0.10676980018615723,0.11495077610015869,0.008180975914001465,3.111700644368472,0.009243526453763981,acinar,0
0.1053931713104248,0.1091349720954895,0.0037418007850646973,3.493327826446796,0.004200188207933302,acinar,0
0.09258037805557251,0.09438478946685791,0.0018044114112854004,3.1292488015381226,0.001992470301181371,acinar,0
0.09465694427490234,0.09682410955429077,0.0021671652793884277,2.28524572390636,0.0023994941653269234,acinar,0
0.0954485535621643,0.09451264142990112,-0.0009359121322631836,3.0386870897061944,-0.0010336004400338951,acinar,0
0.1078447699546814,0.11331242322921753,0.005467653274536133,1.9570398590116502,0.006166380828801863,acinar,0
0.08197540044784546,0.08449393510818481,0.0025185346603393555,4.456490890061482,0.0027509753970193186,acinar,0
0.11024987697601318,0.1168675422668457,0.0066176652908325195,1.5779500955707022,0.007493400602463307,acinar,0
0.07347017526626587,0.07484567165374756,0.0013754963874816895,3.692983661087127,0.0014867750658859697,acinar,0
0.07773417234420776,0.07795554399490356,0.00022137165069580078,2.330647194153096,0.00024008782792852364,acinar,0
0.12091922760009766,0.13379210233688354,0.012872874736785889,8.397940525304257,0.014861183754517528,acinar,0
0.0980193018913269,0.10042089223861694,0.002401590347290039,3.6166184943986273,0.00266968221757221,acinar,0
0.10640281438827515,0.10726666450500488,0.0008638501167297363,3.0432005468199885,0.0009676463086827111,acinar,0
0.11442017555236816,0.11401456594467163,-0.0004056096076965332,2.8515099489604894,-0.00045780618067272147,acinar,0
0.18058186769485474,0.17792093753814697,-0.0026609301567077637,2.831210852351602,-0.003236829981704149,acinar,0
0.11093246936798096,0.11015480756759644,-0.0007776618003845215,3.6855258868201655,-0.000873929316018186,acinar,0
0.08819073438644409,0.08944231271743774,0.0012515783309936523,2.7823035137758754,0.0013745184390555425,acinar,0
0.12597620487213135,0.13380515575408936,0.007828950881958008,5.1014292342496566,0.009038325422929195,acinar,0
0.11973631381988525,0.11751365661621094,-0.0022226572036743164,3.844694733529146,-0.0025186307078156034,acinar,0
0.14868146181106567,0.149283766746521,0.0006023049354553223,2.3104545640931646,0.0007079974636805358,acinar,0
0.24246519804000854,0.2790393829345703,0.03657418489456177,1.7648127173985992,0.050729795815244276,acinar,0
0.1911565065383911,0.20402878522872925,0.012872278690338135,3.1759046308286933,0.016171789194709883,acinar,0
0.2425137162208557,0.2499406933784485,0.0074269771575927734,1.1822252856051136,0.009901853216175231,acinar,0
0.14658522605895996,0.15413576364517212,0.007550537586212158,2.3782296267943597,0.008926417812331784,acinar,0
0.1418318748474121,0.14300066232681274,0.0011687874794006348,3.304944391742109,0.0013638137487643502,acinar,0
0.13069403171539307,0.13443255424499512,0.0037385225296020508,3.2283257567145465,0.004319157967339062,acinar,0
0.1742050051689148,0.17803359031677246,0.003828585147857666,1.8717883784299905,0.00465783650372421,acinar,0
0.13959771394729614,0.14443671703338623,0.004839003086090088,4.495725099137229,0.005655926548543713,acinar,0
0.2392382025718689,0.24789690971374512,0.00865870714187622,2.303969331975854,0.011512659971361992,acinar,0
0.21653670072555542,0.22175663709640503,0.005219936370849609,3.695627010097227,0.006707331690403674,acinar,0
0.11564606428146362,0.12140119075775146,0.005755126476287842,3.9833204041293433,0.00655034631933018,acinar,0
0.17770540714263916,0.17902439832687378,0.0013189911842346191,3.397291663722637,0.001606614351932689,acinar,0
0.1256403923034668,0.1275755763053894,0.0019351840019226074,1.4512228457901633,0.002218168072057566,acinar,0
0.13396507501602173,0.13639062643051147,0.002425551414489746,4.358475921847887,0.002808620990835713,acinar,0
0.14885449409484863,0.37551313638687134,0.2266586422920227,0.40982969474811043,0.3629518177222033,acinar,0
0.12491655349731445,0.13458776473999023,0.009671211242675781,8.258510443668579,0.011175265207303319,acinar,0
0.11383813619613647,0.11285287141799927,-0.000985264778137207,2.3594935012069116,-0.0011105990724582918,acinar,0
0.13583910465240479,0.13615703582763672,0.0003179311752319336,3.2948947879791146,0.0003680427906668654,acinar,0
0.1108931303024292,0.11487382650375366,0.003980696201324463,2.666527942616486,0.004497320631250482,acinar,0
0.10847723484039307,0.10998106002807617,0.0015038251876831055,1.4368208909940323,0.0016896552647863252,acinar,0
0.10291081666946411,0.11181426048278809,0.008903443813323975,3.193446553455939,0.010024303945888153,acinar,0
0.15786415338516235,0.1588362455368042,0.0009720921516418457,4.135773410564236,0.001155651496493931,acinar,0
0.10368537902832031,0.10440230369567871,0.0007169246673583984,3.014153187611305,0.0008004985612589044,acinar,0
0.10185164213180542,0.1052507758140564,0.0033991336822509766,3.8153686463944947,0.003798979189217582,acinar,0
0.10345876216888428,0.10885179042816162,0.005393028259277344,4.1187544936928555,0.006051774779268738,acinar,0
0.120231032371521,0.12493842840194702,0.004707396030426025,3.2602473480925904,0.0053795026352594765,acinar,0
0.09863150119781494,0.09672361612319946,-0.0019078850746154785,2.5852293528114703,-0.0021121830578886233,acinar,0
0.12814319133758545,0.14356064796447754,0.01541745662689209,3.676260789304653,0.018001807822409146,acinar,0
0.1279783844947815,0.136335551738739,0.00835716724395752,2.3611850479028837,0.009676405299282913,acinar,0
0.17288875579833984,0.1737716794013977,0.0008829236030578613,6.029030897630634,0.0010686193889095732,acinar,0
0.12430387735366821,0.14006567001342773,0.01576179265975952,3.0272588405215317,0.01832906549969419,acinar,0
0.10663914680480957,0.12927275896072388,0.022633612155914307,3.3700972059560472,0.025993917600303222,acinar,0
0.11925256252288818,0.13154280185699463,0.012290239334106445,5.767583012530088,0.014151807780954866,acinar,0
0.16708719730377197,0.18359613418579102,0.016508936882019043,1.9253251591343128,0.0202215319810551,acinar,0
0.0925409197807312,0.09687435626983643,0.004333436489105225,2.5327950981919294,0.004798265356752478,acinar,0
0.10297274589538574,0.1023833155632019,-0.0005894303321838379,3.46493834277265,-0.0006566615153256324,acinar,0
0.12230300903320312,0.12424582242965698,0.0019428133964538574,1.6805007750541443,0.002218446050516048,acinar,0
0.10141295194625854,0.10259807109832764,0.0011851191520690918,1.3651840198931728,0.0013206113268773064,acinar,0
0.12772583961486816,0.13155120611190796,0.003825366497039795,1.5728189313427994,0.004404826771551404,acinar,0
0.18453896045684814,0.20081573724746704,0.016276776790618896,4.4038314395578455,0.020366738372148092,acinar,0
0.1298130750656128,0.13045942783355713,0.0006463527679443359,6.331691581262225,0.000743326750509135,acinar,0
0.14084464311599731,0.1463978886604309,0.005553245544433594,7.342843679342086,0.006505660506999932,acinar,0
0.2111886739730835,0.22708219289779663,0.015893518924713135,21.322692942032248,0.02056301301208283,acinar,0
0.10087829828262329,0.10116446018218994,0.0002861618995666504,2.114348313271737,0.0003183695869709982,acinar,0
0.09167635440826416,0.09168374538421631,7.3909759521484375e-06,2.6745983267506794,8.137007253354515e-06,acinar,0
0.09066927433013916,0.09209614992141724,0.0014268755912780762,2.4691522035975555,0.0015716153105359938,acinar,0
0.12558281421661377,0.12921470403671265,0.003631889820098877,4.376811984627754,0.004170821254028156,acinar,0
0.1913096308708191,0.19483351707458496,0.003523886203765869,2.929508146133427,0.004376593261759379,acinar,0
0.1905842423439026,0.19299745559692383,0.0024132132530212402,3.495322626462914,0.0029903415667744226,acinar,0
0.12218701839447021,0.12492018938064575,0.002733170986175537,3.979225715438146,0.0031233390977687897,acinar,0
0.0783153772354126,0.08165287971496582,0.0033375024795532227,2.664522842249982,0.0036342494094360935,acinar,0
0.30007022619247437,0.3021397590637207,0.002069532871246338,6.9163021033018,0.0029655405908635283,acinar,0
0.14154052734375,0.1497371792793274,0.008196651935577393,5.262935368384348,0.009640139184999301,acinar,0
0.19062209129333496,0.19579166173934937,0.005169570446014404,9.90570836368423,0.006428148279580388,acinar,0
0.11472469568252563,0.11482363939285278,9.894371032714844e-05,1.96167618803276,0.0001117785276815147,acinar,0
0.09851264953613281,0.09969282150268555,0.0011801719665527344,1.1583757050978667,0.001310854777946497,acinar,0
0.09607261419296265,0.10076475143432617,0.004692137241363525,3.654690321475675,0.005217919614303069,acinar,0
0.07458442449569702,0.07564961910247803,0.0010651946067810059,3.898361906594006,0.0011523710367779883,acinar,0
0.1257108449935913,0.1336870789527893,0.007976233959197998,4.0512601623844455,0.009207104921806106,acinar,0
0.10034757852554321,0.10743755102157593,0.007089972496032715,2.2980785594208255,0.007943390968494689,acinar,0
0.12006586790084839,0.12233847379684448,0.0022726058959960938,1.9473430316889597,0.00258938762626134,acinar,0
0.1788780689239502,0.1940060257911682,0.015127956867218018,3.7735416848475167,0.018769317577178795,acinar,0
0.09984427690505981,0.10381823778152466,0.003973960876464844,4.2294527996483415,0.004434324647075392,acinar,0
0.22079241275787354,0.22175610065460205,0.0009636878967285156,2.2098633938380843,0.001238285192520108,acinar,0
0.10002756118774414,0.10020488500595093,0.0001773238182067871,3.612857373299697,0.0001970713279633218,acinar,0
0.11469578742980957,0.11867278814315796,0.003977000713348389,2.4365055106096696,0.004512513241216465,acinar,0
0.129569411277771,0.13641518354415894,0.0068457722663879395,8.61919697018371,0.007927156818809115,acinar,0
0.18518561124801636,0.18099874258041382,-0.004186868667602539,1.6896393062991826,-0.005112163906553743,acinar,0
0.18957340717315674,0.22817713022232056,0.03860372304916382,0.5102028029458023,0.05001629850678494,acinar,0
0.1257840394973755,0.13052582740783691,0.004741787910461426,1.7189460779923122,0.005453627100072145,acinar,0
0.10135114192962646,0.10526227951049805,0.003911137580871582,5.504087132273121,0.004371267122539372,acinar,0
0.12312805652618408,0.121981680393219,-0.0011463761329650879,4.144182459832891,-0.0013056403350199918,acinar,0
0.15413248538970947,0.15780609846115112,0.0036736130714416504,5.570698642172663,0.004361956391193594,acinar,0
0.12206071615219116,0.1408618688583374,0.01880115270614624,2.0569272946386374,0.02188373676438083,acinar,0
0.13428747653961182,0.15118342638015747,0.016895949840545654,2.084043408721035,0.019905301528799792,acinar,0
0.11715787649154663,0.12169837951660156,0.004540503025054932,2.2141941460988077,0.005169639812978981,acinar,0
0.11369025707244873,0.11846399307250977,0.004773736000061035,2.307879239925053,0.005415247888398158,acinar,0
0.13908159732818604,0.1538962721824646,0.014814674854278564,2.4442986783122276,0.017509289189035923,acinar,0
0.1563538908958435,0.16551589965820312,0.00916200876235962,3.7748575592929927,0.010979249045736097,acinar,0
0.1879599690437317,0.1922837495803833,0.004323780536651611,2.1286937397460997,0.005353093409232962,acinar,0
0.12213724851608276,0.12488710880279541,0.0027498602867126465,9.131909612388261,0.0031422920566861723,acinar,0
0.10992372035980225,0.10836166143417358,-0.0015620589256286621,2.3343843688016555,-0.0017518974432404815,acinar,0
0.08736461400985718,0.09061568975448608,0.0032510757446289062,4.725099983541521,0.0035750295095273712,acinar,0
0.10649412870407104,0.11315590143203735,0.006661772727966309,2.7959642736794588,0.0075117743228189145,acinar,0
0.09708917140960693,0.09586948156356812,-0.0012196898460388184,2.0667560276575276,-0.0013490196616171108,acinar,0
0.1293620467185974,0.13928520679473877,0.009923160076141357,2.42117954061407,0.011528975863407643,acinar,0
0.13785016536712646,0.1533726453781128,0.015522480010986328,1.1892873113278424,0.018334489106980052,acinar,0
0.15419960021972656,0.16684836149215698,0.01264876127243042,1.5125444772568941,0.015181823677480949,acinar,0
0.14113253355026245,0.1429365873336792,0.001804053783416748,9.244526666113769,0.0021049245093829687,acinar,0
0.11177080869674683,0.11258590221405029,0.0008150935173034668,3.3358102636504636,0.0009185041339066859,acinar,0
0.11548638343811035,0.1158478856086731,0.00036150217056274414,4.281106514429994,0.0004088687508388888,acinar,0
0.1534942388534546,0.1533181071281433,-0.0001761317253112793,2.8467224590790874,-0.0002080258557483246,acinar,0
0.1498502492904663,0.163679301738739,0.013829052448272705,4.691609518447693,0.016535585543947164,acinar,0
0.128615140914917,0.1293562650680542,0.000741124153137207,3.1981160807986364,0.0008512369909778738,acinar,0
0.12180763483047485,0.12385576963424683,0.0020481348037719727,2.7743068820249115,0.002337668539935443,acinar,0
0.13714748620986938,0.14116090536117554,0.004013419151306152,2.8821579015274352,0.00467307459145645,acinar,0
0.15883749723434448,0.16164255142211914,0.002805054187774658,6.3508817330683005,0.0033458928438375737,acinar,0
0.10455530881881714,0.11260664463043213,0.00805133581161499,2.702519176823466,0.009073017915783124,acinar,0
0.1432478427886963,0.1552790403366089,0.012031197547912598,5.812796123029999,0.01424280694148616,acinar,0
0.11727571487426758,0.12903571128845215,0.01175999641418457,1.9838912140521046,0.013502271639152508,acinar,0
0.12229037284851074,0.1309220790863037,0.008631706237792969,2.73031368329897,0.009932027992056353,acinar,0
0.11327153444290161,0.114421546459198,0.0011500120162963867,5.050420581253854,0.0012985998154068697,acinar,0
0.17588716745376587,0.17892658710479736,0.003039419651031494,5.5100376357283904,0.0037017635735081696,acinar,0
0.1368178129196167,0.13596737384796143,-0.0008504390716552734,4.86912280988792,-0.0009842673134262258,acinar,0
0.15054082870483398,0.1470159888267517,-0.0035248398780822754,3.33822261679302,-0.004132363364272194,acinar,0
0.0932275652885437,0.09193766117095947,-0.0012899041175842285,1.4787427168209797,-0.0014205017237556383,acinar,0
0.10950976610183716,0.10734063386917114,-0.0021691322326660156,3.7874913239215986,-0.0024299663622731832,acinar,0
0.18033671379089355,0.18648236989974976,0.006145656108856201,1.6294766578621622,0.0075544227702832555,acinar,0
0.11537814140319824,0.11773282289505005,0.0023546814918518066,3.092514157122323,0.002668898439108209,acinar,0
0.2185865044593811,0.26298975944519043,0.044403254985809326,0.4332221398751893,0.06024781277446466,acinar,0
0.12140166759490967,0.1252550482749939,0.0038533806800842285,3.3873546615849013,0.004405147663310685,acinar,0
0.12090158462524414,0.1248055100440979,0.0039039254188537598,2.6661648428969715,0.004460637565314727,acinar,0
0.13247239589691162,0.1491013765335083,0.01662898063659668,1.3912751714795708,0.019542845854952223,acinar,0
0.11357319355010986,0.11692953109741211,0.003356337547302246,4.730719719475717,0.0038007584507646873,acinar,0
0.0940515398979187,0.09920638799667358,0.005154848098754883,3.1886194500200706,0.00572256289350312,acinar,0
0.0956684947013855,0.1024397611618042,0.006771266460418701,3.7597785211355297,0.007544080238206012,acinar,0
0.13268119096755981,0.14042377471923828,0.007742583751678467,1.8873360498971414,0.00900744288169385,acinar,0
0.14245575666427612,0.15498924255371094,0.012533485889434814,1.7155979254867777,0.014832338853664207,acinar,0
0.15292471647262573,0.15879839658737183,0.005873680114746094,5.831453092398147,0.0069824880158542955,acinar,0
0.1775451898574829,0.19732707738876343,0.019781887531280518,4.6711308308176696,0.024645016636323732,acinar,0
0.11478209495544434,0.11846548318862915,0.0036833882331848145,3.5881190313587323,0.004178382312819838,acinar,0
0.14595675468444824,0.15043574571609497,0.0044789910316467285,6.730606178046532,0.005272103915697413,acinar,0
0.16846740245819092,0.1776968240737915,0.009229421615600586,4.775507804064667,0.011223867164570956,acinar,0
0.13096129894256592,0.1348286271095276,0.00386732816696167,3.53255210890599,0.004470014020506964,acinar,0
0.1504165530204773,0.16423392295837402,0.013817369937896729,4.180705860559384,0.016532580488079016,acinar,0
0.15859001874923706,0.18477225303649902,0.026182234287261963,4.525199451996532,0.0321164660854388,acinar,0
0.12804031372070312,0.13493168354034424,0.006891369819641113,2.4206999336909845,0.007966272360828634,acinar,0
0.1359853744506836,0.1372351050376892,0.0012497305870056152,4.390327480845379,0.001448518123886124,acinar,0
0.18873727321624756,0.2000001072883606,0.011262834072113037,4.7879757746996425,0.014078544478221242,acinar,0
0.20915621519088745,0.21754509210586548,0.008388876914978027,5.22164747346662,0.010721227294177871,acinar,0
0.14990878105163574,0.15104800462722778,0.001139223575592041,6.02068512007385,0.0013419175428073663,acinar,0
0.10795170068740845,0.11428892612457275,0.006337225437164307,3.8580751930051584,0.0071549578909923615,acinar,0
0.15204930305480957,0.15706980228424072,0.005020499229431152,3.9845833831134048,0.00595600827095305,acinar,0
0.1714320182800293,0.1730615496635437,0.0016295313835144043,3.0147514516460916,0.0019705594568149506,acinar,0
0.13223576545715332,0.13295769691467285,0.0007219314575195312,3.57006234318093,0.0008326369485670697,acinar,0
0.10978221893310547,0.11652368307113647,0.006741464138031006,2.881190220711581,0.007630611040560379,acinar,0
0.14767557382583618,0.163837730884552,0.01616215705871582,10.881209005715151,0.019328971965947832,acinar,0
0.14579957723617554,0.14799445867538452,0.0021948814392089844,4.79916727945969,0.002576135169023192,acinar,0
0.1568610668182373,0.161859393119812,0.004998326301574707,2.552049234083761,0.005963589236154521,acinar,0
0.15516304969787598,0.16620737314224243,0.011044323444366455,4.175575033498858,0.013245887632741782,acinar,0
0.1727888584136963,0.18647658824920654,0.013687729835510254,4.038031677669964,0.016825243917753672,acinar,0
0.22730571031570435,0.22223180532455444,-0.005073904991149902,2.3771091162208755,-0.006523672510505767,acinar,0
0.12545567750930786,0.12939518690109253,0.003939509391784668,6.222932884720167,0.004525025973336893,acinar,0
0.15705585479736328,0.15878289937973022,0.0017270445823669434,3.2563869500455755,0.002053030758758364,acinar,0
0.13600635528564453,0.14777904748916626,0.011772692203521729,7.0527985892073275,0.013814131380878095,acinar,0
0.16745686531066895,0.1758122444152832,0.008355379104614258,3.722626986523879,0.01013771321886063,acinar,0
0.1331731081008911,0.14024507999420166,0.007071971893310547,4.787843706895052,0.008225567227068445,acinar,0
0.10553723573684692,0.1062767505645752,0.0007395148277282715,2.0405550806146855,0.0008274539441548952,acinar,0
0.15617507696151733,0.1607067584991455,0.004531681537628174,2.933794280223059,0.0053994019176473495,acinar,0
0.12812185287475586,0.12659770250320435,-0.0015241503715515137,1.6110053952107883,-0.001745072546660098,acinar,0
0.13917654752731323,0.13774973154067993,-0.0014268159866333008,3.3283284480712894,-0.001654758529890346,acinar,0
0.14195507764816284,0.14496493339538574,0.0030098557472229004,3.1904181705159957,0.003520154745436563,acinar,0
0.16155683994293213,0.1664007306098938,0.00484389066696167,2.7688820537053647,0.005810814434261261,acinar,0
0.12145781517028809,0.12388890981674194,0.0024310946464538574,2.2651653807252736,0.00277487030320018,acinar,0
0.17543238401412964,0.17960023880004883,0.0041678547859191895,3.792074072979123,0.005080273036431788,acinar,0
0.14818155765533447,0.14715319871902466,-0.0010283589363098145,7.329660385550282,-0.0012057956185861517,acinar,0
0.17706447839736938,0.18779665231704712,0.010732173919677734,1.6869083890171386,0.013213653883961932,acinar,0
0.1614668369293213,0.16733133792877197,0.005864500999450684,13.78252472468826,0.007043018749934681,acinar,0
0.17059719562530518,0.171139657497406,0.0005424618721008301,2.54059688513189,0.000654467157232984,acinar,0
0.1562921404838562,0.1645786166191101,0.008286476135253906,6.9853252043723275,0.009918917925848555,acinar,0
0.12900322675704956,0.1346542239189148,0.005650997161865234,4.3481512692869995,0.006530334252577112,acinar,0
0.13123953342437744,0.13778698444366455,0.006547451019287109,5.637943525843218,0.007593774277534449,acinar,0
0.12457096576690674,0.12544256448745728,0.0008715987205505371,0.9758900891202719,0.0009966169003408317,acinar,0
0.18517160415649414,0.21151936054229736,0.026347756385803223,3.339903453520042,0.033415857114671266,acinar,0
0.1366249918937683,0.1518527865409851,0.015227794647216797,5.665402567465623,0.017954188147495047,acinar,0
0.12793761491775513,0.13022655248641968,0.0022889375686645508,3.4219367639432723,0.002631648017317535,acinar,0
0.1570010781288147,0.1639690399169922,0.00696796178817749,3.5360313559084346,0.008334573862534535,acinar,0
0.1312575340270996,0.13538384437561035,0.004126310348510742,12.805327013337207,0.004772418745207107,acinar,0
0.09361827373504639,0.09759551286697388,0.00397723913192749,6.161355080887468,0.004407379604863594,acinar,0
0.21442973613739014,0.21777880191802979,0.0033490657806396484,6.610681369283688,0.004281481745638776,acinar,0
0.10542064905166626,0.10949087142944336,0.0040702223777771,3.749712953882261,0.004570668898488005,acinar,0
0.11516928672790527,0.11732327938079834,0.0021539926528930664,4.69565751873003,0.0024402962065001904,acinar,0
0.23421907424926758,0.249517560005188,0.01529848575592041,0.1431618444959504,0.020384868373504072,acinar,0
0.17903560400009155,0.19085949659347534,0.011823892593383789,0.3289436003938688,0.014612904116905,acinar,0
0.2603805661201477,0.256882905960083,-0.0034976601600646973,0.18859818051481694,-0.004706741626746671,acinar,0
0.16860300302505493,0.19360041618347168,0.024997413158416748,0.045570174542522296,0.030998792236609275,acinar,0
0.17504584789276123,0.17089003324508667,-0.0041558146476745605,0.08537372521218298,-0.0050123805216576636,acinar,0
0.17565840482711792,0.17351680994033813,-0.002141594886779785,0.12638186181003422,-0.0025912140894543646,acinar,0
0.17591488361358643,0.18384110927581787,0.007926225662231445,0.05398868247490871,0.009711620803638448,acinar,0
0.196191668510437,0.1863652467727661,-0.009826421737670898,0.23910064216696733,-0.012077190285561158,acinar,0
0.23118478059768677,0.2481287717819214,0.01694399118423462,0.36905995107874784,0.022535762173519495,acinar,0
0.19884353876113892,0.2038339376449585,0.00499039888381958,0.14425483480375362,0.006268037686833939,acinar,0
0.17120623588562012,0.2079237699508667,0.03671753406524658,0.5266546415870211,0.04635606103590428,acinar,0
0.1895068883895874,0.27374643087387085,0.08423954248428345,2.725977156920904,0.11599191531085404,acinar,0
0.20503085851669312,0.24778896570205688,0.04275810718536377,0.1284987428063008,0.0568432331297439,acinar,0
0.17409485578536987,0.1915619969367981,0.017467141151428223,0.15219585091725482,0.021606036684624633,acinar,0
0.17139828205108643,0.2055349349975586,0.03413665294647217,0.14312495652111892,0.0429680982213702,acinar,0
0.1793299913406372,0.20065361261367798,0.02132362127304077,0.35726273510340134,0.026676321566629062,acinar,0
0.16862887144088745,0.18222707509994507,0.013598203659057617,0.10081100143151699,0.016628336846343423,acinar,0
0.21273517608642578,0.2514458894729614,0.038710713386535645,0.11798659504900669,0.05171398145055991,acinar,0
0.17274749279022217,0.20115917921066284,0.028411686420440674,0.48909585359665436,0.03556614244170321,acinar,0
0.17826920747756958,0.21006155014038086,0.03179234266281128,0.21841929325160664,0.04024660740145151,acinar,0
0.1992044448852539,0.2248726487159729,0.025668203830718994,0.07933406824777861,0.03311482143959785,acinar,0
0.14101004600524902,0.1386924386024475,-0.0023176074028015137,2.7591772535836943,-0.0026908011802903226,acinar,0
0.1382284164428711,0.13127702474594116,-0.006951391696929932,3.31273840488655,-0.00800185087184668,acinar,0
0.10661154985427856,0.12497168779373169,0.018360137939453125,1.8912051630557365,0.02098233586655095,acinar,0
0.13867974281311035,0.14494067430496216,0.006260931491851807,2.434829147024946,0.007322218825883908,acinar,0
0.13572633266448975,0.14564335346221924,0.009917020797729492,4.704085021587512,0.011607588982794844,acinar,0
0.17956393957138062,0.185261070728302,0.005697131156921387,3.033741202421694,0.006992584927805156,acinar,0
0.1412503719329834,0.15615683794021606,0.014906466007232666,8.67156454914882,0.01766497220981994,acinar,0
0.15900135040283203,0.1676570177078247,0.008655667304992676,7.444951900684791,0.010399159347936088,acinar,0
0.12098133563995361,0.12650686502456665,0.005525529384613037,9.41241271471285,0.006325784557847086,acinar,0
0.15395259857177734,0.1679079532623291,0.013955354690551758,3.826920204573163,0.016771407376462266,acinar,0
0.16447192430496216,0.18909895420074463,0.02462702989578247,3.2274073760479696,0.030369957004444507,acinar,0
0.15656054019927979,0.163127601146698,0.006567060947418213,5.3489568720434475,0.007847147254965657,acinar,0
0.12278348207473755,0.1461937427520752,0.023410260677337646,3.8238007925787474,0.02741870357426986,acinar,0
0.13366717100143433,0.15873205661773682,0.02506488561630249,7.275311613761922,0.02979417653254532,acinar,0
0.17087876796722412,0.17557179927825928,0.004693031311035156,9.400915255777289,0.005692468194230462,acinar,0
0.1720331311225891,0.18581748008728027,0.013784348964691162,6.455193991000961,0.016930293426305497,acinar,0
0.21029937267303467,0.22023242712020874,0.009933054447174072,3.887268595363723,0.012738481045691481,acinar,0
0.12045389413833618,0.150642991065979,0.030189096927642822,1.728537155095097,0.03554347183822197,acinar,0
0.18431806564331055,0.19800591468811035,0.013687849044799805,2.232320853364517,0.01706726931717545,acinar,0
0.12834763526916504,0.14158684015274048,0.01323920488357544,5.237412200304597,0.015422882013983962,acinar,0
0.15611129999160767,0.17158323526382446,0.015471935272216797,21.935397534695678,0.018676511546871118,acinar,0
0.16800642013549805,0.17421579360961914,0.006209373474121094,1.4934384983013431,0.00751936574479081,acinar,0
0.13323450088500977,0.1345648169517517,0.0013303160667419434,8.147859844394928,0.001537164299302329,acinar,0
0.16402995586395264,0.17698025703430176,0.012950301170349121,4.636317359333026,0.01573510390368468,acinar,0
0.11453717947006226,0.13026726245880127,0.015730082988739014,4.175186834186625,0.01808611118078545,acinar,0
0.1405937671661377,0.13761210441589355,-0.0029816627502441406,7.157600789684585,-0.0034574496760818078,acinar,0
0.14032667875289917,0.15868055820465088,0.01835387945175171,0.9788685732317151,0.021815589346877697,acinar,0
0.18792343139648438,0.20545947551727295,0.017536044120788574,3.2759489071839645,0.022070673024771312,acinar,0
0.1285717487335205,0.14248782396316528,0.013916075229644775,2.0545542287507854,0.016228428725013237,acinar,0
0.11595970392227173,0.1294776201248169,0.013517916202545166,1.897347797322742,0.01552851082873181,acinar,0
0.10702884197235107,0.12432187795639038,0.017293035984039307,2.99590705052253,0.019748164934944093,acinar,0
0.1301485300064087,0.1358901858329773,0.0057416558265686035,3.869221488147001,0.006644590458798801,acinar,0
0.12648481130599976,0.1332988739013672,0.006814062595367432,3.8134407643960158,0.007862067314992704,acinar,0
0.19985157251358032,0.18792593479156494,-0.01192563772201538,2.4291257241199515,-0.01468540645852842,acinar,0
0.21240323781967163,0.22494763135910034,0.012544393539428711,3.425698320716392,0.016185220569580414,acinar,0
0.2535640597343445,0.24453896284103394,-0.009025096893310547,3.860895391078087,-0.011946475661075638,acinar,0
0.24009674787521362,0.23649358749389648,-0.0036031603813171387,3.2256892259938255,-0.004719227399139015,acinar,0
0.07430219650268555,0.07661658525466919,0.0023143887519836426,2.1523371629638217,0.0025064222673113,acinar,0
0.10317212343215942,0.12182515859603882,0.018653035163879395,4.058269278193602,0.02124068498029196,acinar,0
0.09641093015670776,0.09663492441177368,0.00022399425506591797,3.8110326862287267,0.0002479554070872887,acinar,0
0.0996086597442627,0.10652148723602295,0.006912827491760254,2.062993201153287,0.007736982359402704,acinar,0
0.08704352378845215,0.08500456809997559,-0.0020389556884765625,1.0088825650473985,-0.002228377997737748,acinar,0
0.1168675422668457,0.11562907695770264,-0.0012384653091430664,6.896769156992314,-0.0014003912576440888,acinar,0
0.05363476276397705,0.05578327178955078,0.0021485090255737305,5.6318908812417385,0.0022754405438735943,acinar,0
0.0645906925201416,0.0680505633354187,0.0034598708152770996,3.5209558894151,0.0037125091546381227,acinar,0
0.07145947217941284,0.07561826705932617,0.00415879487991333,5.639643717679872,0.004499001583126523,acinar,0
0.0753677487373352,0.07610994577407837,0.0007421970367431641,2.829462869579897,0.0008033391347253018,acinar,0
0.07329165935516357,0.07881224155426025,0.00552058219909668,7.586144414019951,0.005992895746260458,acinar,0
0.13863641023635864,0.1480015516281128,0.00936514139175415,9.56264614285577,0.0109919700084552,acinar,0
0.0780954360961914,0.0793256163597107,0.0012301802635192871,10.221872279081339,0.0013361730111955878,acinar,0
0.0857117772102356,0.09489768743515015,0.00918591022491455,6.334394238298488,0.010149029670340598,acinar,0
0.10003447532653809,0.1067623496055603,0.006727874279022217,2.272072920295828,0.007532009287843267,acinar,0
0.195604145526886,0.21222752332687378,0.016623377799987793,5.76642537893953,0.021101749924280995,acinar,0
0.08573079109191895,0.08533495664596558,-0.00039583444595336914,1.3600935920055297,-0.0004327643751442195,acinar,0
0.07330113649368286,0.07254940271377563,-0.0007517337799072266,3.4123536345245213,-0.0008105378142047073,acinar,0
0.0924559235572815,0.09653466939926147,0.0040787458419799805,3.7259028824269596,0.0045145571211547345,acinar,0
0.21823233366012573,0.23014044761657715,0.011908113956451416,4.668517910835867,0.01546790439838651,acinar,0
0.07869595289230347,0.0792926549911499,0.0005967020988464355,3.5523442609879643,0.000648090951029287,acinar,0
0.06548011302947998,0.06409764289855957,-0.0013824701309204102,1.6716033844697762,-0.0014771520986462984,acinar,0
0.08465576171875,0.08624935150146484,0.0015935897827148438,3.9675797041165146,0.0017440094683745643,acinar,0
0.08021718263626099,0.08792233467102051,0.0077051520347595215,5.683063289380356,0.008447912198332729,acinar,0
0.1453532576560974,0.15901076793670654,0.01365751028060913,5.692232824183478,0.016239815873862768,acinar,0
0.11115413904190063,0.12646818161010742,0.015314042568206787,2.46498645425848,0.017531178883024398,acinar,0
0.10915708541870117,0.10544294118881226,-0.003714144229888916,5.767557520781804,-0.004151936640939136,acinar,0
0.07782310247421265,0.08072006702423096,0.0028969645500183105,3.1897833074847948,0.003151341007347618,acinar,0
0.0779450535774231,0.07924938201904297,0.001304328441619873,3.76454582088751,0.001416592523695541,acinar,0
0.0887334942817688,0.09765511751174927,0.008921623229980469,3.977319321772975,0.009887154460696613,acinar,0
0.08552944660186768,0.09778070449829102,0.01225125789642334,3.5616581002059333,0.013579024476095495,acinar,0
0.08095943927764893,0.0863601565361023,0.005400717258453369,3.073559969000897,0.005911210305778195,acinar,0
0.10190343856811523,0.11165225505828857,0.00974881649017334,11.78091156361995,0.010974099439868566,acinar,0
0.18913626670837402,0.19240301847457886,0.003266751766204834,8.916851378011328,0.004045027211511444,acinar,0
0.09599137306213379,0.10303515195846558,0.007043778896331787,4.683750694141533,0.007852904059408158,acinar,0
0.0808066725730896,0.0811871886253357,0.00038051605224609375,7.950238935242737,0.0004141388186313945,acinar,0
0.070792555809021,0.08082824945449829,0.010035693645477295,5.1739549560931835,0.010918191991345907,acinar,0
0.08905988931655884,0.09350937604904175,0.00444948673248291,5.24589696041455,0.004908475184320969,acinar,0
0.07836240530014038,0.07870817184448242,0.000345766544342041,2.4216792063724277,0.00037530621001413494,acinar,0
0.10056799650192261,0.10730558633804321,0.0067375898361206055,1.4123148340503764,0.0075474761945491225,acinar,0
0.07209271192550659,0.07159125804901123,-0.0005014538764953613,6.0073972632989365,-0.0005401218814911088,acinar,0
0.07563638687133789,0.07779192924499512,0.0021555423736572266,3.645867402452014,0.002337370970840127,acinar,0
0.059539794921875,0.05860471725463867,-0.0009350776672363281,2.2551028142407037,-0.0009932890937262727,acinar,0
0.09158569574356079,0.09624558687210083,0.004659891128540039,4.083240717985008,0.005156147578203385,acinar,0
0.07416391372680664,0.0741531252861023,-1.0788440704345703e-05,4.721839747394441,-1.1652510797403203e-05,acinar,0
0.07273262739181519,0.07352632284164429,0.0007936954498291016,3.7000834763227717,0.0008566842959462093,acinar,0
0.15732723474502563,0.15876060724258423,0.0014333724975585938,18.22136164349774,0.0017038818080787718,acinar,0
0.07363402843475342,0.07272469997406006,-0.0009093284606933594,5.932827213830481,-0.0009806456191251093,acinar,0
0.07997483015060425,0.0873066782951355,0.00733184814453125,13.401088963394598,0.008033200167210309,acinar,0
0.11321866512298584,0.12462258338928223,0.011403918266296387,6.165795470758369,0.013027430283100088,acinar,0
0.06865352392196655,0.07065826654434204,0.0020047426223754883,7.129171327778237,0.0021571640982064443,acinar,0
0.09349530935287476,0.1048363447189331,0.01134103536605835,5.767827110582383,0.012669231261961197,acinar,0
0.08055537939071655,0.08119934797286987,0.0006439685821533203,4.677882379548884,0.0007008795441454534,acinar,0
0.1363440752029419,0.14004552364349365,0.003701448440551758,5.09138364864051,0.0043042376571306665,acinar,0
0.09304177761077881,0.09954696893692017,0.006505191326141357,4.209104242763733,0.007224353854927106,acinar,0
0.10984700918197632,0.11211568117141724,0.002268671989440918,4.311864254634027,0.002555143661545974,acinar,0
0.07893562316894531,0.08485853672027588,0.005922913551330566,5.861998333550165,0.00647212894288908,acinar,0
0.08359861373901367,0.08859819173812866,0.00499957799911499,3.0856760063080158,0.005485591485329236,acinar,0
0.07939392328262329,0.08255678415298462,0.003162860870361328,5.269002126327774,0.003447473168615962,acinar,0
0.061885714530944824,0.06278437376022339,0.0008986592292785645,3.1164233423384333,0.0009588606977074154,acinar,0
0.07604718208312988,0.07560497522354126,-0.00044220685958862305,2.219301026791689,-0.00047837433968833773,acinar,0
0.09289199113845825,0.09723114967346191,0.004339158535003662,5.175477552717879,0.004806500061930756,acinar,0
0.07188671827316284,0.07475662231445312,0.002869904041290283,7.127715420018558,0.003101782850334162,acinar,0
0.18399864435195923,0.20861613750457764,0.024617493152618408,14.577764076164312,0.03110689302533106,acinar,0
0.06690138578414917,0.07224804162979126,0.00534665584564209,9.154944524070801,0.0057630229690213905,acinar,0
0.06922632455825806,0.0695379376411438,0.0003116130828857422,0.708837355741567,0.00033490143821206193,acinar,0
0.07474291324615479,0.07569974660873413,0.0009568333625793457,3.8305109149465326,0.0010351975551978003,acinar,0
0.07457399368286133,0.07725578546524048,0.0026817917823791504,5.230969329641255,0.002906321968901522,acinar,0
0.08423209190368652,0.08175766468048096,-0.0024744272232055664,9.04359270748426,-0.002694743128288182,acinar,0
0.07676637172698975,0.10373175144195557,0.02696537971496582,6.219301341913391,0.03008628249226602,acinar,0
0.06454890966415405,0.06460875272750854,5.984306335449219e-05,3.6924249452406444,6.39765055841485e-05,acinar,0
0.08737355470657349,0.09383535385131836,0.006461799144744873,4.934173514272184,0.007130932741868009,acinar,0
0.08726805448532104,0.08722072839736938,-4.7326087951660156e-05,4.271752101298117,-5.1848337735109196e-05,acinar,0
0.09280198812484741,0.09250164031982422,-0.00030034780502319336,2.0764605646459287,-0.0003309623668400273,acinar,0
0.08305948972702026,0.08625364303588867,0.003194153308868408,6.235542512742021,0.003495667352897433,acinar,0
0.08299750089645386,0.10043108463287354,0.017433583736419678,6.709553769983051,0.019379931252187378,acinar,0
0.07368838787078857,0.07539945840835571,0.0017110705375671387,5.7770886928945036,0.0018506051647143031,acinar,0
0.06616765260696411,0.06932175159454346,0.0031540989875793457,12.704518414801534,0.0033890326683612792,acinar,0
0.08213138580322266,0.09044218063354492,0.008310794830322266,5.653190138070109,0.009137181445057645,acinar,0
0.07896089553833008,0.08776408433914185,0.008803188800811768,4.588104765123112,0.009650123010596886,acinar,0
0.10270833969116211,0.10453414916992188,0.0018258094787597656,12.43663901327513,0.0020389493100906957,acinar,0
0.1041375994682312,0.11926895380020142,0.015131354331970215,9.77942757649932,0.017180448443664363,acinar,0
0.12825846672058105,0.13432389497756958,0.006065428256988525,8.026621594193522,0.007006579275780478,acinar,0
0.14269602298736572,0.15302205085754395,0.010326027870178223,6.603005348071182,0.012191613584076265,acinar,0
0.1218535304069519,0.13584661483764648,0.01399308443069458,1.4921264687334077,0.01619282487456277,acinar,0
0.09027433395385742,0.0972556471824646,0.006981313228607178,3.987128777722533,0.007733433287971235,acinar,0
0.13580989837646484,0.14744025468826294,0.011630356311798096,1.362299684924199,0.013641690656583223,acinar,0
0.08775395154953003,0.09811550378799438,0.010361552238464355,4.246286782942229,0.011488779640834041,acinar,0
0.119640052318573,0.12767016887664795,0.008030116558074951,2.5160578908102513,0.009205367364009646,acinar,0
0.1244320273399353,0.12195998430252075,-0.0024720430374145508,4.680232689075865,-0.0028154104519380707,acinar,0
0.15080630779266357,0.17678916454315186,0.02598285675048828,1.8501221476111644,0.03156282161430597,acinar,0
0.1314336657524109,0.1399756669998169,0.008542001247406006,2.260632882432821,0.009932278564267306,acinar,0
0.09319502115249634,0.09921997785568237,0.006024956703186035,8.316907978591987,0.006688599386167062,acinar,0
0.09291833639144897,0.10151910781860352,0.008600771427154541,5.3389657616854755,0.009572570214902367,acinar,0
0.11527043581008911,0.12978732585906982,0.014516890048980713,8.464642836406899,0.016682002549907374,acinar,0
0.11417299509048462,0.13059663772583008,0.01642364263534546,3.1279447461314356,0.018890705221549623,acinar,0
0.10811251401901245,0.1257861852645874,0.01767367124557495,4.177770381060435,0.020216646028322054,acinar,0
0.11962300539016724,0.13040107488632202,0.010778069496154785,4.299730056394622,0.012394299469431642,acinar,0
0.09646201133728027,0.10409921407699585,0.007637202739715576,3.114394366082407,0.008524607701786228,acinar,0
0.0836496353149414,0.09660130739212036,0.012951672077178955,4.5980853255508665,0.01433660706303527,acinar,0
0.10343027114868164,0.11282563209533691,0.009395360946655273,1.7631456742839648,0.010590207840252787,acinar,0
0.12197244167327881,0.13510417938232422,0.01313173770904541,3.5731501885126944,0.015183028286189684,acinar,0
0.11382430791854858,0.11764782667160034,0.003823518753051758,2.4520523356084336,0.004333325024438621,acinar,0
0.07262301445007324,0.09079337120056152,0.01817035675048828,1.193712404385771,0.01998484852060672,acinar,0
0.09189409017562866,0.09658282995223999,0.004688739776611328,2.453287144137954,0.005190005162690735,acinar,0
0.14923137426376343,0.16319918632507324,0.013967812061309814,4.450420461167788,0.016691919789093214,acinar,0
0.10482072830200195,0.11745864152908325,0.012637913227081299,4.951964584623107,0.014319910456069316,acinar,0
0.13013380765914917,0.12847763299942017,-0.001656174659729004,1.7033583960921828,-0.001900323758102587,acinar,0
0.10080385208129883,0.1135748028755188,0.01277095079421997,3.321663256215506,0.014407251548859728,acinar,0
0.10127240419387817,0.10829025506973267,0.007017850875854492,3.870597785844329,0.007870106742416835,acinar,0
0.09006112813949585,0.09774726629257202,0.007686138153076172,3.579073757866009,0.008518830551494392,acinar,0
0.11621308326721191,0.132918119430542,0.016705036163330078,3.7691095523565217,0.01926581161211558,acinar,0
0.10900509357452393,0.12234258651733398,0.013337492942810059,7.415353246610036,0.015196696043260254,acinar,0
0.10613405704498291,0.11868166923522949,0.012547612190246582,1.1800570604189073,0.014237321240508295,acinar,0
0.16006147861480713,0.17394322156906128,0.01388174295425415,2.2359269842346525,0.01680482905862955,acinar,0
0.09492290019989014,0.0993453860282898,0.004422485828399658,2.452611522002679,0.004910301640378394,acinar,0
0.09832555055618286,0.12218606472015381,0.023860514163970947,1.8378132869963202,0.027181744564540592,acinar,0
0.11860549449920654,0.1325523853302002,0.013946890830993652,4.202686785884581,0.016078078485814544,acinar,0
0.09562182426452637,0.10711687803268433,0.011495053768157959,0.7244220144656756,0.012874085628173337,acinar,0
0.11371243000030518,0.11902916431427002,0.005316734313964844,3.673465344583756,0.006035085497270071,acinar,0
0.08101761341094971,0.09421038627624512,0.01319277286529541,2.322773314477996,0.014564941643633048,acinar,0
0.10343247652053833,0.12661373615264893,0.023181259632110596,0.592198733306818,0.026541818427501827,acinar,0
0.10842227935791016,0.13012975454330444,0.021707475185394287,8.53284706850553,0.02495484274668749,acinar,0
0.0992993712425232,0.12118262052536011,0.021883249282836914,3.6274251434676255,0.024900792580955552,acinar,0
0.14028233289718628,0.13829094171524048,-0.0019913911819458008,2.039119586526466,-0.002310978587029925,acinar,0
0.0951530933380127,0.09816992282867432,0.003016829490661621,3.0643033805483917,0.0033452305118545043,acinar,0
0.09799599647521973,0.10357797145843506,0.005581974983215332,2.253754387443755,0.006226949813244699,acinar,0
0.10725045204162598,0.1250362992286682,0.017785847187042236,4.887089125337172,0.020327525783484467,acinar,0
0.09406834840774536,0.10117954015731812,0.007111191749572754,2.432174724475734,0.007911693232725706,acinar,0
0.13954442739486694,0.14150488376617432,0.001960456371307373,3.2885545561204,0.0022835964168413624,acinar,0
0.11409544944763184,0.12205547094345093,0.007960021495819092,1.6736236710244747,0.009066656528258155,acinar,0
0.1841164231300354,0.20185047388076782,0.017734050750732422,2.7244076445006797,0.022218957940073007,acinar,0
0.1108163595199585,0.11998236179351807,0.00916600227355957,1.1416198557842947,0.010415702908228432,acinar,0
0.13633328676223755,0.1291792392730713,-0.00715404748916626,4.528055922344227,-0.008215292758057728,acinar,0
0.0834386944770813,0.10265171527862549,0.01921302080154419,5.371356771387414,0.021410884857834,acinar,0
0.09668320417404175,0.09674811363220215,6.490945816040039e-05,1.909094963313729,7.186196800697266e-05,acinar,0
0.09285628795623779,0.10072249174118042,0.007866203784942627,4.7812846681658305,0.008747248444112836,acinar,0
0.10314542055130005,0.11708283424377441,0.013937413692474365,3.086282005612455,0.015785641318386712,acinar,0
0.09679001569747925,0.10523509979248047,0.00844508409500122,5.144897790282678,0.009438327423262338,acinar,0
0.09771907329559326,0.1062350869178772,0.008516013622283936,3.5504694840484285,0.009528247862087924,acinar,0
0.09311407804489136,0.11566334962844849,0.02254927158355713,0.9532817022310717,0.02549851527026853,acinar,0
0.12056231498718262,0.119762122631073,-0.0008001923561096191,1.1593082456852972,-0.0009090637618338264,acinar,0
0.09729379415512085,0.10909754037857056,0.011803746223449707,5.175633655193055,0.013249201521416233,acinar,0
0.11456882953643799,0.1292097568511963,0.0146409273147583,2.558731161334331,0.016813380064774574,acinar,0
0.2753971219062805,0.25665283203125,-0.018744289875030518,1.5950028072393025,-0.02521606415243452,acinar,0
0.09932804107666016,0.10508793592453003,0.005759894847869873,3.004619459454337,0.006436269080605587,acinar,0
0.1012263298034668,0.10470837354660034,0.003482043743133545,3.658163940546985,0.0038892843853876777,acinar,0
0.11092871427536011,0.12006717920303345,0.00913846492767334,3.5064664337130256,0.010385412058384768,acinar,0
0.12519234418869019,0.1365194320678711,0.011327087879180908,4.96356362038703,0.013117941850512191,acinar,0
0.11102414131164551,0.12490040063858032,0.013876259326934814,3.1572223252802756,0.015856777145207973,acinar,0
0.12571167945861816,0.13974642753601074,0.014034748077392578,1.6574044298623476,0.016314664102112846,acinar,0
0.30015748739242554,0.30767107009887695,0.007513582706451416,1.223761845454614,0.010852619877555153,alpha,0
0.2630147933959961,0.2682691812515259,0.005254387855529785,1.6417407723621944,0.0071807660971786045,alpha,0
0.13810235261917114,0.1288350224494934,-0.009267330169677734,1.321961510495422,-0.010637858968728403,alpha,0
0.1405860185623169,0.14947378635406494,0.008887767791748047,1.2431794194045982,0.010449728237827046,alpha,0
0.24744945764541626,0.25151562690734863,0.004066169261932373,1.0669036979027517,0.005432537282149832,alpha,0
0.2778743505477905,0.2765251398086548,-0.0013492107391357422,1.3214769417134935,-0.0018649034173473587,alpha,0
0.22405880689620972,0.2440996766090393,0.02004086971282959,1.1200331787022646,0.02651258253591752,alpha,0
0.16377490758895874,0.1651301383972168,0.0013552308082580566,0.5241589097158467,0.0016232839039802976,alpha,0
0.33398330211639404,0.3271276354789734,-0.006855666637420654,0.7927884048843097,-0.010188658353209009,alpha,0
0.23844820261001587,0.26000118255615234,0.021552979946136475,0.8990279114330241,0.029125695120143826,alpha,0
0.21019601821899414,0.21264374256134033,0.0024477243423461914,1.5067511794372805,0.0031087888350679496,alpha,0
0.2799190282821655,0.29679185152053833,0.016872823238372803,1.5262286528287357,0.02399406672811841,alpha,0
0.2046986222267151,0.22065609693527222,0.01595747470855713,0.7478508695246168,0.020475523893630554,alpha,0
0.2612214684486389,0.2804033160209656,0.01918184757232666,2.016646217911614,0.02665638683360793,alpha,0
0.16924691200256348,0.16981494426727295,0.0005680322647094727,0.055895380865459234,0.000684223668912136,alpha,0
0.16829657554626465,0.17556989192962646,0.007273316383361816,0.6424659645543803,0.008822235277633704,alpha,0
0.3047108054161072,0.3089340925216675,0.004223287105560303,1.6325563863312103,0.006111265307488372,alpha,0
0.2649698257446289,0.2713906764984131,0.00642085075378418,1.329605306993159,0.008812474047033239,alpha,0
0.30028700828552246,0.303661584854126,0.0033745765686035156,1.13905171358308,0.004846173204298351,alpha,0
0.28519320487976074,0.30233556032180786,0.01714235544204712,2.1472249357199025,0.024571060909961643,alpha,0
0.3008494973182678,0.3225398063659668,0.021690309047698975,1.7616926633313492,0.03201709746420344,alpha,0
0.2602860927581787,0.28020650148391724,0.019920408725738525,1.1735614731372686,0.027675171791362647,alpha,0
0.3062892556190491,0.3005613684654236,-0.005727887153625488,0.9786297075021351,-0.00818926335403928,alpha,0
0.3234485983848572,0.32970261573791504,0.006254017353057861,1.1334144690754087,0.009330212976950173,alpha,0
0.3099384307861328,0.30187463760375977,-0.008063793182373047,1.034836967116693,-0.011550637774704164,alpha,0
0.2997736930847168,0.30055326223373413,0.000779569149017334,0.8611193211152143,0.0011145511258040103,alpha,0
0.2957949638366699,0.3112980127334595,0.01550304889678955,1.5530099552841228,0.022510533123798845,alpha,0
0.31353408098220825,0.3287798762321472,0.015245795249938965,0.583045877012923,0.022713555076921164,alpha,0
0.2629615068435669,0.27574622631073,0.012784719467163086,2.0827034587593856,0.017652264898861507,alpha,0
0.3360500931739807,0.3608025908470154,0.024752497673034668,0.9570015370512478,0.03872433980268283,alpha,0
0.28811657428741455,0.2969982624053955,0.008881688117980957,1.3471971465424115,0.012633949026030293,alpha,0
0.26578736305236816,0.2746068239212036,0.00881946086883545,1.2209185307948256,0.012158180087259917,alpha,0
0.3018011450767517,0.3058674931526184,0.004066348075866699,0.7215340955788151,0.00585817266264518,alpha,0
0.38917654752731323,0.4092444181442261,0.020067870616912842,2.8982328917386653,0.03396983665202537,alpha,0
0.2581248879432678,0.27291643619537354,0.014791548252105713,1.4942379180766698,0.020343670230565585,alpha,0
0.26280421018600464,0.2623017430305481,-0.000502467155456543,1.01166575787178,-0.0006811282942713394,alpha,0
0.25348663330078125,0.2578507661819458,0.004364132881164551,1.5991713263753842,0.0058803980147131224,alpha,0
0.25740134716033936,0.2623137831687927,0.004912436008453369,0.9358520495684944,0.006659248737973102,alpha,0
0.32029128074645996,0.33028024435043335,0.009988963603973389,1.3658816605470112,0.014915139533677055,alpha,0
0.2641950845718384,0.27437669038772583,0.010181605815887451,1.3601735691138408,0.01403153079705755,alpha,0
0.23602664470672607,0.249620258808136,0.013593614101409912,1.149702270015158,0.01811564645897626,alpha,0
0.3017125725746155,0.3167245388031006,0.015011966228485107,2.2260861610387788,0.02197059177595595,alpha,0
0.19092082977294922,0.20918601751327515,0.018265187740325928,1.2513518947889066,0.02309669295792015,alpha,0
0.30116915702819824,0.3071279525756836,0.0059587955474853516,1.7094565316207566,0.008600138466599407,alpha,0
0.3278179168701172,0.3375878930091858,0.009769976139068604,1.8900690623694525,0.014749090537386699,alpha,0
0.27149295806884766,0.2830691337585449,0.011576175689697266,0.8671590825343568,0.016146850742228366,alpha,0
0.2532463073730469,0.2594926953315735,0.006246387958526611,0.9069700245081351,0.00843528202780326,alpha,0
0.2891263961791992,0.2962927222251892,0.00716632604598999,1.0862403534401213,0.01018367476410162,alpha,0
0.3078421950340271,0.31891918182373047,0.01107698678970337,1.3648566972054645,0.016263836088298924,alpha,0
0.22581148147583008,0.23332881927490234,0.007517337799072266,1.274265602852662,0.009805165484324797,alpha,0
0.4207216501235962,0.42140495777130127,0.0006833076477050781,1.4112975640296896,0.0011809773638450745,alpha,0
0.30379486083984375,0.3180074691772461,0.014212608337402344,1.3230965524162293,0.020839829902911534,alpha,0
0.2791329026222229,0.2987020015716553,0.019569098949432373,1.0266638124006435,0.02790411350565383,alpha,0
0.2264348864555359,0.2390286922454834,0.01259380578994751,0.9263692950332558,0.01654964604001886,alpha,0
0.23629480600357056,0.2414965033531189,0.00520169734954834,0.8854584287308829,0.006857842280943331,alpha,0
0.23617875576019287,0.2510771155357361,0.014898359775543213,1.5259480736512538,0.019893049183829704,alpha,0
0.2673467993736267,0.2739839553833008,0.006637156009674072,0.9168953419722949,0.009141886131701351,alpha,0
0.2478308081626892,0.26418960094451904,0.016358792781829834,0.7235870299455005,0.02223234790216163,alpha,0
0.24480938911437988,0.2629656195640564,0.018156230449676514,0.5976213906002084,0.024634170306868732,alpha,0
0.2527048587799072,0.2557162046432495,0.003011345863342285,1.093066056801955,0.004045964566377379,alpha,0
0.2508798837661743,0.25437355041503906,0.003493666648864746,1.1694737995282962,0.004685545491055783,alpha,0
0.26619261503219604,0.2685747742652893,0.0023821592330932617,1.1547937253009664,0.003256873224054314,alpha,0
0.2458893060684204,0.26521849632263184,0.019329190254211426,0.7344182754089262,0.02630603813170914,alpha,0
0.25656408071517944,0.26819366216659546,0.011629581451416016,0.8025404815705367,0.01589161073112144,alpha,0
0.2839203476905823,0.28149133920669556,-0.0024290084838867188,1.1648100973372801,-0.0033806251983168217,alpha,0
0.2917654514312744,0.3023843765258789,0.010618925094604492,0.7380425917421656,0.015221742084448047,alpha,0
0.2639963626861572,0.2664492726325989,0.0024529099464416504,1.6976440292066564,0.00334388591671739,alpha,0
0.3528757691383362,0.3592069745063782,0.006331205368041992,1.1442927020369515,0.009880265727244576,alpha,0
0.2773427367210388,0.2802468538284302,0.0029041171073913574,0.678940665905188,0.004034879351120049,alpha,0
0.2151799201965332,0.22333472967147827,0.008154809474945068,1.5919408363264154,0.010499773565896238,alpha,0
0.14105600118637085,0.14802467823028564,0.006968677043914795,0.27551960837851786,0.008179435326177677,alpha,0
0.20470547676086426,0.21939516067504883,0.01468968391418457,0.3539081110324166,0.018818335698364188,alpha,0
0.22447466850280762,0.2290697693824768,0.0045951008796691895,0.9516221685328868,0.005960462694514477,alpha,0
0.2874642014503479,0.29463833570480347,0.007174134254455566,1.5732875089948533,0.010170859316013471,alpha,0
0.2583332061767578,0.2625565528869629,0.004223346710205078,1.8787941773138213,0.005727010968418997,alpha,0
0.22571313381195068,0.2351222038269043,0.009409070014953613,0.51976649098658,0.012301402998008186,alpha,0
0.22352004051208496,0.23135226964950562,0.007832229137420654,0.9959274619934507,0.010189621107512084,alpha,0
0.2931004762649536,0.30801820755004883,0.014917731285095215,1.3267052973058604,0.02155798237447724,alpha,0
0.2522010803222656,0.2613152861595154,0.009114205837249756,1.0334762132070296,0.012338424860403872,alpha,0
0.19319629669189453,0.2119418978691101,0.018745601177215576,0.3741303253183229,0.02378708007255801,alpha,0
0.19235724210739136,0.21489208936691284,0.022534847259521484,0.9245268607704809,0.028702866133841484,alpha,0
0.21306359767913818,0.2196311354637146,0.006567537784576416,0.44114542311161253,0.008415940311097637,alpha,0
0.22967147827148438,0.23369109630584717,0.004019618034362793,0.5561244860067271,0.005245427809836714,alpha,0
0.21842533349990845,0.2314421534538269,0.013016819953918457,0.8164630212767326,0.016936682140992802,alpha,0
0.16360121965408325,0.17059451341629028,0.006993293762207031,0.7849753759612621,0.008431694599721238,alpha,0
0.18743717670440674,0.1966729760169983,0.009235799312591553,0.4017369236588948,0.01149693591384395,alpha,0
0.20791834592819214,0.22505664825439453,0.017138302326202393,0.7494518876578483,0.022115555011340323,alpha,0
0.24137192964553833,0.24946272373199463,0.008090794086456299,0.42784803642418107,0.010780002995570337,alpha,0
0.15111786127090454,0.15845221281051636,0.007334351539611816,0.2992338323896093,0.008715312013482138,alpha,0
0.21919500827789307,0.22141897678375244,0.002223968505859375,0.5876652175757494,0.0028564381092572267,alpha,0
0.20353496074676514,0.20700037479400635,0.003465414047241211,0.8904823617811751,0.004370007169096728,alpha,0
0.22602146863937378,0.24227076768875122,0.01624929904937744,1.7028792870000091,0.021444730329082506,alpha,0
0.26958364248275757,0.27364593744277954,0.004062294960021973,1.7316584472678942,0.00559272009262281,alpha,0
0.20922058820724487,0.22487175464630127,0.015651166439056396,0.7109062150804112,0.02019171218810974,alpha,0
0.24207794666290283,0.25397735834121704,0.011899411678314209,1.1157841071016248,0.015950469883669806,alpha,0
0.20641100406646729,0.2152041792869568,0.008793175220489502,0.7951162255493487,0.011204411374795897,alpha,0
0.22533458471298218,0.2449151873588562,0.019580602645874023,0.8296289861852213,0.025931660017614155,alpha,0
0.25506359338760376,0.2788017988204956,0.023738205432891846,0.7301783752234169,0.032914953745126534,alpha,0
0.3145097494125366,0.3165043592453003,0.001994609832763672,0.7484727805301135,0.002918248067480388,alpha,0
0.22015541791915894,0.23020446300506592,0.010049045085906982,0.6169941036363801,0.013054174261824947,alpha,0
0.21217620372772217,0.22876256704330444,0.016586363315582275,0.5941446428958003,0.021506169963762103,alpha,0
0.28730738162994385,0.31162047386169434,0.02431309223175049,1.2469795881136183,0.035319313414422536,alpha,0
0.20622330904006958,0.21414440870285034,0.007921099662780762,0.6506449783912588,0.01007958682295055,alpha,0
0.2926429510116577,0.3089253902435303,0.01628243923187256,1.6024031335290552,0.023561043919136875,alpha,0
0.28698307275772095,0.29740744829177856,0.010424375534057617,2.0972735627225236,0.014837014011481778,alpha,0
0.2213725447654724,0.22000658512115479,-0.001365959644317627,2.2397172890314745,-0.0017512450980497042,alpha,0
0.2223292589187622,0.2385101318359375,0.016180872917175293,1.235512806989646,0.021248966786895102,alpha,0
0.1825752854347229,0.19158023595809937,0.009004950523376465,0.6093740432929294,0.011138953949312075,alpha,0
0.24542593955993652,0.2524448037147522,0.007018864154815674,0.9289305254296455,0.00938909152085869,alpha,0
0.11976951360702515,0.15601956844329834,0.03625005483627319,3.3826450060653053,0.04295129777998625,alpha,0
0.22532379627227783,0.23607587814331055,0.010752081871032715,1.3517475979288134,0.014074803456788583,alpha,0
0.2520226836204529,0.268396258354187,0.01637357473373413,0.9453473298379925,0.022380386815546077,alpha,0
0.16773617267608643,0.17447811365127563,0.006741940975189209,0.2892361454853228,0.008166883382109651,alpha,0
0.24895352125167847,0.2685675621032715,0.019614040851593018,1.603934496420661,0.02681592972277002,alpha,0
0.22939163446426392,0.2489001750946045,0.019508540630340576,1.6878161952940933,0.02597329939838259,alpha,0
0.36748063564300537,0.38857030868530273,0.021089673042297363,1.5066666537503934,0.034492392734396506,alpha,0
0.17641425132751465,0.18707865476608276,0.010664403438568115,0.3384692691283178,0.013118616580918348,alpha,0
0.24617749452590942,0.253574013710022,0.007396519184112549,1.1228516655592575,0.009909246623199806,alpha,0
0.2830410599708557,0.2887444496154785,0.005703389644622803,2.286734520181014,0.008018762934840249,alpha,0
0.33695435523986816,0.3465319871902466,0.009577631950378418,1.2842511051981795,0.014656619394722828,alpha,0
0.2542758584022522,0.24762141704559326,-0.0066544413566589355,1.5543535013861203,-0.008844538517468921,alpha,0
0.2371830940246582,0.2560109496116638,0.018827855587005615,1.744174655344266,0.02530662995265607,alpha,0
0.22233903408050537,0.2307974100112915,0.008458375930786133,0.8040377935130246,0.010996291537331273,alpha,0
0.27386099100112915,0.2838311791419983,0.00997018814086914,0.782234740605693,0.013921561300203516,alpha,0
0.28096163272857666,0.2858562469482422,0.004894614219665527,1.406840910106827,0.0068538220753865346,alpha,0
0.18793243169784546,0.2046414613723755,0.01670902967453003,0.46540538572475004,0.02100817287177319,alpha,0
0.30277901887893677,0.3132988214492798,0.010519802570343018,1.152567137459466,0.01531933088063867,alpha,0
0.237912118434906,0.2524745464324951,0.014562427997589111,0.9872417331143641,0.019480845673001634,alpha,0
0.25969427824020386,0.26864391565322876,0.008949637413024902,0.5876185020178959,0.012237045133792101,alpha,0
0.2346387505531311,0.24008774757385254,0.0054489970207214355,0.5168864617967872,0.007170560815837088,alpha,0
0.20028245449066162,0.2112622857093811,0.010979831218719482,1.0843031143381807,0.013920763543803163,alpha,0
0.26198768615722656,0.26972246170043945,0.007734775543212891,0.6916867774781721,0.010591556137989936,alpha,0
0.21723151206970215,0.22330904006958008,0.00607752799987793,0.8340129943083602,0.00782489859341531,alpha,0
0.27626901865005493,0.2824954390525818,0.0062264204025268555,2.037050085391906,0.008677882680362715,alpha,0
0.21587920188903809,0.23507225513458252,0.019193053245544434,0.7282788678744557,0.025091328395888277,alpha,0
0.31499266624450684,0.3063255548477173,-0.00866711139678955,0.7760781393210251,-0.012494494293914568,alpha,0
0.31697309017181396,0.3211853504180908,0.0042122602462768555,2.5350415116258267,0.006205317237733808,alpha,0
0.2939152717590332,0.2916080951690674,-0.0023071765899658203,1.1652254269691726,-0.003256921167833587,alpha,0
0.25992947816848755,0.2620086073875427,0.0020791292190551758,0.9158952451920681,0.0028172811226092344,alpha,0
0.2592553496360779,0.25258052349090576,-0.006674826145172119,2.454592526666738,-0.0089304953308785,alpha,0
0.25518912076950073,0.26603806018829346,0.010848939418792725,0.9596086812295642,0.014781337873699492,alpha,0
0.2610636353492737,0.2771953344345093,0.016131699085235596,1.9800859421903232,0.02231819999752611,alpha,0
0.2369745969772339,0.2580143213272095,0.021039724349975586,0.979257301485969,0.028355970950288283,alpha,0
0.2732698321342468,0.27820050716400146,0.004930675029754639,0.7801735407042656,0.0068310868581823,alpha,0
0.22221988439559937,0.23480278253555298,0.012582898139953613,0.8142240918361182,0.01644399359115318,alpha,0
0.2547217607498169,0.26642704010009766,0.011705279350280762,0.8631755601092552,0.015956530556794205,alpha,0
0.21315765380859375,0.23565417528152466,0.022496521472930908,0.4259973413329243,0.029432386160043265,alpha,0
0.29804790019989014,0.30240726470947266,0.0043593645095825195,0.9547051959793825,0.006249154111054453,alpha,0
0.4692753553390503,0.44643473625183105,-0.02284061908721924,1.648183276141802,-0.041260932690332285,alpha,0
0.34144502878189087,0.35231083631515503,0.01086580753326416,0.6819794886140713,0.016776268837734153,alpha,0
0.3397156000137329,0.36993855237960815,0.030222952365875244,1.3492826128303346,0.047968261635465734,alpha,0
0.314011812210083,0.3237205743789673,0.009708762168884277,2.2565542247624597,0.014356140082139339,alpha,0
0.31038975715637207,0.3067464232444763,-0.003643333911895752,1.3104200334911984,-0.0052554130754677315,alpha,0
0.2528662085533142,0.26751554012298584,0.01464933156967163,1.907824557368267,0.019999511760469685,alpha,0
0.3189983367919922,0.33578628301620483,0.016787946224212646,1.1451662253540893,0.025274916483879573,alpha,0
0.28041476011276245,0.28613412380218506,0.005719363689422607,1.0761501813788958,0.008011818298256562,alpha,0
0.2754666805267334,0.29162710905075073,0.016160428524017334,1.4229646633667212,0.022813448581243255,alpha,0
0.2959114909172058,0.29461413621902466,-0.0012973546981811523,1.3493746196953051,-0.0018392127838047876,alpha,0
0.27935147285461426,0.28808772563934326,0.008736252784729004,1.029060787512048,0.012271529933340065,alpha,0
0.2609880566596985,0.26867783069610596,0.007689774036407471,1.0437090438584082,0.010514892559221813,alpha,0
0.2529187798500061,0.2591164708137512,0.006197690963745117,1.4163483841389277,0.008365270274738549,alpha,0
0.24193960428237915,0.254747211933136,0.012807607650756836,1.8317457149284495,0.017185588374622408,alpha,0
0.2453020215034485,0.25970160961151123,0.014399588108062744,0.8759108678742319,0.019451059593019276,alpha,0
0.2808465361595154,0.2977910041809082,0.016944468021392822,0.8278916963916648,0.02413023490482053,alpha,0
0.2499626874923706,0.2672969102859497,0.0173342227935791,1.0112619261611264,0.02365790869033195,alpha,0
0.27056366205215454,0.2759939432144165,0.005430281162261963,0.9848957845315001,0.007500325599997234,alpha,0
0.279055655002594,0.26972496509552,-0.009330689907073975,0.7955950560613506,-0.01277695314929454,alpha,0
0.2955050468444824,0.3033676743507385,0.007862627506256104,1.0851378549666146,0.011286624546066153,alpha,0
0.2758435606956482,0.29139208793640137,0.015548527240753174,3.20445894547666,0.021942356239676972,alpha,0
0.24434679746627808,0.25410592555999756,0.009759128093719482,0.5755606666268401,0.01308379893089562,alpha,0
0.21989375352859497,0.227541983127594,0.0076482295989990234,1.0911033355658308,0.009901158939311457,alpha,0
0.18185973167419434,0.18928956985473633,0.007429838180541992,0.4802814680008328,0.00916460169287659,alpha,0
0.23354238271713257,0.24982625246047974,0.016283869743347168,0.8847995101811369,0.021706797654218513,alpha,0
0.21790307760238647,0.21810752153396606,0.00020444393157958984,0.5991564576998142,0.0002614732040659617,alpha,0
0.23985034227371216,0.25077182054519653,0.010921478271484375,0.568878384266105,0.014576972104054722,alpha,0
0.24398577213287354,0.2618153691291809,0.017829596996307373,1.0336339405871142,0.024153302914576014,alpha,0
0.27092504501342773,0.2810410261154175,0.010115981101989746,1.9013748990991093,0.014070317597306611,alpha,0
0.19985169172286987,0.21950900554656982,0.01965731382369995,0.9277804118125169,0.025185830411106492,alpha,0
0.23153162002563477,0.23917484283447266,0.007643222808837891,1.5238935144083614,0.010045964880174183,alpha,0
0.2237415313720703,0.23626834154129028,0.01252681016921997,0.9245395145004871,0.016402109340996,alpha,0
0.2139560580253601,0.22079914808273315,0.006843090057373047,0.3934637384854113,0.008782190163852163,alpha,0
0.2671564221382141,0.2737240791320801,0.006567656993865967,2.0971009849929425,0.009042922676022956,alpha,0
0.2756759524345398,0.2902705669403076,0.014594614505767822,1.6175845912750302,0.02056363147129102,alpha,0
0.2389981746673584,0.2514493465423584,0.012451171875,1.1962389296389877,0.016633706506682753,alpha,0
0.20759111642837524,0.22631347179412842,0.018722355365753174,0.6690222634424001,0.024198890226470777,alpha,0
0.29616647958755493,0.3074913024902344,0.011324822902679443,1.0657387769853888,0.016353329486550952,alpha,0
0.19338083267211914,0.20125913619995117,0.007878303527832031,0.2500850604402799,0.009863403620481636,alpha,0
0.20310986042022705,0.214152991771698,0.011043131351470947,1.5849804233426255,0.014052520701666562,alpha,0
0.22447645664215088,0.2324579358100891,0.007981479167938232,0.6292345075976137,0.010398751469552549,alpha,0
0.20181894302368164,0.21961307525634766,0.017794132232666016,0.6895020962338092,0.02280167910105769,alpha,0
0.23682570457458496,0.23843133449554443,0.0016056299209594727,1.2745784760419583,0.002108319306829568,alpha,0
0.13544559478759766,0.13652139902114868,0.0010758042335510254,3.3584436799459287,0.0012458956508377612,alpha,0
0.11836385726928711,0.11702173948287964,-0.0013421177864074707,1.2383081930116697,-0.0015199896151706534,alpha,0
0.1719120740890503,0.16994106769561768,-0.001971006393432617,1.0153963498178238,-0.0023745378993281527,alpha,0
0.08935552835464478,0.09305000305175781,0.003694474697113037,2.54855527138758,0.004073515309051678,alpha,0
0.10803741216659546,0.10390198230743408,-0.004135429859161377,0.9806043525083571,-0.004614930261546638,alpha,0
0.2653205990791321,0.28595930337905884,0.020638704299926758,2.21627428458429,0.028904100841304164,alpha,0
0.14163029193878174,0.14271950721740723,0.0010892152786254883,2.2137333455301578,0.0012705471403998392,alpha,0
0.12259268760681152,0.12179851531982422,-0.0007941722869873047,0.6475576542885517,-0.0009043167209817768,alpha,0
0.1653071641921997,0.17133408784866333,0.006026923656463623,2.195519701105958,0.00727304401941291,alpha,0
0.17124927043914795,0.17315512895584106,0.0019058585166931152,2.2530394017635524,0.002304977128643675,alpha,0
0.11471152305603027,0.11257398128509521,-0.0021375417709350586,2.6281463046564304,-0.0024086985572391324,alpha,0
0.13088566064834595,0.13116532564163208,0.0002796649932861328,1.8949237656400273,0.00032188516588920054,alpha,0
0.16962838172912598,0.17146700620651245,0.0018386244773864746,1.4219579381851697,0.0022191324801299982,alpha,0
0.09472852945327759,0.09984147548675537,0.005112946033477783,2.120634847222569,0.005680050673566168,alpha,0
0.16177254915237427,0.1705925464630127,0.008819997310638428,1.8744895478369852,0.010634094585267796,alpha,0
0.1472894549369812,0.14789777994155884,0.0006083250045776367,1.243992891746985,0.0007139108316557548,alpha,0
0.12693727016448975,0.1294587254524231,0.0025214552879333496,1.4028244372137397,0.0028964224461887323,alpha,0
0.1243245005607605,0.12353205680847168,-0.0007924437522888184,0.6912771871683686,-0.0009041331841564583,alpha,0
0.11700236797332764,0.11747568845748901,0.00047332048416137695,2.9728506111708524,0.000536325717003862,alpha,0
0.11381566524505615,0.1123780608177185,-0.0014376044273376465,2.7561818165708902,-0.0016196134456320833,alpha,0
0.18490713834762573,0.1888299584388733,0.003922820091247559,5.352287760128814,0.004836002182351245,alpha,0
0.13659727573394775,0.1440477967262268,0.007450520992279053,1.9495714845043899,0.008704365692129692,alpha,0
0.20447349548339844,0.2079777717590332,0.0035042762756347656,1.7903663289983645,0.0044244670801948955,alpha,0
0.14115500450134277,0.13773447275161743,-0.003420531749725342,0.9550583911199352,-0.003966912327622289,alpha,0
0.11981827020645142,0.12442260980606079,0.004604339599609375,1.4304027652926918,0.005258632362114239,alpha,0
0.12117862701416016,0.1239963173866272,0.002817690372467041,0.49333361568677275,0.003216527999130157,alpha,0
0.1701253056526184,0.1684381365776062,-0.001687169075012207,2.7582883945809056,-0.0020289158861476137,alpha,0
0.24146419763565063,0.23788297176361084,-0.003581225872039795,1.748303115387065,-0.004699049803843237,alpha,0
0.17922824621200562,0.17719697952270508,-0.002031266689300537,1.6412016181083549,-0.0024687156448723675,alpha,0
0.11971962451934814,0.12256669998168945,0.0028470754623413086,1.5047565185467549,0.0032447770813825907,alpha,0
0.10890322923660278,0.11102443933486938,0.0021212100982666016,5.685440170405441,0.0023861286992856298,alpha,0
0.10466372966766357,0.10766482353210449,0.003001093864440918,1.268395671739046,0.0033631912577066175,alpha,0
0.12314599752426147,0.13101881742477417,0.007872819900512695,3.1033284974278508,0.009059827828701184,alpha,0
0.13626718521118164,0.13530898094177246,-0.0009582042694091797,1.694611331979131,-0.0011081464341480053,alpha,0
0.11309653520584106,0.11417675018310547,0.0010802149772644043,1.7395124432270386,0.0012194475336786339,alpha,0
0.12830781936645508,0.1315380334854126,0.0032302141189575195,1.1661990040959416,0.0037194652656136347,alpha,0
0.11606341600418091,0.1259840726852417,0.009920656681060791,1.373735303470325,0.011350658919386119,alpha,0
0.10859698057174683,0.1095895767211914,0.00099259614944458,1.2834818147391613,0.0011147624999598355,alpha,0
0.13801896572113037,0.14132124185562134,0.003302276134490967,0.8592924780562303,0.003845764324748465,alpha,0
0.10946148633956909,0.11257845163345337,0.0031169652938842773,2.5057138608278855,0.0035123840520005323,alpha,0
0.10907953977584839,0.11038696765899658,0.0013074278831481934,2.810977283492847,0.0014696590940307117,alpha,0
0.17488348484039307,0.17037701606750488,-0.004506468772888184,1.5817619804198504,-0.0054319478367475735,alpha,0
0.14592993259429932,0.14499902725219727,-0.0009309053421020508,1.4112812103919148,-0.0010887769391773982,alpha,0
0.12250089645385742,0.12204486131668091,-0.00045603513717651367,1.979301756907664,-0.0005194287465079771,alpha,0
0.17498141527175903,0.17615139484405518,0.0011699795722961426,3.6520777537604845,0.0014201390461475373,alpha,0
0.13986068964004517,0.14155834913253784,0.0016976594924926758,2.2354876078477584,0.0019776061550335743,alpha,0
0.12411415576934814,0.1222372055053711,-0.0018769502639770508,1.1793146138242603,-0.0021383342695194814,alpha,0
0.11178046464920044,0.11541831493377686,0.003637850284576416,2.0935431771094057,0.004112509162230815,alpha,0
0.13639241456985474,0.13500243425369263,-0.0013899803161621094,1.689503093365736,-0.0016069181824377211,alpha,0
0.08245158195495605,0.08352947235107422,0.001077890396118164,2.6207154352326443,0.0011761320889208929,alpha,0
0.11706382036209106,0.11860787868499756,0.0015440583229064941,2.7247444668284735,0.0017518403960802597,alpha,0
0.10644567012786865,0.10408967733383179,-0.0023559927940368652,1.8735459439709856,-0.0026297194422602375,alpha,0
0.10591995716094971,0.1080019474029541,0.0020819902420043945,1.375755544347809,0.0023340748737541465,alpha,0
0.13748425245285034,0.13642829656600952,-0.0010559558868408203,1.0459379725298434,-0.001222777312690787,alpha,0
0.11615091562271118,0.12249946594238281,0.006348550319671631,1.5374201093920152,0.007234810775915473,alpha,0
0.18356800079345703,0.17913472652435303,-0.004433274269104004,1.769886409475666,-0.005400733119495922,alpha,0
0.2463763952255249,0.254819393157959,0.008442997932434082,2.1436637658459303,0.011330136419161776,alpha,0
0.18363183736801147,0.18346714973449707,-0.0001646876335144043,1.9070100160830983,-0.0002016913752592497,alpha,0
0.11019241809844971,0.11013329029083252,-5.91278076171875e-05,1.2017328037118873,-6.644569009274666e-05,alpha,0
0.1243138313293457,0.11895495653152466,-0.005358874797821045,1.1404301694791776,-0.006082407292962418,alpha,0
0.1408860683441162,0.15053439140319824,0.009648323059082031,2.436745174253787,0.01135810909993132,alpha,0
0.1128695011138916,0.10963094234466553,-0.0032385587692260742,1.492325469725661,-0.0036373217840188397,alpha,0
0.11910897493362427,0.11843633651733398,-0.0006726384162902832,1.1808567524045461,-0.0007630060586129286,alpha,0
0.12707436084747314,0.12519729137420654,-0.0018770694732666016,1.4401304112688624,-0.002145706060072956,alpha,0
0.0977887511253357,0.09678018093109131,-0.0010085701942443848,1.3174957339211189,-0.0011166386885576507,alpha,0
0.10146576166152954,0.10045051574707031,-0.0010152459144592285,1.3235036955319777,-0.0011286159708071913,alpha,0
0.09628379344940186,0.0986432433128357,0.002359449863433838,1.1610370552209426,0.002617664810219797,alpha,0
0.15599459409713745,0.15471243858337402,-0.0012821555137634277,2.0117574650518875,-0.0015168276126229165,alpha,0
0.09523886442184448,0.09482479095458984,-0.00041407346725463867,1.8326364974330376,-0.00045745117974598193,alpha,0
0.10667240619659424,0.10660576820373535,-6.663799285888672e-05,0.8227381792617854,-7.458968335278358e-05,alpha,0
0.10939770936965942,0.11204320192337036,0.0026454925537109375,1.0483799493049577,0.0029793032267349502,alpha,0
0.23206573724746704,0.2428809404373169,0.010815203189849854,3.029222659047776,0.0142846796065295,alpha,0
0.14462965726852417,0.14636093378067017,0.001731276512145996,2.6844036549773698,0.00202811302886315,alpha,0
0.16489773988723755,0.17314594984054565,0.008248209953308105,1.0480117872249164,0.009975412168226646,alpha,0
0.10852086544036865,0.11007267236709595,0.001551806926727295,1.6132125169254496,0.0017437456728684893,alpha,0
0.14133602380752563,0.14426952600479126,0.002933502197265625,0.8012640380649484,0.0034280679330838575,alpha,0
0.1569235920906067,0.1567496657371521,-0.00017392635345458984,2.5285447560589307,-0.0002062570821352033,alpha,0
0.09902799129486084,0.10059738159179688,0.0015693902969360352,1.5673945340333002,0.0017449252034796182,alpha,0
0.14297401905059814,0.1512172818183899,0.008243262767791748,5.311307736790834,0.009711864522232149,alpha,0
0.13786166906356812,0.1391494870185852,0.0012878179550170898,1.0298709453521788,0.0014959832579490987,alpha,0
0.11404037475585938,0.11001461744308472,-0.004025757312774658,0.7529197469241716,-0.004523397116038822,alpha,0
0.12053161859512329,0.12570136785507202,0.0051697492599487305,1.3784235184013869,0.005913024531750345,alpha,0
0.17022067308425903,0.17340034246444702,0.0031796693801879883,6.4111131556117185,0.0038466860604176177,alpha,0
0.18811482191085815,0.1856015920639038,-0.0025132298469543457,1.924696099229825,-0.0030859955305211654,alpha,0
0.09374934434890747,0.09653961658477783,0.0027902722358703613,1.7871866827794995,0.0030884278791757243,alpha,0
0.08567708730697632,0.08526736497879028,-0.00040972232818603516,1.2698012106803191,-0.000447914846917575,alpha,0
0.16893208026885986,0.16501116752624512,-0.003920912742614746,1.6674685787530372,-0.004695766685883175,alpha,0
0.1329849362373352,0.1313539743423462,-0.0016309618949890137,1.5938057086688504,-0.001877590925203634,alpha,0
0.14800786972045898,0.1438215970993042,-0.004186272621154785,0.6496842883544374,-0.00488948635818408,alpha,0
0.1412351131439209,0.14007067680358887,-0.0011644363403320312,1.7107612510347132,-0.0013541070282424472,alpha,0
0.12786662578582764,0.13035690784454346,0.0024902820587158203,1.4806490591203618,0.0028635679178955174,alpha,0
0.12180137634277344,0.12065786123275757,-0.0011435151100158691,3.0705390288752406,-0.0013004211439462837,alpha,0
0.15527814626693726,0.15538311004638672,0.00010496377944946289,2.530711253601178,0.00012427383432413665,alpha,0
0.16892927885055542,0.16884571313858032,-8.356571197509766e-05,1.8579835999087186,-0.00010054175656201694,alpha,0
0.1522808074951172,0.16106969118118286,0.008788883686065674,3.6724750706402483,0.010476297725421432,alpha,0
0.12644994258880615,0.12678807973861694,0.000338137149810791,1.5655478334720698,0.0003872337767784648,alpha,0
0.19191408157348633,0.19149911403656006,-0.00041496753692626953,2.3254016298998983,-0.0005132555129259737,alpha,0
0.185075044631958,0.1828467845916748,-0.002228260040283203,3.0924437850272115,-0.0027268570915060996,alpha,0
0.1394178867340088,0.14200878143310547,0.0025908946990966797,2.248407853113285,0.003019721697646579,alpha,0
0.20947307348251343,0.2074575424194336,-0.002015531063079834,3.1440834072305766,-0.002543120616191018,alpha,0
0.15397357940673828,0.15260308980941772,-0.0013704895973205566,1.0339054184426437,-0.0016172935974150876,alpha,0
0.23203277587890625,0.24460965394973755,0.012576878070831299,3.70928376837104,0.01664950861047204,alpha,0
0.14123237133026123,0.14567530155181885,0.004442930221557617,1.1136843992771976,0.005200517121450284,alpha,0
0.13927900791168213,0.13750505447387695,-0.0017739534378051758,2.2983541364648814,-0.0020567696622535705,alpha,0
0.28526705503463745,0.30387401580810547,0.018606960773468018,3.0511868556333486,0.026729300724305113,alpha,0
0.14734607934951782,0.1504102349281311,0.0030641555786132812,0.8969995414246408,0.003606629581223918,alpha,0
0.1652931571006775,0.16504788398742676,-0.0002452731132507324,1.1795667520703161,-0.0002937571012120639,alpha,0
0.14848530292510986,0.1468808650970459,-0.0016044378280639648,3.1288839506514843,-0.0018806726545249467,alpha,0
0.1374620795249939,0.1387941837310791,0.001332104206085205,1.4116877910977954,0.0015467896069912758,alpha,0
0.15275537967681885,0.14856892824172974,-0.004186451435089111,0.964357763397358,-0.004916958722734618,alpha,0
0.2522466778755188,0.25342875719070435,0.0011820793151855469,2.286412509996958,0.0015833442910785911,alpha,0
0.12729454040527344,0.12470370531082153,-0.0025908350944519043,0.9692067857933288,-0.002959952087277967,alpha,0
0.1647965908050537,0.16108155250549316,-0.003715038299560547,1.3441735588830188,-0.0044283664409285415,alpha,0
0.1829107403755188,0.1784091591835022,-0.0045015811920166016,1.3233977097393805,-0.0054791034276172376,alpha,0
0.11736923456192017,0.11516177654266357,-0.002207458019256592,1.3537559602605205,-0.0024947588844335534,alpha,0
0.10231471061706543,0.10116720199584961,-0.0011475086212158203,1.0012812668828812,-0.0012766652749697743,alpha,0
0.1688280701637268,0.16706639528274536,-0.0017616748809814453,4.986790205515215,-0.0021150243800998505,alpha,0
0.09777182340621948,0.10034644603729248,0.002574622631072998,2.2448632195474634,0.002861793431185313,alpha,0
0.14695262908935547,0.14758628606796265,0.0006336569786071777,1.48578239544425,0.0007433678837523946,alpha,0
0.1630379557609558,0.17247724533081055,0.009439289569854736,3.929001638095295,0.011406682797052738,alpha,0
0.18767231702804565,0.18418270349502563,-0.0034896135330200195,3.9567325864296006,-0.004277444898471507,alpha,0
0.11825579404830933,0.11843240261077881,0.00017660856246948242,2.119826931369929,0.00020033467994117745,alpha,0
0.13562172651290894,0.13725244998931885,0.0016307234764099121,2.070366587865839,0.0018901513848283002,alpha,0
0.11477482318878174,0.11526203155517578,0.00048720836639404297,0.9389336756603297,0.000550680974221609,alpha,0
0.2353229522705078,0.24133086204528809,0.0060079097747802734,3.1430766917067445,0.007919011693261879,alpha,0
0.11546081304550171,0.11657315492630005,0.0011123418807983398,1.04741881318869,0.0012591216658189085,alpha,0
0.18035578727722168,0.19385647773742676,0.013500690460205078,4.519708710372733,0.01674725416426245,alpha,0
0.16244566440582275,0.15664303302764893,-0.005802631378173828,2.1773336910399093,-0.0068803977502020965,alpha,0
0.13647884130477905,0.1386638879776001,0.002185046672821045,2.027779725380671,0.0025368107087610655,alpha,0
0.1514461636543274,0.14914393424987793,-0.002302229404449463,1.5459309403590444,-0.002705780092687942,alpha,0
0.21750831604003906,0.21050935983657837,-0.006998956203460693,3.3833687648389263,-0.008865154122678307,alpha,0
0.1507897973060608,0.1502590775489807,-0.0005307197570800781,2.6690561125160763,-0.0006245665508838311,alpha,0
0.15915817022323608,0.15897667407989502,-0.00018149614334106445,2.995851883399505,-0.00021580393521487907,alpha,0
0.13506168127059937,0.13211387395858765,-0.0029478073120117188,1.0959722700395633,-0.0033965369690344147,alpha,0
0.19243305921554565,0.20658588409423828,0.014152824878692627,5.172108784099134,0.01783787885162058,alpha,0
0.16687488555908203,0.1694188117980957,0.002543926239013672,2.540716857743493,0.003062826699122487,alpha,0
0.16844987869262695,0.16772210597991943,-0.0007277727127075195,2.3426122837234313,-0.0008744347506242433,alpha,0
0.1795344352722168,0.17999309301376343,0.00045865774154663086,2.772391233259523,0.0005593339978468367,alpha,0
0.16600662469863892,0.15994000434875488,-0.006066620349884033,1.8346233989101364,-0.007221651288347528,alpha,0
0.17893964052200317,0.19070369005203247,0.011764049530029297,1.6387009094227423,0.014536146261170581,alpha,0
0.14649534225463867,0.14077413082122803,-0.0057212114334106445,1.288523608743398,-0.006658565155724239,alpha,0
0.13382196426391602,0.13329362869262695,-0.0005283355712890625,1.5552737936418444,-0.0006095900396948749,alpha,0
0.13933205604553223,0.13691949844360352,-0.002412557601928711,0.9931153446916495,-0.002795286879472003,alpha,0
0.17518651485443115,0.17641770839691162,0.0012311935424804688,2.43869614097617,0.0014949247391951232,alpha,0
0.12750911712646484,0.12728458642959595,-0.00022453069686889648,1.9461612449105525,-0.0002572782528846479,alpha,0
0.1469275951385498,0.14740240573883057,0.0004748106002807617,1.5805993637672846,0.0005568988271568084,alpha,0
0.12114036083221436,0.12157946825027466,0.00043910741806030273,0.8580745841080071,0.0004998829173376047,alpha,0
0.1137191653251648,0.11273312568664551,-0.0009860396385192871,2.1975653347181647,-0.0011113224972840012,alpha,0
0.19382774829864502,0.20364803075790405,0.009820282459259033,4.5098473370316325,0.012331585578428584,alpha,0
0.1523277759552002,0.14791429042816162,-0.004413485527038574,0.8312490332741189,-0.005179626271700169,alpha,0
0.15741413831710815,0.1567462682723999,-0.000667870044708252,1.6491436755180962,-0.0007920155222319216,alpha,0
0.16091716289520264,0.15797412395477295,-0.0029430389404296875,1.761408344492529,-0.0034951882408321743,alpha,0
0.18442416191101074,0.18050020933151245,-0.003923952579498291,3.546218741105818,-0.004788228897895654,alpha,0
0.1295117735862732,0.12764972448349,-0.0018620491027832031,0.9279618454342441,-0.0021345199916177043,alpha,0
0.13265210390090942,0.13302695751190186,0.00037485361099243164,0.7073562996027551,0.0004323705497424133,alpha,0
0.1618453860282898,0.16007214784622192,-0.001773238182067871,2.655519757256369,-0.002111179165592449,alpha,0
0.20787584781646729,0.2141878604888916,0.006312012672424316,3.127277080061815,0.008032470300536873,alpha,0
0.20279550552368164,0.20186418294906616,-0.0009313225746154785,1.658618591640411,-0.0011668722975704338,alpha,0
0.17150849103927612,0.16815435886383057,-0.0033541321754455566,0.758954739774408,-0.004032156940636658,alpha,0
0.23529469966888428,0.24421781301498413,0.008923113346099854,4.998743880141469,0.01180646157022587,alpha,0
0.1303572654724121,0.13350749015808105,0.0031502246856689453,1.3484773198090023,0.0036356052128409806,alpha,0
0.17672598361968994,0.17305374145507812,-0.0036722421646118164,3.666373784949627,-0.004440726500260634,alpha,0
0.21651625633239746,0.21145981550216675,-0.005056440830230713,2.3091733695040744,-0.006412407293422606,alpha,0
0.14214563369750977,0.14111143350601196,-0.0010342001914978027,0.6391992129692293,-0.0012041145171130204,alpha,0
0.16980409622192383,0.16920697689056396,-0.0005971193313598633,1.439783945966976,-0.0007187341669348707,alpha,0
0.15758895874023438,0.1541261076927185,-0.003462851047515869,2.0695903760091374,-0.004093814786114614,alpha,0
0.199104905128479,0.1991804838180542,7.557868957519531e-05,3.681391106552479,9.437668294540398e-05,alpha,0
0.14678913354873657,0.14675670862197876,-3.24249267578125e-05,1.8986602818667913,-3.800197093310277e-05,alpha,0
0.12677985429763794,0.12829071283340454,0.0015108585357666016,1.5773225623975515,0.0017332137651963045,alpha,0
0.1649351716041565,0.16349858045578003,-0.0014365911483764648,3.4120630000141765,-0.0017173804070281346,alpha,0
0.1636507511138916,0.16422218084335327,0.0005714297294616699,1.821503348710381,0.0006837100918020044,alpha,0
0.14339053630828857,0.14188343286514282,-0.001507103443145752,1.425287817201878,-0.0017562922111826601,alpha,0
0.11538970470428467,0.11471325159072876,-0.0006764531135559082,1.5045673228682361,-0.0007641062229513702,alpha,0
0.15402722358703613,0.15009820461273193,-0.003929018974304199,1.0636268108205307,-0.004622909370974907,alpha,0
0.13831442594528198,0.1392735242843628,0.0009590983390808105,1.1093884892783836,0.001114289342945311,alpha,0
0.16282916069030762,0.16142433881759644,-0.0014048218727111816,3.6417068761912583,-0.0016752476106095934,alpha,0
0.17047500610351562,0.17217928171157837,0.0017042756080627441,1.9311867599699537,0.0020587496427806923,alpha,0
0.1251431107521057,0.1266956925392151,0.001552581787109375,0.8688992358388902,0.0017778244923853104,alpha,0
0.1275547742843628,0.1297627091407776,0.002207934856414795,2.4444413231380278,0.0025371641500616534,alpha,0
0.15481263399124146,0.1532476544380188,-0.0015649795532226562,0.7169384704518046,-0.001848214016087543,alpha,0
0.15002310276031494,0.15250670909881592,0.0024836063385009766,2.26517606184865,0.0029305321530746606,alpha,0
0.16794639825820923,0.17082589864730835,0.002879500389099121,3.020825601303134,0.0034727331502534676,alpha,0
0.11024147272109985,0.1092035174369812,-0.0010379552841186523,1.1278142102066513,-0.0011651991273385197,alpha,0
0.14399993419647217,0.1417953372001648,-0.002204596996307373,2.4666084982570236,-0.0025688476092812444,alpha,0
0.17172974348068237,0.17191874980926514,0.00018900632858276367,4.122437355727202,0.0002282461153893162,alpha,0
0.18835031986236572,0.19606298208236694,0.007712662220001221,6.04553735826668,0.009593614982400795,alpha,0
0.13936007022857666,0.13813620805740356,-0.0012238621711730957,8.181045800644755,-0.0014200180847771474,alpha,0
0.23861747980117798,0.24177640676498413,0.0031589269638061523,2.9774506702303616,0.004166220877311878,alpha,0
0.18840742111206055,0.19151222705841064,0.0031048059463500977,3.439991953237856,0.0038402633289723355,alpha,0
0.21629345417022705,0.22042256593704224,0.0041291117668151855,3.8112846634942836,0.005296602475132346,alpha,0
0.16711384057998657,0.16678839921951294,-0.0003254413604736328,2.036759157837141,-0.00039058668910608654,alpha,0
0.21637696027755737,0.21682024002075195,0.0004432797431945801,3.8647811024081027,0.0005659999987823047,alpha,0
0.15713757276535034,0.15561920404434204,-0.0015183687210083008,2.824916285593503,-0.0017982037586369228,alpha,0
0.16421014070510864,0.1639602780342102,-0.0002498626708984375,1.9416232842058472,-0.000298864592594874,alpha,0
0.1962788701057434,0.1932927370071411,-0.002986133098602295,3.9805652079895557,-0.0037016316024276684,alpha,0
0.19585734605789185,0.18728739023208618,-0.008569955825805664,5.835481344773222,-0.01054487862351857,alpha,0
0.19404387474060059,0.19374626874923706,-0.0002976059913635254,3.5334706114234735,-0.00036912200195568864,alpha,0
0.17345976829528809,0.17266088724136353,-0.0007988810539245605,3.8390299455560926,-0.0009656029088976745,alpha,0
0.2849171757698059,0.3013673424720764,0.016450166702270508,3.4900627576218946,0.02354623209352765,alpha,0
0.16825741529464722,0.17003995180130005,0.001782536506652832,1.2705844771162278,0.0021477377260767576,alpha,0
0.16925740242004395,0.16788232326507568,-0.0013750791549682617,2.6355916853364567,-0.0016525056412259114,alpha,0
0.20633816719055176,0.22073054313659668,0.014392375946044922,3.4492327660981834,0.018469062041742174,alpha,0
0.17518216371536255,0.1700720191001892,-0.00511014461517334,8.305252267045848,-0.0061573350131331915,alpha,0
0.07249051332473755,0.07207345962524414,-0.0004170536994934082,1.2490628546638052,-0.0004494468919112663,alpha,0
0.15520191192626953,0.15345430374145508,-0.0017476081848144531,3.9599549360047623,-0.0020643991134067655,alpha,0
0.1556212306022644,0.1526898741722107,-0.002931356430053711,3.795626551349144,-0.003459602736589379,alpha,0
0.16044354438781738,0.1589592695236206,-0.0014842748641967773,1.3774863468309992,-0.0017648073516678075,alpha,0
0.157820463180542,0.16163575649261475,0.003815293312072754,1.5899201028227508,0.004550877904943885,alpha,0
0.10013949871063232,0.10280251502990723,0.0026630163192749023,1.4552896878622266,0.0029681495589164203,alpha,0
0.17815613746643066,0.18627285957336426,0.008116722106933594,2.689274535660834,0.009974746697864852,alpha,0
0.13855892419815063,0.1372891068458557,-0.0012698173522949219,1.33021227895961,-0.0014718921047262563,alpha,0
0.1529034972190857,0.15567785501480103,0.002774357795715332,2.7399127729372177,0.003285899596727937,alpha,0
0.1272783875465393,0.12636011838912964,-0.000918269157409668,1.885609036920466,-0.0010510842931260274,alpha,0
0.1027262806892395,0.10325568914413452,0.0005294084548950195,1.839126920458744,0.0005903672300856246,alpha,0
0.12264209985733032,0.1229354739189148,0.00029337406158447266,1.2286889448331333,0.0003344954138041949,alpha,0
0.14268779754638672,0.1413358449935913,-0.0013519525527954102,1.515202082982114,-0.0015744835101277983,alpha,0
0.15311282873153687,0.15549147129058838,0.0023786425590515137,1.785614203249229,0.002816599807093227,alpha,0
0.1512334942817688,0.15060657262802124,-0.0006269216537475586,0.9699435791745096,-0.0007380815927517272,alpha,0
0.16071206331253052,0.16653114557266235,0.005819082260131836,3.239054892899279,0.006981763300717492,alpha,0
0.1893632411956787,0.18752998113632202,-0.0018332600593566895,6.572690573339238,-0.002256403334021716,alpha,0
0.18804889917373657,0.18665003776550293,-0.0013988614082336426,4.199918707654133,-0.001719876403990459,alpha,0
0.178602397441864,0.18456929922103882,0.005966901779174805,2.8824135556211683,0.007317484825472929,alpha,0
0.1646251082420349,0.16871494054794312,0.004089832305908203,9.095198429994488,0.004919891509422801,alpha,0
0.17212671041488647,0.16656649112701416,-0.0055602192878723145,3.576365748440776,-0.006671461164779834,alpha,0
0.09674322605133057,0.10270678997039795,0.005963563919067383,8.993410167094826,0.006646170786103065,alpha,0
0.1700305938720703,0.1737319827079773,0.0037013888359069824,6.684510027278372,0.004479646747114531,alpha,0
0.12884974479675293,0.12509149312973022,-0.003758251667022705,0.8525660865351423,-0.0042955939249770874,alpha,0
0.14144182205200195,0.1392335295677185,-0.0022082924842834473,2.4146266947191557,-0.002565495474253814,alpha,0
0.25424396991729736,0.27664411067962646,0.0224001407623291,3.392406960501703,0.030966970882583225,alpha,0
0.24624770879745483,0.2533467411994934,0.007099032402038574,4.47801538799205,0.009507803412581527,alpha,0
0.1389174461364746,0.1381145715713501,-0.0008028745651245117,1.6573447398254544,-0.000931532821697979,alpha,0
0.15427273511886597,0.15733379125595093,0.003061056137084961,3.2186562467578654,0.0036325844151829808,alpha,0
0.1533607840538025,0.15331178903579712,-4.8995018005371094e-05,2.026679852145585,-5.786665902620269e-05,alpha,0
0.176771879196167,0.17250514030456543,-0.0042667388916015625,2.025264184707566,-0.005156211959034968,alpha,0
0.1401224136352539,0.1421986222267151,0.0020762085914611816,1.02355861629233,0.0024203838385649214,alpha,0
0.1681881546974182,0.1670854091644287,-0.001102745532989502,1.4829066513537468,-0.0013239599175267646,alpha,0
0.19538885354995728,0.19684624671936035,0.0014573931694030762,4.4172651817157345,0.0018145880081492079,alpha,0
0.09814876317977905,0.0945049524307251,-0.003643810749053955,0.9296313821940756,-0.004024108976449356,alpha,0
0.1436525583267212,0.14110839366912842,-0.0025441646575927734,1.1471132705372458,-0.0029621487028628412,alpha,0
0.15710169076919556,0.155522882938385,-0.0015788078308105469,1.7017081282779882,-0.0018695685163193751,alpha,0
0.1165507435798645,0.1154215931892395,-0.001129150390625,1.4613207277631415,-0.0012764842346717619,alpha,0
0.1957889199256897,0.19904768466949463,0.0032587647438049316,2.641393978989762,0.004068612676973451,alpha,0
0.15364331007003784,0.15490669012069702,0.0012633800506591797,1.47821748243121,0.001494959238098355,alpha,0
0.138546884059906,0.1378873586654663,-0.0006595253944396973,1.1007299644088209,-0.0007650106990877256,alpha,0
0.10426664352416992,0.1019744873046875,-0.002292156219482422,0.9140990179759014,-0.0025524399775712367,alpha,0
0.13857108354568481,0.13541913032531738,-0.0031519532203674316,1.5267613335234473,-0.0036456430288047234,alpha,0
0.16931301355361938,0.16847741603851318,-0.0008355975151062012,3.0998294552988477,-0.0010049005658094106,alpha,0
0.12210845947265625,0.12126725912094116,-0.0008412003517150879,2.0606043383313386,-0.0009572880496902566,alpha,0
0.15358060598373413,0.14974963665008545,-0.0038309693336486816,1.101898430460738,-0.00450569561482454,alpha,0
0.2844531536102295,0.2755775451660156,-0.008875608444213867,1.8938585552020402,-0.01225197864172762,alpha,0
0.10109281539916992,0.09814292192459106,-0.0029498934745788574,0.9291833517537124,-0.003270910154493683,alpha,0
0.1238173246383667,0.12181079387664795,-0.00200653076171875,2.1348811553723954,-0.0022848501754836065,alpha,0
0.15784025192260742,0.1583893895149231,0.0005491375923156738,2.9291511416637896,0.0006524841601024598,alpha,0
0.1199331283569336,0.12042129039764404,0.0004881620407104492,0.7371704622018412,0.0005549952896553622,alpha,0
0.09735435247421265,0.09762763977050781,0.000273287296295166,0.7720776244774897,0.0003028542410426482,alpha,0
0.1505601406097412,0.15075743198394775,0.00019729137420654297,1.6304697182314918,0.00023231451370536314,alpha,0
0.1578441858291626,0.15801048278808594,0.00016629695892333984,2.0224703043122747,0.00019750478542060733,alpha,0
0.14213913679122925,0.14043289422988892,-0.001706242561340332,1.1893783977919075,-0.0019850021596762475,alpha,0
0.15830838680267334,0.15107786655426025,-0.007230520248413086,1.7405489239796619,-0.008517295006863237,alpha,0
0.12671291828155518,0.12631404399871826,-0.00039887428283691406,0.9009728657075349,-0.00045654194175501764,alpha,0
0.11413705348968506,0.1143835186958313,0.00024646520614624023,0.5785458516734171,0.00027829789908978753,alpha,0
0.13616126775741577,0.13783496618270874,0.0016736984252929688,1.8660912689013112,0.0019412738392817453,alpha,0
0.17677193880081177,0.17500996589660645,-0.0017619729042053223,2.005290307974589,-0.0021357505319688497,alpha,0
0.18719249963760376,0.19219130277633667,0.00499880313873291,4.005129884713281,0.006188102648452742,alpha,0
0.18107229471206665,0.17717772722244263,-0.0038945674896240234,2.7615220155643163,-0.0047331819014540515,alpha,0
0.11838853359222412,0.11843454837799072,4.601478576660156e-05,2.6474448119786604,5.2196675450402546e-05,alpha,0
0.17319703102111816,0.17238420248031616,-0.000812828540802002,2.071958342247746,-0.0009821327036506572,alpha,0
0.20679962635040283,0.20445257425308228,-0.0023470520973205566,2.4647012497481335,-0.0029502352988157476,alpha,0
0.12102174758911133,0.11920136213302612,-0.001820385456085205,0.6554994719448326,-0.002066744177186314,alpha,0
0.30537664890289307,0.35567766427993774,0.05030101537704468,0.5130279974892132,0.07806809199130245,alpha,0
0.06843292713165283,0.06882137060165405,0.0003884434700012207,0.7816465760049078,0.00041715247508654937,alpha,0
0.18607580661773682,0.189569890499115,0.003494083881378174,4.540166747341353,0.004311394456370896,alpha,0
0.2241135835647583,0.22681111097335815,0.0026975274085998535,6.852525572921617,0.0034888336432197546,alpha,0
0.14997369050979614,0.14546996355056763,-0.004503726959228516,2.863221145244998,-0.0052704138732694245,alpha,0
0.16211646795272827,0.1582152247428894,-0.003901243209838867,1.875864166696166,-0.004634490103063804,alpha,0
0.14155960083007812,0.13903570175170898,-0.0025238990783691406,1.7635588265080449,-0.0029314793697070127,alpha,0
0.18062949180603027,0.17797327041625977,-0.002656221389770508,1.0859770017578176,-0.0032313078080995873,alpha,0
0.13158750534057617,0.12686783075332642,-0.004719674587249756,0.8070225778517169,-0.005405452637625098,alpha,0
0.12069433927536011,0.12253379821777344,0.00183945894241333,0.5740568803413298,0.002096330250301601,alpha,0
0.15134716033935547,0.14966267347335815,-0.0016844868659973145,1.4512753393508155,-0.001980963099524172,alpha,0
0.12339287996292114,0.12399250268936157,0.0005996227264404297,0.9167560731732185,0.0006844949709691803,alpha,0
0.11913686990737915,0.12336724996566772,0.004230380058288574,1.5019611886326538,0.004825715281710496,alpha,0
0.1235194206237793,0.12325942516326904,-0.0002599954605102539,1.158020544423699,-0.00029654776791717546,alpha,0
0.25353509187698364,0.2590246796607971,0.0054895877838134766,6.9227410393306315,0.007408597335334271,alpha,0
0.16964596509933472,0.16599100828170776,-0.003654956817626953,3.2628306575109973,-0.004382394978855945,alpha,0
0.23600202798843384,0.23093754053115845,-0.005064487457275391,3.4494855893479124,-0.0065852745702516995,alpha,0
0.09953045845031738,0.09645956754684448,-0.0030708909034729004,1.7188741471878857,-0.0033987310287103417,alpha,0
0.18342435359954834,0.18823671340942383,0.004812359809875488,3.897418328507814,0.005928279696027528,alpha,0
0.17775487899780273,0.1738300323486328,-0.003924846649169922,2.5236072410048456,-0.004750652774667494,alpha,0
0.19485586881637573,0.20043528079986572,0.00557941198348999,3.86538816030348,0.006978061749737411,alpha,0
0.13051342964172363,0.12960690259933472,-0.000906527042388916,1.2525915912392809,-0.0010415145123463879,alpha,0
0.16287803649902344,0.16341817378997803,0.0005401372909545898,2.536680057568577,0.0006456478900594591,alpha,0
0.17297512292861938,0.16866916418075562,-0.0043059587478637695,1.5463451492294265,-0.005179597053705356,alpha,0
0.16862469911575317,0.1636946201324463,-0.004930078983306885,2.3068441891262386,-0.005895070272162622,alpha,0
0.2039550542831421,0.21095561981201172,0.007000565528869629,4.32021213889218,0.008872207577477148,alpha,0
0.18314409255981445,0.18089354038238525,-0.0022505521774291992,2.627513025316785,-0.0027475698073237383,alpha,0
0.1354185938835144,0.12848633527755737,-0.006932258605957031,1.0316905759993222,-0.00795427413999848,alpha,0
0.14085149765014648,0.13869529962539673,-0.002156198024749756,1.3445928692985476,-0.0025034090999526307,alpha,0
0.14290624856948853,0.1424199342727661,-0.0004863142967224121,4.1537574698632245,-0.0005670774265374443,alpha,0
0.14790993928909302,0.1420379877090454,-0.005871951580047607,2.390082512779557,-0.006844069429563851,alpha,0
0.14975816011428833,0.1464686393737793,-0.003289520740509033,1.7704244969654659,-0.0038540127431235457,alpha,0
0.140947163105011,0.14030134677886963,-0.0006458163261413574,1.5574812708752805,-0.0007512124437110657,alpha,0
0.15880781412124634,0.1571124792098999,-0.0016953349113464355,2.245032725872922,-0.002011341809589581,alpha,0
0.10727208852767944,0.11118835210800171,0.003916263580322266,1.221564957814184,0.004406179407763725,alpha,0
0.12177282571792603,0.12445926666259766,0.002686440944671631,2.7031386208295762,0.003068322057880055,alpha,0
0.16805970668792725,0.16535460948944092,-0.002705097198486328,2.2812064340516622,-0.0032410137637393518,alpha,0
0.1352142095565796,0.13476622104644775,-0.00044798851013183594,1.2139396356102212,-0.0005177658582327321,alpha,0
0.20587033033370972,0.21817362308502197,0.012303292751312256,1.5134750059530164,0.015736604845515735,alpha,0
0.10658931732177734,0.10522288084030151,-0.00136643648147583,0.9396960883054724,-0.0015271249702485414,alpha,0
0.1157834529876709,0.11578583717346191,2.384185791015625e-06,1.6079141323495196,2.696389507485582e-06,alpha,0
0.18333417177200317,0.17928755283355713,-0.004046618938446045,3.8230064036725624,-0.004930617236788878,alpha,0
0.11755317449569702,0.11643803119659424,-0.0011151432991027832,2.710283050988149,-0.0012620997037853547,alpha,0
0.1582818627357483,0.15497958660125732,-0.003302276134490967,2.021218452080198,-0.003907924686942101,alpha,0
0.13216328620910645,0.1307874321937561,-0.0013758540153503418,0.952691168422924,-0.001582874047510359,alpha,0
0.1331186294555664,0.130992591381073,-0.002126038074493408,1.0382466550562963,-0.002446513175154883,alpha,0
0.14153015613555908,0.14339423179626465,0.0018640756607055664,2.184881596890744,0.002176118501530116,alpha,0
0.16103792190551758,0.16078251600265503,-0.00025540590286254883,1.845397805484138,-0.0003043381575488683,alpha,0
0.12460863590240479,0.1245679259300232,-4.07099723815918e-05,2.334532063349024,-4.650271972824437e-05,alpha,0
0.15808922052383423,0.15678560733795166,-0.0013036131858825684,2.3738486459421826,-0.0015460044292733546,alpha,0
0.18719136714935303,0.1880210041999817,0.0008296370506286621,5.775157437376358,0.0010217469354749083,alpha,0
0.1871175765991211,0.19283616542816162,0.005718588829040527,4.034413204996237,0.007084793178418312,alpha,0
0.2129644751548767,0.2419988512992859,0.02903437614440918,8.929697198079326,0.03830386826481313,alpha,0
0.1909279227256775,0.1914057731628418,0.00047785043716430664,3.5464410722638577,0.0005909644433567547,alpha,0
0.19796210527420044,0.19932174682617188,0.0013596415519714355,4.141894692675583,0.0016981122524333827,alpha,0
0.240209698677063,0.2446843385696411,0.004474639892578125,4.663938108203255,0.00592419847895699,alpha,0
0.23126983642578125,0.23302197456359863,0.0017521381378173828,1.8498300313214324,0.0022844698018830946,alpha,0
0.2068536877632141,0.20734930038452148,0.000495612621307373,4.606218543399717,0.0006252598042842817,alpha,0
0.1685163378715515,0.1670941710472107,-0.0014221668243408203,1.299300379695367,-0.0017074761334410489,alpha,0
0.1942252516746521,0.19777697324752808,0.0035517215728759766,6.941636152247251,0.004427349321115747,alpha,0
0.17976915836334229,0.18325084447860718,0.0034816861152648926,2.54842764485452,0.004262858543198945,alpha,0
0.21925705671310425,0.21937865018844604,0.00012159347534179688,4.684381078905869,0.0001557649881996568,alpha,0
0.1492418646812439,0.1503283977508545,0.0010865330696105957,1.0018135890207254,0.0012787682520334443,alpha,0
0.20018517971038818,0.2024819254875183,0.002296745777130127,3.965257853039438,0.0028798667397401806,alpha,0
0.16842305660247803,0.1640508770942688,-0.0043721795082092285,2.996361679779929,-0.005230198092692147,alpha,0
0.18719255924224854,0.18195253610610962,-0.005240023136138916,1.9012312610113165,-0.006405524578239636,alpha,0
0.18092560768127441,0.17620325088500977,-0.0047223567962646484,4.019407798497533,-0.005732429511694365,alpha,0
0.19017797708511353,0.19395095109939575,0.0037729740142822266,3.208027130106779,0.004680824348627798,alpha,0
0.17378175258636475,0.17516732215881348,0.0013855695724487305,1.083832110483836,0.0016798189616773504,alpha,0
0.16351008415222168,0.16185247898101807,-0.0016576051712036133,1.6207136790206818,-0.0019777009770169953,alpha,0
0.17214500904083252,0.1732027530670166,0.001057744026184082,1.0892466564927996,0.0012793269814429101,alpha,0
0.16869378089904785,0.1699633002281189,0.001269519329071045,1.1453884903717384,0.001529473732209608,alpha,0
0.1786341667175293,0.17675280570983887,-0.0018813610076904297,4.970332800444066,-0.002285292948143746,alpha,0
0.17201966047286987,0.1786050796508789,0.006585419178009033,1.0380198419506879,0.008017360486244551,alpha,0
0.13596773147583008,0.13671302795410156,0.0007452964782714844,1.2334919889819564,0.0008633241348531079,alpha,0
0.16926813125610352,0.16791248321533203,-0.0013556480407714844,2.761043652216986,-0.0016292132899793355,alpha,0
0.2552230954170227,0.3108593821525574,0.05563628673553467,1.0051704242360393,0.08073285087928318,alpha,0
0.134066641330719,0.13317394256591797,-0.0008926987648010254,1.5888195265209828,-0.0010298476345341186,alpha,0
0.2195013165473938,0.2184312343597412,-0.0010700821876525879,3.598904062737659,-0.0013691465609887567,alpha,0
0.18140774965286255,0.18057680130004883,-0.0008309483528137207,1.3855089710999449,-0.001014064959513051,alpha,0
0.19219154119491577,0.19232815504074097,0.0001366138458251953,3.9517628584493103,0.00016914523723689595,alpha,0
0.22941184043884277,0.2449323534965515,0.01552051305770874,5.779485278507669,0.020555129238526915,alpha,0
0.2053322196006775,0.2032497525215149,-0.0020824670791625977,2.6846707798956015,-0.00261370120154099,alpha,0
0.18994438648223877,0.1896437406539917,-0.0003006458282470703,2.9353126968867853,-0.0003710045116325802,alpha,0
0.18714028596878052,0.18910813331604004,0.0019678473472595215,2.2471567266370767,0.0024267691268217858,alpha,0
0.18633592128753662,0.1825946569442749,-0.0037412643432617188,3.5020348379882598,-0.004577000107774761,alpha,0
0.1960870623588562,0.1976420283317566,0.0015549659729003906,5.810597812640735,0.0019379952936310245,alpha,0
0.1752086877822876,0.17643976211547852,0.001231074333190918,2.521318298011408,0.0014948200223376224,alpha,0
0.24935853481292725,0.2760171890258789,0.02665865421295166,2.109288443079552,0.03682221982187997,alpha,0
0.22032606601715088,0.2186538577079773,-0.001672208309173584,3.703120045383096,-0.0021401632626844246,alpha,0
0.23321068286895752,0.24684804677963257,0.013637363910675049,3.5315806280510897,0.01810705509341598,alpha,0
0.21368050575256348,0.20928019285202026,-0.004400312900543213,4.580839613072066,-0.005564945838924348,alpha,0
0.2096131443977356,0.20653098821640015,-0.0030821561813354492,2.283928426105967,-0.003884406492960856,alpha,0
0.24099183082580566,0.2621647119522095,0.02117288112640381,5.309106797697085,0.028695945381555694,alpha,0
0.2534328103065491,0.25599759817123413,0.0025647878646850586,5.62568117385629,0.0034472843883041004,alpha,0
0.08530682325363159,0.0862504243850708,0.000943601131439209,0.9631189501305527,0.0010326692965128771,alpha,0
0.24209702014923096,0.26358866691589355,0.021491646766662598,4.889017756774873,0.029184296603170297,alpha,0
0.08113425970077515,0.08156555891036987,0.00043129920959472656,1.2527655058934715,0.00046960260885146405,alpha,0
0.11654466390609741,0.12436193227767944,0.007817268371582031,1.7152841448172964,0.008927510874345653,alpha,0
0.2037157416343689,0.20641446113586426,0.0026987195014953613,1.9571947269713503,0.0034006661781640535,alpha,0
0.15720224380493164,0.16020989418029785,0.003007650375366211,2.021500734621365,0.0035814310677434145,alpha,0
0.16694557666778564,0.16553837060928345,-0.0014072060585021973,2.012357153970937,-0.00168636400876775,alpha,0
0.23904931545257568,0.23775237798690796,-0.0012969374656677246,1.8295205371341012,-0.0017014647579254095,alpha,0
0.13696271181106567,0.1472368836402893,0.010274171829223633,4.708788551760694,0.012048095927368656,alpha,0
0.17006295919418335,0.1688939929008484,-0.001168966293334961,2.189092773273893,-0.0014065188836921766,alpha,0
0.17675644159317017,0.17009538412094116,-0.006661057472229004,1.4154771182272343,-0.008026292835078908,alpha,0
0.13428741693496704,0.13465237617492676,0.0003649592399597168,0.8003411362623017,0.00042174870527349125,alpha,0
0.1369052529335022,0.13834106922149658,0.0014358162879943848,2.2772141397170524,0.0016663394722748754,alpha,0
0.1301899552345276,0.12958788871765137,-0.0006020665168762207,1.125003504659341,-0.0006917028256755488,alpha,0
0.21865850687026978,0.21929597854614258,0.0006374716758728027,2.6600813220641535,0.0008165343822434502,alpha,0
0.1267470121383667,0.1293412446975708,0.0025942325592041016,1.7968275692260465,0.0029796203660789897,alpha,0
0.07325482368469238,0.07840174436569214,0.005146920680999756,0.9133114596724563,0.005584776934562759,alpha,0
0.27069413661956787,0.28903573751449585,0.01834160089492798,2.352644672578295,0.025798203739251867,alpha,0
0.23808705806732178,0.2574009895324707,0.019313931465148926,6.6490552717154605,0.02600856073453311,alpha,0
0.0820167064666748,0.08244466781616211,0.0004279613494873047,1.045979892477013,0.0004664147593897476,alpha,0
0.15716087818145752,0.15719598531723022,3.510713577270508e-05,1.1249403310603796,4.165515963508948e-05,alpha,0
0.13262498378753662,0.135273277759552,0.002648293972015381,2.02974970862774,0.00306257908296604,alpha,0
0.09523051977157593,0.09520930051803589,-2.1219253540039062e-05,1.9834488445776794,-2.345211279491279e-05,alpha,0
0.15231353044509888,0.152035653591156,-0.0002778768539428711,1.6561490444349376,-0.00032769874714625493,alpha,0
0.14316487312316895,0.1449560523033142,0.0017911791801452637,2.711920977546884,0.0020948387331087897,alpha,0
0.10078257322311401,0.10021394491195679,-0.0005686283111572266,1.627339674891198,-0.0006319594618540591,alpha,0
0.11195683479309082,0.1151423454284668,0.0031855106353759766,1.470846627492119,0.0036000260820690626,alpha,0
0.20500671863555908,0.20493382215499878,-7.289648056030273e-05,2.38663344770685,-9.16860540563882e-05,alpha,0
0.15272456407546997,0.1511828899383545,-0.0015416741371154785,3.428172883056803,-0.0018162618529255544,alpha,0
0.12103033065795898,0.11834478378295898,-0.002685546875,0.7751931623256276,-0.003046028453756561,alpha,0
0.2625804543495178,0.2863548994064331,0.023774445056915283,3.172581445688582,0.03331410113674309,alpha,0
0.21581000089645386,0.2143239974975586,-0.0014860033988952637,1.8500405065816075,-0.0018913692083788011,alpha,0
0.11510688066482544,0.11385351419448853,-0.001253366470336914,0.5413329975035003,-0.001414400993981935,alpha,0
0.1676926612854004,0.16333872079849243,-0.004353940486907959,1.88709034718494,-0.005203946441818451,alpha,0
0.07231670618057251,0.07038789987564087,-0.0019288063049316406,3.881966793767173,-0.0020748506873712316,alpha,0
0.1220199465751648,0.12453609704971313,0.00251615047454834,2.3142427048255927,0.0028740767792583897,alpha,0
0.13129794597625732,0.13048869371414185,-0.0008092522621154785,1.5626318835444708,-0.0009306978026222824,alpha,0
0.16718626022338867,0.16874909400939941,0.0015628337860107422,6.865444703196185,0.0018800987460558798,alpha,0
0.12735062837600708,0.1246953010559082,-0.002655327320098877,2.413285556869914,-0.003033603410677543,alpha,0
0.13481414318084717,0.13477706909179688,-3.707408905029297e-05,1.5571764786052122,-4.2849175311820754e-05,alpha,0
0.08803510665893555,0.08927243947982788,0.001237332820892334,0.8421855709965235,0.0013586201565983329,alpha,0
0.15615886449813843,0.1532573699951172,-0.0029014945030212402,1.1122012740275418,-0.0034266545703557035,alpha,0
0.1190871000289917,0.12001532316207886,0.0009282231330871582,2.087976584119963,0.001054817382073713,alpha,0
0.1231616735458374,0.11986744403839111,-0.003294229507446289,0.8012238212091354,-0.0037428788256186063,alpha,0
0.11507052183151245,0.11424082517623901,-0.0008296966552734375,1.059243401482533,-0.0009367068147372244,alpha,0
0.11142963171005249,0.11146324872970581,3.361701965332031e-05,1.1816050839507173,3.783413528507384e-05,alpha,0
0.18204796314239502,0.18394017219543457,0.0018922090530395508,1.6790181867977478,0.002318713639084692,alpha,0
0.16011548042297363,0.15908586978912354,-0.0010296106338500977,0.7290131400722502,-0.0012243944974404243,alpha,0
0.16984617710113525,0.17032235860824585,0.0004761815071105957,4.356182007132813,0.0005739355664831687,alpha,0
0.2038624882698059,0.20210057497024536,-0.0017619132995605469,1.5031566406092998,-0.002208189709492325,alpha,0
0.1274724006652832,0.13192158937454224,0.004449188709259033,0.8474191143849946,0.005125330448033324,alpha,0
0.11567896604537964,0.11530989408493042,-0.00036907196044921875,2.2074522508357184,-0.00041717654349425915,alpha,0
0.15283465385437012,0.1496211290359497,-0.00321352481842041,2.23671950975835,-0.0037789330475454176,alpha,0
0.11092209815979004,0.11163204908370972,0.0007099509239196777,9.264397529687374,0.0007991631431406461,alpha,0
0.17009615898132324,0.16907751560211182,-0.0010186433792114258,1.2498648835667097,-0.0012259186606913951,alpha,0
0.1273118257522583,0.12646371126174927,-0.0008481144905090332,0.809373911421549,-0.0009708978338313373,alpha,0
0.1287078857421875,0.13141876459121704,0.002710878849029541,1.0808409574713607,0.0031210423832765764,alpha,0
0.225830078125,0.2283799648284912,0.002549886703491211,1.9789380912239098,0.003304588511526201,alpha,0
0.09622311592102051,0.09581023454666138,-0.00041288137435913086,1.7069700127610992,-0.0004566313291017204,alpha,0
0.18742918968200684,0.18819522857666016,0.0007660388946533203,3.791940078409358,0.0009436245284814253,alpha,0
0.1823156476020813,0.1825658082962036,0.00025016069412231445,1.6770063101746098,0.0003060316006612091,alpha,0
0.19592785835266113,0.19197487831115723,-0.003952980041503906,2.31283134162358,-0.00489214992875696,alpha,0
0.17591071128845215,0.17784035205841064,0.001929640769958496,3.015088533860655,0.002347039014611902,alpha,0
0.1388292908668518,0.14273500442504883,0.0039057135581970215,1.2237387272272566,0.00455601660905043,alpha,0
0.14274942874908447,0.14656072854995728,0.0038112998008728027,0.6269137404750296,0.004465812540354727,alpha,0
0.13778901100158691,0.13813620805740356,0.0003471970558166504,1.6637834080888378,0.0004028444622718007,alpha,0
0.19162452220916748,0.18655532598495483,-0.0050691962242126465,4.637350650980615,-0.006231765215440932,alpha,0
0.13012480735778809,0.1339646577835083,0.003839850425720215,1.1005827518867448,0.004433826471668783,alpha,0
0.13572359085083008,0.1367056965827942,0.0009821057319641113,1.6045169699321173,0.0011376256371397452,alpha,0
0.2208092212677002,0.2190139889717102,-0.0017952322959899902,3.633743679432027,-0.0022986740743618276,alpha,0
0.1126478910446167,0.11455714702606201,0.0019092559814453125,1.2196059443270786,0.0021562723952570084,alpha,0
0.12789177894592285,0.13103324174880981,0.003141462802886963,1.8467913901038961,0.0036151702847749987,alpha,0
0.1182551383972168,0.12178272008895874,0.0035275816917419434,2.5896998563553817,0.004016752769997043,alpha,0
0.09909790754318237,0.09624719619750977,-0.0028507113456726074,1.2891117638732021,-0.0031543042894897765,alpha,0
0.11427628993988037,0.11752253770828247,0.0032462477684020996,0.7126065437260053,0.0036785616711070166,alpha,0
0.14058202505111694,0.1364656686782837,-0.004116356372833252,1.1509960269388437,-0.004766870549932626,alpha,0
0.1231919527053833,0.11753296852111816,-0.005658984184265137,1.5409846003117784,-0.006412686233480623,alpha,0
0.06953626871109009,0.07259762287139893,0.003061354160308838,0.7629418436516446,0.0033009988283481894,alpha,0
0.12518703937530518,0.1290891170501709,0.0039020776748657227,1.4684702120101722,0.004480455751855051,alpha,0
0.10674995183944702,0.10918116569519043,0.002431213855743408,1.4302053701125772,0.002729190001512165,alpha,0
0.11089849472045898,0.11334621906280518,0.0024477243423461914,3.16114659276676,0.0027606314831917166,alpha,0
0.12104898691177368,0.11986714601516724,-0.0011818408966064453,0.441977464146346,-0.0013427982960249906,alpha,0
0.11899775266647339,0.122028648853302,0.0030308961868286133,0.9859111959430968,0.0034521584136772004,alpha,0
0.05807185173034668,0.05624830722808838,-0.0018235445022583008,0.6428313893241764,-0.0019322291194014524,alpha,0
0.13306981325149536,0.1337772011756897,0.0007073879241943359,0.9498072087995612,0.0008166350795135447,alpha,0
0.10483485460281372,0.1030462384223938,-0.0017886161804199219,1.168579243672894,-0.001994100763091752,alpha,0
0.13226008415222168,0.13162559270858765,-0.0006344914436340332,0.942719492039782,-0.0007306657569666354,alpha,0
0.1351943016052246,0.13831394910812378,0.00311964750289917,0.8227458109688601,0.003620399215781922,alpha,0
0.11769485473632812,0.11643582582473755,-0.0012590289115905762,0.9560594149438714,-0.0014249433695812538,alpha,0
0.16869473457336426,0.17302727699279785,0.004332542419433594,6.660368503256184,0.005239039086656624,alpha,0
0.11772441864013672,0.116909921169281,-0.0008144974708557129,0.7408282762238435,-0.0009223266010803472,alpha,0
0.1637125015258789,0.16284310817718506,-0.0008693933486938477,1.75904032203242,-0.001038507067415812,alpha,0
0.12449043989181519,0.12423276901245117,-0.00025767087936401367,1.6046281171264623,-0.00029422301982394807,alpha,0
0.12724173069000244,0.1306127905845642,0.0033710598945617676,2.2000389542542913,0.0038775126411491868,alpha,0
0.17429035902023315,0.17678189277648926,0.0024915337562561035,3.1589355084589377,0.0030265779316484723,alpha,0
0.117043137550354,0.11945056915283203,0.0024074316024780273,1.2399038822207171,0.0027340107416364587,alpha,0
0.13660722970962524,0.13754040002822876,0.0009331703186035156,2.08875122058509,0.0010819872822263894,alpha,0
0.18926870822906494,0.18789708614349365,-0.001371622085571289,2.319941641430515,-0.0016889756977446905,alpha,0
0.14181524515151978,0.14156055450439453,-0.00025469064712524414,0.9725236868002906,-0.00029669028894426305,alpha,0
0.1666281819343567,0.16694945096969604,0.00032126903533935547,1.3196604232963174,0.0003856537105861371,alpha,0
0.08309203386306763,0.08321326971054077,0.00012123584747314453,1.0170101197041623,0.00013223996756024867,alpha,0
0.16110855340957642,0.15379709005355835,-0.007311463356018066,0.7553329763693123,-0.008640319325397766,alpha,0
0.13025903701782227,0.13357585668563843,0.003316819667816162,1.2810104133011548,0.003828170871518215,alpha,0
0.12238484621047974,0.12191873788833618,-0.0004661083221435547,1.4709876501217027,-0.0005308259522844488,alpha,0
0.1368786096572876,0.1336725950241089,-0.003206014633178711,1.4141190528813754,-0.0037006963126924638,alpha,0
0.12914305925369263,0.13082700967788696,0.001683950424194336,3.0403980840540394,0.0019374168812704002,alpha,0
0.1599348783493042,0.15849697589874268,-0.0014379024505615234,3.4852208891947805,-0.0017087311743142373,alpha,0
0.15351969003677368,0.15113312005996704,-0.0023865699768066406,1.3635023075217685,-0.002811477315471699,alpha,0
0.10341757535934448,0.10497450828552246,0.0015569329261779785,1.7567426492809513,0.0017395403154334473,alpha,0
0.1015511155128479,0.10211741924285889,0.0005663037300109863,1.0786691375582322,0.0006307102311010975,alpha,0
0.10474485158920288,0.10902285575866699,0.004278004169464111,1.6254190314971215,0.004801474647373623,alpha,0
0.20885783433914185,0.2143295407295227,0.005471706390380859,5.192064278832379,0.006964378418225794,alpha,0
0.10833674669265747,0.11054360866546631,0.002206861972808838,1.030148331483299,0.00248113566253392,alpha,0
0.08237344026565552,0.08150285482406616,-0.0008705854415893555,1.364223154488718,-0.0009478368508402919,alpha,0
0.05171322822570801,0.05353832244873047,0.001825094223022461,0.9866904787787115,0.0019283339899661138,alpha,0
0.1566144824028015,0.1612512469291687,0.0046367645263671875,0.8787431709962575,0.005528192452615925,alpha,0
0.1103162169456482,0.10950440168380737,-0.0008118152618408203,1.3990443786279199,-0.0009116443285916895,alpha,0
0.07710540294647217,0.07794582843780518,0.0008404254913330078,1.774236107100866,0.0009114708411427854,alpha,0
0.14516568183898926,0.1478295922279358,0.002663910388946533,2.3735966260638652,0.003126030151541084,alpha,0
0.15346860885620117,0.15110844373703003,-0.0023601651191711426,1.2298097788608948,-0.002780290487940735,alpha,0
0.1645815372467041,0.16913986206054688,0.0045583248138427734,2.71095161092102,0.005486272124147747,alpha,0
0.13925224542617798,0.14136850833892822,0.002116262912750244,1.779383899737556,0.002464692866850495,alpha,0
0.07549518346786499,0.07533681392669678,-0.0001583695411682129,1.1808492216776456,-0.00017127267912627598,alpha,0
0.08636587858200073,0.08653903007507324,0.00017315149307250977,1.2852900259158317,0.00018955543671093063,alpha,0
0.11724221706390381,0.11538022756576538,-0.0018619894981384277,1.11940792946516,-0.002104847253204318,alpha,0
0.13727718591690063,0.13813930749893188,0.00086212158203125,0.9836075016585164,0.0010003027049875367,alpha,0
0.16733616590499878,0.1634671688079834,-0.003868997097015381,0.997491410986339,-0.004625039152978919,alpha,0
0.1784346103668213,0.1819155216217041,0.0034809112548828125,2.2895523422102237,0.004254953304801831,alpha,0
0.2661927342414856,0.28624314069747925,0.020050406455993652,3.082394573565171,0.02809136780217678,alpha,0
0.18428558111190796,0.1832563281059265,-0.0010292530059814453,1.373139204194249,-0.0012601909771698028,alpha,0
0.17486214637756348,0.1756190061569214,0.0007568597793579102,2.091192751081261,0.0009180946492101913,alpha,0
0.13245916366577148,0.13561224937438965,0.003153085708618164,1.4223148947626099,0.0036477676902941796,alpha,0
0.22566848993301392,0.22961360216140747,0.003945112228393555,1.9448455032662146,0.0051209526017879075,alpha,0
0.23552322387695312,0.23983252048492432,0.004309296607971191,9.018529329636452,0.005668877877701593,alpha,0
0.18486833572387695,0.18571245670318604,0.000844120979309082,1.9054383053744988,0.0010366374707041215,alpha,0
0.20809543132781982,0.2079370617866516,-0.0001583695411682129,1.451202569879229,-0.0001999456527096775,alpha,0
0.1833372712135315,0.17671048641204834,-0.006626784801483154,2.2683393607237052,-0.008049154874575259,alpha,0
0.14714276790618896,0.1477453112602234,0.0006025433540344238,0.6863976836443023,0.0007069991658542831,alpha,0
0.17252099514007568,0.16831594705581665,-0.004205048084259033,1.3749677085876835,-0.005056064342430341,alpha,0
0.1343977451324463,0.13092297315597534,-0.0034747719764709473,1.3406778169719786,-0.003998232457126695,alpha,0
0.23649346828460693,0.25199806690216064,0.015504598617553711,3.5607167914899547,0.020728019449550935,alpha,0
0.19824469089508057,0.20043635368347168,0.0021916627883911133,2.1866016162094826,0.002741073582431843,alpha,0
0.13641750812530518,0.13489514589309692,-0.001522362232208252,0.9036842138952691,-0.001759743024190834,alpha,0
0.14588099718093872,0.14836221933364868,0.002481222152709961,1.2927478635172571,0.0029134712069356123,alpha,0
0.2003951072692871,0.20369833707809448,0.003303229808807373,7.842191382898196,0.004148214128659085,alpha,0
0.13223230838775635,0.13465529680252075,0.0024229884147644043,4.283408500159925,0.0028000268630655233,alpha,0
0.14837539196014404,0.1494230031967163,0.0010476112365722656,2.6532325610729703,0.0012316477408976425,alpha,0
0.18611246347427368,0.18133848905563354,-0.004773974418640137,3.903756343053856,-0.005831438701855082,alpha,0
0.11727970838546753,0.11895877122879028,0.001679062843322754,1.3432826824158959,0.0019057710223896636,alpha,0
0.17405599355697632,0.17435204982757568,0.00029605627059936523,2.0212314430615974,0.0003585744632897572,alpha,0
0.1133773922920227,0.1123613715171814,-0.0010160207748413086,1.1424319263746427,-0.0011446333476697887,alpha,0
0.1193801760673523,0.11870086193084717,-0.000679314136505127,1.4982001454756173,-0.0007708099408714311,alpha,0
0.1313362717628479,0.13113665580749512,-0.0001996159553527832,1.261085388810898,-0.00022974378731364275,alpha,0
0.169846773147583,0.16913342475891113,-0.000713348388671875,1.7690440665047957,-0.0008585594967096682,alpha,0
0.18592071533203125,0.1834312081336975,-0.0024895071983337402,1.671873429266226,-0.0030487415428207417,alpha,0
0.1991615891456604,0.1995546817779541,0.00039309263229370117,6.885557979473493,0.0004910924248602527,alpha,0
0.14990001916885376,0.1440008282661438,-0.005899190902709961,1.4743980775789975,-0.006891584825673305,alpha,0
0.1314883828163147,0.13276320695877075,0.0012748241424560547,1.690959429248817,0.0014699839221367634,alpha,0
0.1292523741722107,0.1304558515548706,0.0012034773826599121,1.0368172948031875,0.0013840325241816687,alpha,0
0.1473304033279419,0.14268851280212402,-0.004641890525817871,1.1259463080847154,-0.005414473729950707,alpha,0
0.10692429542541504,0.10635453462600708,-0.000569760799407959,1.6914619382356613,-0.0006375691719864685,alpha,0
0.14691662788391113,0.14732766151428223,0.00041103363037109375,0.6149337448032564,0.0004820534357911255,alpha,0
0.1266682744026184,0.12648731470108032,-0.00018095970153808594,1.3526782590257298,-0.0002071632210769335,alpha,0
0.1936970353126526,0.19505083560943604,0.0013538002967834473,1.7249821882394618,0.0016818457073726199,alpha,0
0.1924007534980774,0.1887715458869934,-0.0036292076110839844,1.534609037555673,-0.004473718337520771,alpha,0
0.13758975267410278,0.1389874815940857,0.0013977289199829102,2.559530671465479,0.0016233549339917579,alpha,0
0.17013829946517944,0.17095184326171875,0.0008135437965393066,1.2864181810340491,0.00098129860120554,alpha,0
0.1812729835510254,0.18103700876235962,-0.00023597478866577148,2.4362862780678642,-0.0002881385254163434,alpha,0
0.14836925268173218,0.15083235502243042,0.002463102340698242,1.0518741433504561,0.0029006078543693265,alpha,0
0.13237810134887695,0.14135676622390747,0.008978664875030518,5.279356076757096,0.010456805017311619,alpha,0
0.16192549467086792,0.15915119647979736,-0.0027742981910705566,0.9358486866575527,-0.003299401960799603,alpha,0
0.16236424446105957,0.16000038385391235,-0.002363860607147217,2.413162714013898,-0.0028141210563792786,alpha,0
0.14557111263275146,0.14471477270126343,-0.0008563399314880371,1.2760380631027242,-0.0010012331607698072,alpha,0
0.11313748359680176,0.11322665214538574,8.916854858398438e-05,0.8437988139026619,0.00010055393387691608,alpha,0
0.1447046399116516,0.1443343162536621,-0.00037032365798950195,1.2482981331059502,-0.0004327901247226883,alpha,0
0.1368100643157959,0.1336306929588318,-0.0031793713569641113,1.4559688561953528,-0.003669764534736725,alpha,0
0.12088990211486816,0.11907958984375,-0.001810312271118164,0.8949395540432463,-0.0020550236437331115,alpha,0
0.11329209804534912,0.11108678579330444,-0.0022053122520446777,1.5588393059305024,-0.002480908391054568,alpha,0
0.17426180839538574,0.1702374815940857,-0.004024326801300049,2.6732389266229535,-0.004849974193858892,alpha,0
0.13585740327835083,0.13477468490600586,-0.0010827183723449707,1.0143333439321194,-0.0012513715831665756,alpha,0
0.12912213802337646,0.13057971000671387,0.0014575719833374023,0.8334188462796189,0.0016764871951040596,alpha,0
0.14531904458999634,0.14247864484786987,-0.002840399742126465,2.299793777304436,-0.0033123370340118917,alpha,0
0.10543704032897949,0.10811096429824829,0.002673923969268799,1.0074799360067395,0.0029980455664699534,alpha,0
0.11028903722763062,0.11430901288986206,0.004019975662231445,1.4927043432521307,0.004538801591905045,alpha,0
0.147344172000885,0.150718092918396,0.0033739209175109863,1.329199734888905,0.003972674902618407,alpha,0
0.13150674104690552,0.13020473718643188,-0.0013020038604736328,4.806264566973102,-0.001496908429073273,alpha,0
0.09391355514526367,0.09859013557434082,0.0046765804290771484,0.7695479296415092,0.005188073276807184,alpha,0
0.14829868078231812,0.14505797624588013,-0.0032407045364379883,0.7932517871355601,-0.003790554735171154,alpha,0
0.15638524293899536,0.1530577540397644,-0.003327488899230957,1.4274958367573212,-0.003928826215839969,alpha,0
0.09610182046890259,0.09746873378753662,0.0013669133186340332,1.3757332470447317,0.001514532925125555,alpha,0
0.13276171684265137,0.128678560256958,-0.004083156585693359,1.528672523918698,-0.004686165632395671,alpha,0
0.15631449222564697,0.1647876501083374,0.00847315788269043,1.392552603312931,0.010144914504424538,alpha,0
0.15419065952301025,0.15357261896133423,-0.0006180405616760254,0.8633931503025426,-0.0007301755301413065,alpha,0
0.14294850826263428,0.13953107595443726,-0.0034174323081970215,1.735966372645706,-0.003971592945076614,alpha,0
0.11167842149734497,0.11445146799087524,0.0027730464935302734,1.2131014673554712,0.0031314449669277975,alpha,0
0.1275036334991455,0.13070911169052124,0.0032054781913757324,1.0166567279232632,0.0036874632352462216,alpha,0
0.12292295694351196,0.12351113557815552,0.0005881786346435547,1.2942193132471134,0.0006710623015519233,alpha,0
0.10047858953475952,0.1041480302810669,0.003669440746307373,1.3959421796242018,0.004096034691377229,alpha,0
0.1267375349998474,0.1257266402244568,-0.001010894775390625,1.0622580611286683,-0.0011562685332767743,alpha,0
0.10385864973068237,0.10256683826446533,-0.001291811466217041,1.3859521588333017,-0.0014394514503105983,alpha,0
0.1466885209083557,0.149361252784729,0.002672731876373291,0.9930528056843041,0.0031420293104716794,alpha,0
0.11179232597351074,0.11591911315917969,0.004126787185668945,2.072401670950515,0.004667884180163231,alpha,0
0.18073195219039917,0.1935943365097046,0.01286238431930542,4.907433464103295,0.015950265358547065,alpha,0
0.15214622020721436,0.16947388648986816,0.01732766628265381,4.416604355030243,0.020863481594118983,alpha,0
0.17765814065933228,0.17531818151474,-0.002339959144592285,1.030384931582065,-0.0028374084309148724,alpha,0
0.21732473373413086,0.21991097927093506,0.0025862455368041992,2.84510940526421,0.003315321031421664,alpha,0
0.1360340714454651,0.13697218894958496,0.000938117504119873,1.8282998427390456,0.0010870072691841347,alpha,0
0.1615249514579773,0.1686398983001709,0.0071149468421936035,3.519965183287121,0.008558200986126379,alpha,0
0.1291329264640808,0.12978923320770264,0.0006563067436218262,0.6139575612346629,0.0007541928561066333,alpha,0
0.1952739953994751,0.19198155403137207,-0.0032924413681030273,2.377305377852431,-0.004074710651136372,alpha,0
0.20506072044372559,0.21484440565109253,0.009783685207366943,2.531355207942316,0.012460823405939165,alpha,0
0.2559719681739807,0.2649497389793396,0.008977770805358887,2.2597336522296447,0.01221381894741827,alpha,0
0.15327221155166626,0.15195941925048828,-0.0013127923011779785,1.3890435918537136,-0.0015480300482999432,alpha,0
0.06903856992721558,0.06981325149536133,0.000774681568145752,0.6815770305687842,0.0008328236984574595,alpha,0
0.11040198802947998,0.11128842830657959,0.0008864402770996094,1.3383995811681395,0.0009974442837629726,alpha,0
0.17124563455581665,0.16936522722244263,-0.0018804073333740234,1.2525072103853268,-0.002263819665394135,alpha,0
0.12300962209701538,0.12187838554382324,-0.0011312365531921387,0.8061584123851103,-0.0012882458814007405,alpha,0
0.13042694330215454,0.1308615803718567,0.00043463706970214844,1.4519936023408402,0.0005000780771929352,alpha,0
0.09513920545578003,0.09358251094818115,-0.001556694507598877,1.064509489038511,-0.0017174144656313913,alpha,0
0.09436476230621338,0.09871852397918701,0.004353761672973633,1.9551811681542641,0.004830634811441629,alpha,0
0.09040564298629761,0.09070676565170288,0.00030112266540527344,1.0476707740277595,0.0003311612294367198,alpha,0
0.22059476375579834,0.21890974044799805,-0.001685023307800293,1.8182395052392413,-0.002157270926367391,alpha,0
0.1518956422805786,0.15319478511810303,0.001299142837524414,1.9461197107656132,0.0015341696233006834,alpha,0
0.11033439636230469,0.1110696792602539,0.0007352828979492188,1.0159695133690696,0.0008271547058236626,alpha,0
0.11439985036849976,0.11216920614242554,-0.0022306442260742188,1.0446968087982111,-0.0025124654849852596,alpha,0
0.13210636377334595,0.13286685943603516,0.000760495662689209,1.5684238434928925,0.0008770229473580019,alpha,0
0.16284650564193726,0.1669255495071411,0.004079043865203857,1.267463169893257,0.004896373742815706,alpha,0
0.09501147270202637,0.0943635106086731,-0.0006479620933532715,0.9969123506739896,-0.0007154770163785727,alpha,0
0.1038556694984436,0.10423845052719116,0.0003827810287475586,1.6038862503358369,0.00042732469257342025,alpha,0
0.14865779876708984,0.14822089672088623,-0.0004369020462036133,1.2050601141613733,-0.0005129288151372361,alpha,0
0.12243741750717163,0.12115228176116943,-0.0012851357460021973,1.5578567876466913,-0.0014622962765125553,alpha,0
0.13254523277282715,0.13530397415161133,0.0027587413787841797,1.6560297236003831,0.0031904175528937647,alpha,0
0.14067316055297852,0.1417422890663147,0.0010691285133361816,1.3884207650609652,0.0012456963680210844,alpha,0
0.1288509964942932,0.13699018955230713,0.008139193058013916,1.2197836588521795,0.009431170954814116,alpha,0
0.11030954122543335,0.11231499910354614,0.002005457878112793,1.4591599971954028,0.0022591999144826423,alpha,0
0.12694108486175537,0.12777096033096313,0.0008298754692077637,1.3083456024372289,0.0009514421458871123,alpha,0
0.1369262933731079,0.13102680444717407,-0.005899488925933838,0.6890134556368664,-0.006789034409951718,alpha,0
0.1348094344139099,0.13683336973190308,0.002023935317993164,1.1853241719826226,0.002344779382127569,alpha,0
0.13743585348129272,0.13894015550613403,0.0015043020248413086,1.9132098687861405,0.0017470353941839462,alpha,0
0.13059300184249878,0.12842297554016113,-0.0021700263023376465,0.9400645697874576,-0.0024897699703391373,alpha,0
0.13951164484024048,0.14290577173233032,0.0033941268920898438,1.7327606466569299,0.00396003937507541,alpha,0
0.10804885625839233,0.10512995719909668,-0.0029188990592956543,0.7124711600376433,-0.0032618133580152382,alpha,0
0.14216166734695435,0.14437180757522583,0.0022101402282714844,2.1525918935599107,0.0025830614837598367,alpha,0
0.12001961469650269,0.11897623538970947,-0.0010433793067932129,1.2790375682746975,-0.0011842805480448513,alpha,0
0.13301634788513184,0.13717132806777954,0.004154980182647705,2.217632578900969,0.004815533277705101,alpha,0
0.1437552571296692,0.14615625143051147,0.002400994300842285,0.8281020519873178,0.0028119832286233395,alpha,0
0.16176074743270874,0.16123533248901367,-0.0005254149436950684,2.732029834982346,-0.0006264152080394902,alpha,0
0.17946481704711914,0.1775171160697937,-0.0019477009773254395,2.9240043607315904,-0.002368074783536427,alpha,0
0.15537285804748535,0.15750086307525635,0.002128005027770996,1.7892526233871169,0.0025258245789290114,alpha,0
0.20619773864746094,0.22395449876785278,0.017756760120391846,1.69602971348046,0.02288108118943926,alpha,0
0.10224795341491699,0.10080033540725708,-0.0014476180076599121,1.5095071910802575,-0.0016098960716534004,alpha,0
0.1158950924873352,0.11471986770629883,-0.001175224781036377,1.6297204532005134,-0.0013275174017420325,alpha,0
0.13845980167388916,0.1397504210472107,0.0012906193733215332,1.0422600280436702,0.0015002848067564851,alpha,0
0.22449767589569092,0.23312801122665405,0.008630335330963135,2.505468942742744,0.011253945192036329,alpha,0
0.11509537696838379,0.11214083433151245,-0.002954542636871338,0.8727068251088043,-0.003327715420549611,alpha,0
0.10171389579772949,0.10284698009490967,0.0011330842971801758,0.8528935002865548,0.0012629777440865601,alpha,0
0.1271178126335144,0.12666070461273193,-0.0004571080207824707,0.9523774735044619,-0.0005234025575131983,alpha,0
0.11775791645050049,0.11906880140304565,0.001310884952545166,1.9622608679143585,0.0014880673480891498,alpha,0
0.08435171842575073,0.08441746234893799,6.574392318725586e-05,1.9871034109254553,7.180556693001451e-05,alpha,0
0.14722812175750732,0.1502697467803955,0.0030416250228881836,1.3678458112798286,0.0035795183369822956,alpha,0
0.10582327842712402,0.10574918985366821,-7.408857345581055e-05,1.8291434936156854,-8.28498812807192e-05,alpha,0
0.12485742568969727,0.13016384840011597,0.005306422710418701,0.6339596249560169,0.006100485362281887,alpha,0
0.12872642278671265,0.12991434335708618,0.0011879205703735352,1.7110106804472367,0.001365291521936974,alpha,0
0.1094394326210022,0.11028319597244263,0.0008437633514404297,0.9850251009771764,0.0009483504724434716,alpha,0
0.119326651096344,0.12318360805511475,0.003856956958770752,1.3870459448053807,0.004398819404157754,alpha,0
0.22015470266342163,0.23644107580184937,0.016286373138427734,4.359498816696238,0.021329556400026137,alpha,0
0.13542461395263672,0.13860636949539185,0.003181755542755127,2.037453810142146,0.003693730055667164,alpha,0
0.13182169198989868,0.13237279653549194,0.0005511045455932617,2.4504301391202024,0.0006351858763679321,alpha,0
0.1610041856765747,0.16346919536590576,0.0024650096893310547,2.110029681925822,0.0029467052207470964,alpha,0
0.11342918872833252,0.11147809028625488,-0.0019510984420776367,0.8076316388973318,-0.0021958923249357143,alpha,0
0.12350869178771973,0.1267116665840149,0.003202974796295166,0.8703757452235366,0.003667717377794683,alpha,0
0.16020601987838745,0.17140209674835205,0.0111960768699646,2.6510058622636317,0.0135120748266778,alpha,0
0.16472387313842773,0.1850440502166748,0.02032017707824707,1.8462424559812447,0.024934080282068814,alpha,0
0.13628196716308594,0.13601356744766235,-0.000268399715423584,1.577318060532381,-0.0003106526969766104,alpha,0
0.1910003423690796,0.18604248762130737,-0.004957854747772217,1.7337600869266794,-0.0060910485773188385,alpha,0
0.18036246299743652,0.18341141939163208,0.0030489563941955566,2.1775961851409544,0.0037337729997694176,alpha,0
0.2100430130958557,0.20761346817016602,-0.0024295449256896973,4.322494792140997,-0.0030661108286119195,alpha,0
0.1429128646850586,0.1421222686767578,-0.0007905960083007812,10.579269620210857,-0.0009215718970596409,alpha,0
0.2159590721130371,0.2053384780883789,-0.010620594024658203,4.206289888641653,-0.013364927999923193,alpha,0
0.21449077129364014,0.21630781888961792,0.0018170475959777832,3.6147973830693227,0.002318573082359047,alpha,0
0.2578456401824951,0.2587544322013855,0.0009087920188903809,2.1912473611929686,0.0012260336632964343,alpha,0
0.13427400588989258,0.13516807556152344,0.0008940696716308594,1.1705553952988743,0.0010338074328273283,alpha,0
0.22776520252227783,0.22672218084335327,-0.0010430216789245605,3.750005072670952,-0.0013488317563047421,alpha,0
0.23094433546066284,0.24220669269561768,0.011262357234954834,2.5539910990340267,0.014862043681828257,alpha,0
0.14093708992004395,0.14499825239181519,0.00406116247177124,1.1765644249198204,0.0047498879190973516,alpha,0
0.122203528881073,0.1283014416694641,0.006097912788391113,0.3102559365600057,0.006995437505448839,alpha,0
0.1956852674484253,0.19087094068527222,-0.004814326763153076,1.9776769002834302,-0.005950010950330289,alpha,0
0.1142122745513916,0.12317395210266113,0.008961677551269531,1.1102355615552686,0.010220587735457864,alpha,0
0.10996723175048828,0.11026161909103394,0.0002943873405456543,4.831441092214461,0.0003308695531881013,alpha,0
0.12960809469223022,0.12467944622039795,-0.004928648471832275,1.1615621834382313,-0.005630678327557318,alpha,0
0.12347239255905151,0.12218058109283447,-0.001291811466217041,1.2278345045590728,-0.0014716141365672586,alpha,0
0.141365647315979,0.14115196466445923,-0.0002136826515197754,2.3299979452267894,-0.00024880146746367345,alpha,0
0.15012264251708984,0.14638715982437134,-0.003735482692718506,1.108296844113035,-0.004376085406529194,alpha,0
0.1705809235572815,0.17786461114883423,0.007283687591552734,2.42954972214271,0.008859474595456598,alpha,0
0.11789339780807495,0.11813783645629883,0.00024443864822387695,1.354998910488655,0.00027718464214590793,alpha,0
0.13497376441955566,0.14600509405136108,0.01103132963180542,0.6844908223558618,0.012917324863374382,alpha,0
0.1252111792564392,0.13114804029464722,0.005936861038208008,1.4449047892650435,0.006832994933016357,alpha,0
0.16829895973205566,0.16046905517578125,-0.007829904556274414,1.790862732677645,-0.009326522869164569,alpha,0
0.12377673387527466,0.1253901720046997,0.0016134381294250488,0.9660569287507665,0.0018447518856759503,alpha,0
0.17725372314453125,0.1793062686920166,0.0020525455474853516,2.3391664474764013,0.0025009884554791227,alpha,0
0.13499367237091064,0.13737410306930542,0.0023804306983947754,2.06436113908308,0.0027595168506586404,alpha,0
0.1808759570121765,0.18103492259979248,0.0001589655876159668,2.688229095934611,0.00019410545333703447,alpha,0
0.2119792103767395,0.217521071434021,0.005541861057281494,3.865896520302385,0.007082441270895133,alpha,0
0.22222989797592163,0.22543865442276,0.003208756446838379,3.2536952855374075,0.0041426756772209705,alpha,0
0.19163846969604492,0.19469386339187622,0.003055393695831299,3.6211626759761697,0.003794077254521292,alpha,0
0.19765788316726685,0.1971132755279541,-0.0005446076393127441,1.4861600247632276,-0.0006783119246003995,alpha,0
0.16182547807693481,0.16245126724243164,0.0006257891654968262,2.0118190594457164,0.0007471674674218189,alpha,0
0.16605424880981445,0.16743868589401245,0.001384437084197998,1.3847096749929475,0.0016628650175568391,alpha,0
0.1585463285446167,0.16184693574905396,0.003300607204437256,4.239706509508531,0.003937952797902129,alpha,0
0.1872674822807312,0.18928015232086182,0.0020126700401306152,0.9841589849101366,0.0024825715638914243,alpha,0
0.10894864797592163,0.11210310459136963,0.003154456615447998,1.3380333207985122,0.0035527285113394224,alpha,0
0.15401577949523926,0.1545572280883789,0.0005414485931396484,0.8901098040444229,0.0006404319856155198,alpha,0
0.11002153158187866,0.11279064416885376,0.0027691125869750977,1.0525181406154016,0.003121148992371667,alpha,0
0.2531651258468628,0.2624594569206238,0.009294331073760986,5.727339592654609,0.01260179004527037,alpha,0
0.13859617710113525,0.14407682418823242,0.005480647087097168,1.1177963562610735,0.0064031997753761696,alpha,0
0.14808279275894165,0.1474195122718811,-0.0006632804870605469,0.527374545429496,-0.0007779681761519056,alpha,0
0.1595032811164856,0.16047966480255127,0.0009763836860656738,1.245146563191401,0.001163025653018918,alpha,0
0.19506943225860596,0.20285028219223022,0.007780849933624268,1.6305918924047373,0.00976083884846911,alpha,0
0.16861742734909058,0.17055827379226685,0.0019408464431762695,2.901934271145544,0.0023399430988961193,alpha,0
0.09640711545944214,0.09664809703826904,0.0002409815788269043,1.3417407499903153,0.00026676379164843923,alpha,0
0.16249746084213257,0.16490024328231812,0.002402782440185547,3.4564154923192643,0.00287724001935956,alpha,0
0.19438225030899048,0.19498926401138306,0.0006070137023925781,1.6453920956482035,0.0007540442322761288,alpha,0
0.16620242595672607,0.16682541370391846,0.0006229877471923828,1.335552258328612,0.0007477277361061928,alpha,0
0.19673490524291992,0.19306409358978271,-0.003670811653137207,1.9789698197296353,-0.00454907462163556,alpha,0
0.186201274394989,0.18238955736160278,-0.0038117170333862305,1.5160684418146355,-0.00466202097552224,alpha,0
0.18512672185897827,0.1844695806503296,-0.0006571412086486816,2.134086859020047,-0.0008057838102136113,alpha,0
0.20710504055023193,0.21475565433502197,0.007650613784790039,2.745267033655087,0.00974297214239878,alpha,0
0.24180150032043457,0.2511187791824341,0.009317278861999512,3.4920258294380435,0.012441597683311762,alpha,0
0.18990719318389893,0.19066160917282104,0.0007544159889221191,1.8013699571021935,0.0009321391366979062,alpha,0
0.16370975971221924,0.16643893718719482,0.002729177474975586,0.9880061231366777,0.003274118234081291,alpha,0
0.17862677574157715,0.16955983638763428,-0.009066939353942871,1.0815471111321375,-0.010918233186726205,alpha,0
0.2024974226951599,0.20132768154144287,-0.001169741153717041,3.176738422720457,-0.0014646071069229609,alpha,0
0.22009539604187012,0.21374547481536865,-0.006349921226501465,4.311030989013558,-0.008076164935280152,alpha,0
0.176679790019989,0.17312800884246826,-0.003551781177520752,1.4470698111946037,-0.004295442602365381,alpha,0
0.26952821016311646,0.2841383218765259,0.014610111713409424,4.094752536900063,0.020409126734801167,alpha,0
0.15887659788131714,0.16231733560562134,0.0034407377243041992,2.3028862308892455,0.004107447689384568,alpha,0
0.15463072061538696,0.15728557109832764,0.002654850482940674,2.9967414296222903,0.0031503560303349698,alpha,0
0.12339532375335693,0.12361139059066772,0.00021606683731079102,1.8418497826981741,0.0002465422701653044,alpha,0
0.18854713439941406,0.1982746720314026,0.009727537631988525,2.3336550888049206,0.012133254735304485,alpha,0
0.1363201141357422,0.13825631141662598,0.001936197280883789,2.310405507665743,0.0022468366250140066,alpha,0
0.1461774706840515,0.14987224340438843,0.003694772720336914,3.8063104040850164,0.004346138202960054,alpha,0
0.15393328666687012,0.15140622854232788,-0.0025270581245422363,1.7461302269848344,-0.0029779362158190033,alpha,0
0.11861300468444824,0.12267720699310303,0.004064202308654785,0.815071096684982,0.004632505095103388,alpha,0
0.21069377660751343,0.20955610275268555,-0.0011376738548278809,1.0168274485802231,-0.0014392847598542783,alpha,0
0.22843211889266968,0.24233949184417725,0.013907372951507568,3.2432809995185083,0.01835567883214435,alpha,0
0.1264115571975708,0.1241767406463623,-0.002234816551208496,0.8299067377092666,-0.002551675269343501,alpha,0
0.1542050838470459,0.15351879596710205,-0.0006862878799438477,2.3587786455706694,-0.0008107538320687573,alpha,0
0.2758941054344177,0.29496246576309204,0.019068360328674316,3.6326033168831313,0.02704587969109022,alpha,0
0.13704681396484375,0.13572156429290771,-0.0013252496719360352,1.194947821664738,-0.0015333596410418459,alpha,0
0.11935544013977051,0.11942505836486816,6.961822509765625e-05,2.841102204374002,7.905996617208159e-05,alpha,0
0.14769095182418823,0.14753252267837524,-0.00015842914581298828,1.586251270783991,-0.00018584773029788567,alpha,0
0.2782859802246094,0.2914370894432068,0.013151109218597412,2.5144455515558146,0.01856025629151713,alpha,0
0.17652159929275513,0.17390084266662598,-0.0026207566261291504,1.2526657900534435,-0.0031724480080440737,alpha,0
0.18543577194213867,0.19003522396087646,0.004599452018737793,1.2564138517710137,0.0056785827665617235,alpha,0
0.14824968576431274,0.15260279178619385,0.0043531060218811035,1.5811746359698524,0.005137031346913259,alpha,0
0.13919174671173096,0.14151400327682495,0.002322256565093994,1.176113309124821,0.0027050605064706983,alpha,0
0.17195552587509155,0.17126935720443726,-0.0006861686706542969,2.6584599156471502,-0.0008279755027998475,alpha,0
0.1650787591934204,0.16694265604019165,0.0018638968467712402,1.637521128771978,0.002237417220177781,alpha,0
0.1490079164505005,0.15058857202529907,0.001580655574798584,3.363323871054223,0.0018608833396172092,alpha,0
0.18232393264770508,0.18366342782974243,0.0013394951820373535,1.7446549076676883,0.0016408614139095368,alpha,0
0.113319993019104,0.11065590381622314,-0.0026640892028808594,0.9430154502637939,-0.002995566299155309,alpha,0
0.16033583879470825,0.15715956687927246,-0.003176271915435791,1.1861738057078155,-0.0037685329163377065,alpha,0
0.17232739925384521,0.16877108812332153,-0.0035563111305236816,1.142442509677435,-0.004278377568093177,alpha,0
0.15082156658172607,0.15262240171432495,0.001800835132598877,0.9098894221113382,0.0021251861463438926,alpha,0
0.1333533525466919,0.1399317979812622,0.0065784454345703125,1.4989092994874236,0.007648748574972886,alpha,0
0.14537161588668823,0.1433541178703308,-0.002017498016357422,1.8393795785793206,-0.0023551131902272266,alpha,0
0.1783260703086853,0.17980146408081055,0.0014753937721252441,1.6172355024456577,0.0017988251716052907,alpha,0
0.12919551134109497,0.12610119581222534,-0.003094315528869629,1.046278957947132,-0.0035408167559464396,alpha,0
0.15166205167770386,0.14961093664169312,-0.002051115036010742,4.973860061562405,-0.002411972501046284,alpha,0
0.11393558979034424,0.1132858395576477,-0.0006497502326965332,0.46779392612808035,-0.0007327617643687954,alpha,0
0.14980119466781616,0.14717364311218262,-0.002627551555633545,1.267682295698258,-0.0030809924369858315,alpha,0
0.10920172929763794,0.10743123292922974,-0.0017704963684082031,1.240956222198615,-0.001983596596392918,alpha,0
0.20480847358703613,0.22212713956832886,0.017318665981292725,7.437664856651648,0.022264134490669774,alpha,0
0.25835633277893066,0.2675477862358093,0.009191453456878662,1.9910808237131352,0.012548877980233403,alpha,0
0.1183900237083435,0.11769962310791016,-0.0006904006004333496,1.285888809072612,-0.0007825006296215029,alpha,0
0.11613965034484863,0.11637532711029053,0.00023567676544189453,0.993617050786523,0.0002667159175978677,alpha,0
0.17919796705245972,0.17868322134017944,-0.0005147457122802734,2.9535252591718413,-0.0006267322495471323,alpha,0
0.22878968715667725,0.2353595495223999,0.006569862365722656,3.6756243175522445,0.008592093658685036,alpha,0
0.2330862283706665,0.22966361045837402,-0.0034226179122924805,2.2661070731412383,-0.004443017308748772,alpha,0
0.1856851577758789,0.1925094723701477,0.006824314594268799,5.085047996165488,0.008451262721681133,alpha,0
0.22112619876861572,0.22651004791259766,0.005383849143981934,1.6857753427920783,0.006960464230275577,alpha,0
0.19317567348480225,0.18657809495925903,-0.006597578525543213,2.7594711078963132,-0.008110893602272448,alpha,0
0.1643592119216919,0.16122812032699585,-0.003131091594696045,1.4547301167323063,-0.003732947742497881,alpha,0
0.21450185775756836,0.217781662940979,0.0032798051834106445,3.627555905354206,0.004192953588562028,alpha,0
0.2560972571372986,0.26715999841690063,0.01106274127960205,7.183360951152105,0.015095711554642267,alpha,0
0.20922082662582397,0.20680201053619385,-0.002418816089630127,3.181967166367249,-0.003049448084538417,alpha,0
0.23880410194396973,0.23952245712280273,0.0007183551788330078,3.6708415194269697,0.0009446106404604358,alpha,0
0.22881239652633667,0.24550557136535645,0.016693174839019775,3.040769873478157,0.022124980921632863,alpha,0
0.19108831882476807,0.1918175220489502,0.0007292032241821289,2.4452578390260222,0.0009022754688159614,alpha,0
0.19108444452285767,0.18947833776474,-0.0016061067581176758,2.4290646760670187,-0.0019815716629810335,alpha,0
0.1661483645439148,0.16915100812911987,0.003002643585205078,2.0190517857697925,0.003613946234012775,alpha,0
0.12690693140029907,0.12479066848754883,-0.002116262912750244,1.1939098243187478,-0.002418007711473009,alpha,0
0.17645174264907837,0.1737014651298523,-0.0027502775192260742,3.6474446361869717,-0.00332843083118655,alpha,0
0.15667104721069336,0.1616573929786682,0.0049863457679748535,1.791140018316976,0.0059478615618637825,alpha,0
0.19979459047317505,0.19476735591888428,-0.0050272345542907715,2.1610136701101985,-0.0062432075888174616,alpha,0
0.25081729888916016,0.27129942178726196,0.020482122898101807,3.9321263378317073,0.028107735207700386,alpha,0
0.16654068231582642,0.16299062967300415,-0.0035500526428222656,0.9566215387319738,-0.004241353524435886,alpha,0
0.17272114753723145,0.1720874309539795,-0.0006337165832519531,4.629222687310144,-0.0007654390172891882,alpha,0
0.11494642496109009,0.11601585149765015,0.0010694265365600586,1.4421368727051167,0.0012097802187651058,alpha,0
0.1769620180130005,0.17866164445877075,0.0016996264457702637,2.71448690263825,0.002069337727020282,alpha,0
0.20061981678009033,0.2055896520614624,0.00496983528137207,1.4799446081153294,0.006256005217289263,alpha,0
0.14109432697296143,0.14980119466781616,0.008706867694854736,1.2980166023623927,0.010240978510258961,alpha,0
0.18016713857650757,0.1819731593132019,0.001806020736694336,2.769947578904784,0.002207776868516978,alpha,0
0.1507524847984314,0.15621966123580933,0.00546717643737793,1.6855542055924542,0.006479383538830986,alpha,0
0.1612493395805359,0.16220623254776,0.0009568929672241211,1.4014926378593395,0.0011421581353297315,alpha,0
0.10469812154769897,0.10726088285446167,0.0025627613067626953,1.1223045558746498,0.002870672134270221,alpha,0
0.22821044921875,0.2408137321472168,0.012603282928466797,6.569810425093807,0.016601041749757715,alpha,0
0.19079267978668213,0.18813198804855347,-0.002660691738128662,4.985296406875279,-0.0032772466693610585,alpha,0
0.21316462755203247,0.2193995714187622,0.006234943866729736,3.7254645529143113,0.00798736925889461,alpha,0
0.20937854051589966,0.2065383791923523,-0.0028401613235473633,2.826210508124778,-0.003579456458973307,alpha,0
0.205946683883667,0.20245110988616943,-0.0034955739974975586,1.1936799001181668,-0.004382896197120469,alpha,0
0.1604139804840088,0.16932964324951172,0.00891566276550293,1.059449347206421,0.010733093691196884,alpha,0
0.2126561403274536,0.21587461233139038,0.0032184720039367676,6.927013944293492,0.0041045374305582,alpha,0
0.19281870126724243,0.19870156049728394,0.005882859230041504,2.9024066042437675,0.007341658163832682,alpha,0
0.19370895624160767,0.194810688495636,0.0011017322540283203,4.044378324459335,0.0013682897155824318,alpha,0
0.16355901956558228,0.1609785556793213,-0.0025804638862609863,2.6438848801263806,-0.0030755636863969336,alpha,0
0.14202815294265747,0.14487695693969727,0.002848803997039795,0.8749161501572138,0.003331455069722521,alpha,0
0.19004029035568237,0.18267178535461426,-0.007368505001068115,5.7899000974770045,-0.009015356216798522,alpha,0
0.16984343528747559,0.17039483785629272,0.0005514025688171387,2.4666572818917625,0.0006646566270059234,alpha,0
0.14909952878952026,0.14724642038345337,-0.0018531084060668945,0.594081110427185,-0.0021730878067966275,alpha,0
0.22980189323425293,0.22877079248428345,-0.0010311007499694824,1.284313561322994,-0.0013369575995323933,alpha,0
0.19488787651062012,0.1945894956588745,-0.00029838085174560547,2.533521620418279,-0.00037047052420765116,alpha,0
0.24619758129119873,0.2530965805053711,0.006898999214172363,3.773818631845335,0.009236802288092852,alpha,0
0.1643633246421814,0.1602880358695984,-0.004075288772583008,2.509520356664207,-0.004853198414057779,alpha,0
0.189999520778656,0.19083386659622192,0.000834345817565918,1.6531183036325474,0.0010311180647863015,alpha,0
0.22931712865829468,0.2374088168144226,0.00809168815612793,1.3318423893761056,0.01061078115580417,alpha,0
0.15026170015335083,0.15465384721755981,0.004392147064208984,1.7818527940532722,0.005195678775791809,alpha,0
0.23820853233337402,0.24797463417053223,0.009766101837158203,1.9467100239459696,0.012986399503142296,alpha,0
0.24439924955368042,0.2573961019515991,0.012996852397918701,4.589365061183021,0.01750172929616322,alpha,0
0.17619168758392334,0.18179678916931152,0.005605101585388184,3.594833938945758,0.006850500598375252,alpha,0
0.16615211963653564,0.17101240158081055,0.004860281944274902,1.5679456336510047,0.005862912730592178,alpha,0
0.17740720510482788,0.18247026205062866,0.005063056945800781,5.471982661288827,0.006193116544604926,alpha,0
0.1448405385017395,0.14791125059127808,0.0030707120895385742,2.448690946945988,0.003603746783030982,alpha,0
0.1959274411201477,0.20238417387008667,0.006456732749938965,2.9220158078809857,0.00809504091871832,alpha,0
0.35388368368148804,0.3793700933456421,0.025486409664154053,2.2827498570756215,0.04106539080841939,alpha,0
0.2203933596611023,0.2197096347808838,-0.0006837248802185059,8.902694601777963,-0.000876244165883692,alpha,0
0.21051108837127686,0.21392792463302612,0.0034168362617492676,3.8390405132816485,0.004346721336149913,alpha,0
0.17564672231674194,0.17684310674667358,0.0011963844299316406,4.570346648030781,0.001453409963200604,alpha,0
0.18076032400131226,0.18001848459243774,-0.0007418394088745117,3.9978678070726303,-0.0009047025999187177,alpha,0
0.21298283338546753,0.2171533703804016,0.004170536994934082,3.5146388628376535,0.005327399821546953,alpha,0
0.24227166175842285,0.25246530771255493,0.01019364595413208,2.2200110203448404,0.013636351676120442,alpha,0
0.18933898210525513,0.19215089082717896,0.002811908721923828,4.133511323859428,0.0034807350654913996,alpha,0
0.177720308303833,0.1784464716911316,0.000726163387298584,3.812045605166702,0.0008838905345502675,alpha,0
0.192676842212677,0.1878374218940735,-0.004839420318603516,2.3971143162135147,-0.005958684195828994,alpha,0
0.1615707278251648,0.16685378551483154,0.005283057689666748,2.190644088774606,0.006341093073238462,alpha,0
0.18366402387619019,0.18319135904312134,-0.00047266483306884766,3.1466173557543167,-0.0005786726650138374,alpha,0
0.18059664964675903,0.17647331953048706,-0.004123330116271973,4.133257518621843,-0.005006917461279045,alpha,0
0.1841455101966858,0.1877964735031128,0.003650963306427002,3.223042089667178,0.004495133531584087,alpha,0
0.22355550527572632,0.2248101830482483,0.0012546777725219727,3.1935605430828966,0.0016185426396023784,alpha,0
0.14847135543823242,0.1490458846092224,0.0005745291709899902,1.4502011272281714,0.0006751588136172927,alpha,0
0.15573620796203613,0.15661132335662842,0.0008751153945922852,2.6042611161444604,0.0010376181454974992,alpha,0
0.11795604228973389,0.11717021465301514,-0.00078582763671875,1.038474372917629,-0.0008901236113254726,alpha,0
0.16273349523544312,0.1602635383605957,-0.002469956874847412,1.8736982188758757,-0.0029413476580799577,alpha,0
0.19295763969421387,0.1879974603652954,-0.004960179328918457,4.457625666137587,-0.00610857612729868,alpha,0
0.17627346515655518,0.1834641695022583,0.007190704345703125,1.4738756654168967,0.008806354941362261,alpha,0
0.15996414422988892,0.15958690643310547,-0.00037723779678344727,1.7550715751925836,-0.0004488718698829032,alpha,0
0.2489532232284546,0.2523655891418457,0.0034123659133911133,3.2273820271170996,0.0045642173017080775,alpha,0
0.151658833026886,0.14920181035995483,-0.0024570226669311523,1.4350479960337486,-0.0028879030266515575,alpha,0
0.2545132637023926,0.26397448778152466,0.00946122407913208,3.8900547364116154,0.012854478441399045,alpha,0
0.124595046043396,0.12341076135635376,-0.0011842846870422363,1.2142450365495323,-0.0013510144031367414,alpha,0
0.1585007905960083,0.16017794609069824,0.0016771554946899414,1.0288000916516908,0.00199703673758378,alpha,0
0.15945851802825928,0.17684781551361084,0.017389297485351562,5.12969874191355,0.021125252186752954,alpha,0
0.13872039318084717,0.14365440607070923,0.0049340128898620605,1.951447786827126,0.005761707568579452,alpha,0
0.2365506887435913,0.23335003852844238,-0.0032006502151489258,4.206351470408509,-0.004174852117654047,alpha,0
0.17390549182891846,0.17277377843856812,-0.0011317133903503418,3.0950621032577934,-0.0013680821048130882,alpha,0
0.17901629209518433,0.17862451076507568,-0.0003917813301086426,2.254259355018484,-0.0004769820079164645,alpha,0
0.14936906099319458,0.15684616565704346,0.007477104663848877,2.6771957574924463,0.00886801952300383,alpha,0
0.1727508306503296,0.1697806715965271,-0.0029701590538024902,3.280070969019487,-0.00357755951010459,alpha,0
0.16901123523712158,0.1722019910812378,0.003190755844116211,2.887781042530837,0.003854510170039975,alpha,0
0.2453499436378479,0.26267677545547485,0.017326831817626953,2.9089752998968677,0.023499642003451674,alpha,0
0.1367090344429016,0.1341266632080078,-0.002582371234893799,0.6126751960908149,-0.00298238913841755,alpha,0
0.128537118434906,0.13022500276565552,0.0016878843307495117,1.984366356016715,0.0019405988170694026,alpha,0
0.22565138339996338,0.24316591024398804,0.017514526844024658,5.455096060122689,0.023141831322200337,alpha,0
0.1269233226776123,0.12822681665420532,0.0013034939765930176,1.305477336526397,0.0014952214652787477,alpha,0
0.13420259952545166,0.13850951194763184,0.004306912422180176,1.3055348882643145,0.004999373158393326,alpha,0
0.10516828298568726,0.10632830858230591,0.0011600255966186523,1.138801994088799,0.0012980444695282027,alpha,0
0.245527982711792,0.2512993812561035,0.0057713985443115234,1.8832145292591516,0.007708553191787479,alpha,0
0.09503519535064697,0.09927904605865479,0.0042438507080078125,0.495405182523791,0.0047116153892475905,alpha,0
0.20055902004241943,0.2151482105255127,0.014589190483093262,2.195611511501434,0.01858846559152491,alpha,0
0.20315539836883545,0.198076069355011,-0.005079329013824463,2.083316280299248,-0.006333928717826326,alpha,0
0.1590421199798584,0.1637696623802185,0.004727542400360107,1.2169550541027858,0.005653397380698276,alpha,0
0.167333722114563,0.1710878610610962,0.003754138946533203,1.1867668530840836,0.004528995016696103,alpha,0
0.1541738510131836,0.15209168195724487,-0.0020821690559387207,0.9597039081087207,-0.00245565353191137,alpha,0
0.22112977504730225,0.21905332803726196,-0.002076447010040283,4.460275823800302,-0.0026588845110532187,alpha,0
0.19504094123840332,0.19399207830429077,-0.0010488629341125488,1.1831167851484232,-0.0013013059870502417,alpha,0
0.2219516634941101,0.239990234375,0.018038570880889893,5.832220182561452,0.023734656706753936,alpha,0
0.16224318742752075,0.16119450330734253,-0.0010486841201782227,0.8063337003055828,-0.0012502113115771174,alpha,0
0.20586234331130981,0.21970254182815552,0.013840198516845703,4.104304366085261,0.017737080099263485,alpha,0
0.18116021156311035,0.17799657583236694,-0.003163635730743408,1.2101714498739213,-0.0038486892362363696,alpha,0
0.2724153995513916,0.28955888748168945,0.01714348793029785,8.902331697341832,0.02413076555990558,alpha,0
0.18599975109100342,0.1887947916984558,0.0027950406074523926,2.914657813804762,0.0034455407569491466,alpha,0
0.1660614013671875,0.17131304740905762,0.005251646041870117,6.414632388199566,0.006337309915946562,alpha,0
0.16105908155441284,0.15846306085586548,-0.0025960206985473633,0.7506251061079456,-0.003084856502184664,alpha,0
0.16165482997894287,0.16310054063796997,0.0014457106590270996,1.3673354883292115,0.0017274603811181424,alpha,0
0.16678297519683838,0.1693134307861328,0.0025304555892944336,3.7364295783819315,0.0030462218640288944,alpha,0
0.13480842113494873,0.13437366485595703,-0.0004347562789916992,1.0956180106930276,-0.0005022447461921943,alpha,0
0.1491968035697937,0.15120714902877808,0.002010345458984375,1.4868728000860185,0.0023684759558048342,alpha,0
0.22979825735092163,0.22644877433776855,-0.003349483013153076,2.656924878661391,-0.004330008022785574,alpha,0
0.19060814380645752,0.18320876359939575,-0.007399380207061768,7.2039976289305105,-0.00905908373805404,alpha,0
0.1668483018875122,0.17539262771606445,0.008544325828552246,2.3415592623550396,0.01036168983656648,alpha,0
0.17415571212768555,0.17434602975845337,0.00019031763076782227,1.363609971609489,0.00023050531775695876,alpha,0
0.1945006251335144,0.19219434261322021,-0.0023062825202941895,1.2176813159224773,-0.0028549967423537547,alpha,0
0.2092542052268982,0.20319068431854248,-0.006063520908355713,2.3745404729497754,-0.007609751529034259,alpha,0
0.15725404024124146,0.15705156326293945,-0.00020247697830200195,1.1590029100577872,-0.0002402009061025879,alpha,0
0.19932770729064941,0.19976186752319336,0.0004341602325439453,1.0076127905804657,0.0005425387955459979,alpha,0
0.16925710439682007,0.17036551237106323,0.001108407974243164,1.0471163348881447,0.0013360196457248917,alpha,0
0.17541003227233887,0.17488056421279907,-0.0005294680595397949,2.8269729612858656,-0.0006416865687264519,alpha,0
0.22674661874771118,0.22280532121658325,-0.00394129753112793,2.3656137124732757,-0.00507118440040975,alpha,0
0.2105013132095337,0.20457619428634644,-0.005925118923187256,0.9050499846978837,-0.007449008793332813,alpha,0
0.14027702808380127,0.1382819414138794,-0.001995086669921875,1.05464031306394,-0.0023152429614801727,alpha,0
0.11825186014175415,0.1187741756439209,0.000522315502166748,0.7552071066122646,0.0005927147023277597,alpha,0
0.1713384985923767,0.16920167207717896,-0.002136826515197754,0.6400181424076921,-0.0025720159073265004,alpha,0
0.1768692135810852,0.17901146411895752,0.0021422505378723145,4.340806146649035,0.0026093549961368973,alpha,0
0.19808197021484375,0.1951422095298767,-0.002939760684967041,2.3335495110140254,-0.0036525218737709,alpha,0
0.2530139684677124,0.25685256719589233,0.0038385987281799316,7.959932642624688,0.005165325961896688,alpha,0
0.11687082052230835,0.11695206165313721,8.124113082885742e-05,1.1825161203934214,9.200081592506449e-05,alpha,0
0.16390645503997803,0.16031837463378906,-0.003588080406188965,1.4096334259241283,-0.0042731438890592525,alpha,0
0.17217934131622314,0.1886739730834961,0.01649463176727295,4.834103180288875,0.020330460530105073,alpha,0
0.18542098999023438,0.19876337051391602,0.01334238052368164,7.52908936876502,0.01665223484882299,alpha,0
0.20485985279083252,0.19732195138931274,-0.007537901401519775,1.2741792857848948,-0.009390940009592548,alpha,0
0.19895511865615845,0.19483798742294312,-0.004117131233215332,0.9174216644171532,-0.005113419621024791,alpha,0
0.13493436574935913,0.13366460800170898,-0.0012697577476501465,1.1147358409629076,-0.0014656653293608618,alpha,0
0.13080596923828125,0.12717556953430176,-0.003630399703979492,1.0637530013998753,-0.00415936994573179,alpha,0
0.1725616455078125,0.1722971796989441,-0.0002644658088684082,1.1832719034680002,-0.0003195178298078234,alpha,0
0.20265084505081177,0.20530706644058228,0.002656221389770508,1.2665204865689683,0.003342449992443411,alpha,0
0.18514281511306763,0.18225282430648804,-0.00288999080657959,1.6468632725077887,-0.0035340883985672676,alpha,0
0.21123361587524414,0.2147212028503418,0.0034875869750976562,1.9984058032474845,0.004441208635400088,alpha,0
0.15192365646362305,0.14771533012390137,-0.00420832633972168,0.6170896367064742,-0.004937700381650027,alpha,0
0.17661893367767334,0.17714351415634155,0.0005245804786682129,4.667731950904887,0.00063751150740505,alpha,0
0.18723070621490479,0.18253177404403687,-0.00469893217086792,6.352019503732226,-0.005748152676359864,alpha,0
0.21995937824249268,0.21677905321121216,-0.0031803250312805176,2.774236980020751,-0.004060571980767209,alpha,0
0.22288864850997925,0.23194283246994019,0.009054183959960938,5.002889257323628,0.011788424537560975,alpha,0
0.2620006203651428,0.26085805892944336,-0.0011425614356994629,2.133737008941609,-0.0015457943491132468,alpha,0
0.1640087366104126,0.16454344987869263,0.0005347132682800293,1.756513214852401,0.0006400252271675762,alpha,0
0.1767304539680481,0.17709404230117798,0.0003635883331298828,4.667457974893156,0.000441834610295717,alpha,0
0.11821717023849487,0.11767745018005371,-0.0005397200584411621,0.9198540451220645,-0.000611703802142767,alpha,0
0.19477969408035278,0.21317905187606812,0.018399357795715332,7.5693346293827135,0.023384427981469117,alpha,0
0.16657942533493042,0.16196036338806152,-0.0046190619468688965,0.9567740706120114,-0.005511746396081017,alpha,0
0.19670265913009644,0.19043201208114624,-0.006270647048950195,2.4646720506430495,-0.007745670706508626,alpha,0
0.1478363275527954,0.14645153284072876,-0.0013847947120666504,1.5480035988677054,-0.0016223972807021035,alpha,0
0.19819623231887817,0.20335984230041504,0.005163609981536865,4.365999965836514,0.006481734484045525,alpha,0
0.18297749757766724,0.18911653757095337,0.006139039993286133,5.520712385942338,0.00757080428659415,alpha,0
0.19437891244888306,0.18933498859405518,-0.005043923854827881,1.1311880049127552,-0.0062219582489197985,alpha,0
0.19298702478408813,0.1862022876739502,-0.0067847371101379395,1.668009988623491,-0.008337129740442942,alpha,0
0.18156468868255615,0.18210643529891968,0.0005417466163635254,2.9183317300507228,0.000662368112116789,alpha,0
0.18818408250808716,0.194288432598114,0.0061043500900268555,2.3793888230211047,0.007576346594738695,alpha,0
0.16743862628936768,0.16797083616256714,0.0005322098731994629,1.7536377690732405,0.0006396529068101866,alpha,0
0.12702631950378418,0.12024897336959839,-0.006777346134185791,0.4880664751850391,-0.007703709264363348,alpha,0
0.18444299697875977,0.19222044944763184,0.00777745246887207,1.2724923368201912,0.009628186877909655,alpha,0
0.20193839073181152,0.20454519987106323,0.002606809139251709,2.96472824269576,0.0032771304401320684,alpha,0
0.15405291318893433,0.151450514793396,-0.00260239839553833,0.79020328030999,-0.0030668787630042586,alpha,0
0.12308245897293091,0.12186503410339355,-0.0012174248695373535,1.417266400480492,-0.0013863755764403712,alpha,0
0.16661769151687622,0.16620880365371704,-0.0004088878631591797,1.100698325255361,-0.0004903959947657734,alpha,0
0.17186516523361206,0.17385679483413696,0.0019916296005249023,1.9316776834625733,0.002410755893253455,alpha,0
0.11719071865081787,0.11769944429397583,0.000508725643157959,1.435411732121144,0.0005765899611735737,alpha,0
0.17033904790878296,0.16836249828338623,-0.0019765496253967285,0.8683335005967332,-0.0023766961221888855,alpha,0
0.15095794200897217,0.14869940280914307,-0.0022585391998291016,1.0317800212741257,-0.002653045478038998,alpha,0
0.1369965672492981,0.13794583082199097,0.0009492635726928711,3.0128872876830575,0.001101164644442261,alpha,0
0.1526789665222168,0.1527959704399109,0.0001170039176940918,1.2156961240330506,0.00013810595041060665,alpha,0
0.12744855880737305,0.12525999546051025,-0.002188563346862793,1.609116497194979,-0.002501958679727893,alpha,0
0.12108749151229858,0.12074470520019531,-0.0003427863121032715,1.4641783544392353,-0.00038985982129492844,alpha,0
0.1879955530166626,0.19603294134140015,0.008037388324737549,2.667321451104982,0.009997161249551372,alpha,0
0.11593461036682129,0.11790436506271362,0.001969754695892334,1.2481825633054773,0.0022330398404390426,alpha,0
0.13268256187438965,0.1334778070449829,0.0007952451705932617,1.1344189825014592,0.000917743569707446,alpha,0
0.22590160369873047,0.22638142108917236,0.00047981739044189453,8.02148078675957,0.0006202247509585747,alpha,0
0.12488865852355957,0.12562686204910278,0.0007382035255432129,0.8874668521054543,0.0008442660158490238,alpha,0
0.18159592151641846,0.1790550947189331,-0.0025408267974853516,6.021190900900661,-0.0030950028207014074,alpha,0
0.1763175129890442,0.17384910583496094,-0.002468407154083252,0.8543929141282024,-0.002987840564619835,alpha,0
0.14434581995010376,0.14656800031661987,0.0022221803665161133,1.1571143205749688,0.0026038165516883986,alpha,0
0.13505786657333374,0.153936505317688,0.018878638744354248,3.109825436536224,0.022313501129655734,alpha,0
0.12854599952697754,0.1254868507385254,-0.0030591487884521484,1.0256186579385136,-0.003498116398862151,alpha,0
0.20444542169570923,0.2149871587753296,0.010541737079620361,9.524745411273178,0.013428744761900422,alpha,0
0.14314961433410645,0.14038246870040894,-0.0027671456336975098,0.9337878914252473,-0.003219042810253149,alpha,0
0.21279668807983398,0.2138373851776123,0.0010406970977783203,6.918528776557933,0.0013237682359309821,alpha,0
0.1870359182357788,0.1881832480430603,0.0011473298072814941,0.7788807930064618,0.0014132866863313393,alpha,0
0.1813785433769226,0.18146759271621704,8.90493392944336e-05,4.236556909616407,0.00010879146445763195,alpha,0
0.12450182437896729,0.1259412169456482,0.0014393925666809082,0.8214583362214551,0.0016467914911294955,alpha,0
0.16814494132995605,0.16888493299484253,0.0007399916648864746,0.9876483892450404,0.0008903600647657162,alpha,0
0.1712806224822998,0.16953545808792114,-0.0017451643943786621,1.3293974298450704,-0.0021014315558380847,alpha,0
0.14222151041030884,0.13943731784820557,-0.0027841925621032715,0.9525749791983931,-0.0032353164038458368,alpha,0
0.13747000694274902,0.1396874189376831,0.002217411994934082,1.0716429755611807,0.0025774492245551196,alpha,0
0.13798224925994873,0.1373234987258911,-0.0006587505340576172,1.9142485037042325,-0.0007636124701260458,alpha,0
0.13925105333328247,0.1392683982849121,1.7344951629638672e-05,0.8735554916552347,2.0151405612478084e-05,alpha,0
0.22699105739593506,0.2240568995475769,-0.0029341578483581543,2.9877794993049482,-0.0037814085164844663,alpha,0
0.13458675146102905,0.13828516006469727,0.003698408603668213,2.1880876468976136,0.004291917038292956,alpha,0
0.17138850688934326,0.1691998839378357,-0.0021886229515075684,1.6344379397525681,-0.0026343556159828525,alpha,0
0.14006924629211426,0.14219415187835693,0.0021249055862426758,1.480696435713345,0.0024771404751968407,alpha,0
0.17075753211975098,0.16936588287353516,-0.0013916492462158203,1.0948061145952697,-0.0016754058345570466,alpha,0
0.1637398600578308,0.16067665815353394,-0.003063201904296875,0.9421643436146481,-0.003649608859391419,alpha,0
0.1775130033493042,0.1777825951576233,0.0002695918083190918,1.0627089218163868,0.00032788385010017385,alpha,0
0.199180006980896,0.1929571032524109,-0.006222903728485107,1.1663000560012913,-0.007710747165440184,alpha,0
0.1047205924987793,0.1042630672454834,-0.00045752525329589844,1.9986632972638643,-0.000510780829242961,alpha,0
0.1662948727607727,0.17036080360412598,0.0040659308433532715,1.9623738259488552,0.004900842270973363,alpha,0
0.17357861995697021,0.18252545595169067,0.008946835994720459,7.034186434411227,0.010944482687392084,alpha,0
0.19600117206573486,0.19567793607711792,-0.00032323598861694336,1.0208252240254838,-0.00040187383029186057,alpha,0
0.11294257640838623,0.11192882061004639,-0.0010137557983398438,0.9462860136282615,-0.0011415253888052389,alpha,0
0.15845775604248047,0.17150861024856567,0.013050854206085205,0.9567340474539601,0.01575255261252715,alpha,0
0.17312836647033691,0.1696602702140808,-0.0034680962562561035,0.7992880016967739,-0.004176719638779971,alpha,0
0.14066481590270996,0.16500109434127808,0.024336278438568115,1.4259885736563058,0.029145281836470766,alpha,0
0.1874362826347351,0.18706756830215454,-0.0003687143325805664,3.8630629334286506,-0.0004535608596774644,alpha,0
0.16545110940933228,0.15881723165512085,-0.006633877754211426,0.7022438324919564,-0.007886369055400789,alpha,0
0.12259173393249512,0.11861300468444824,-0.003978729248046875,0.9557923009436181,-0.004514168315613076,alpha,0
0.16985046863555908,0.1676657795906067,-0.0021846890449523926,1.2869925752983842,-0.0026247737884402106,alpha,0
0.13554447889328003,0.13120442628860474,-0.004340052604675293,2.1561205388746028,-0.004995481947652064,alpha,0
0.13803797960281372,0.15411287546157837,0.01607489585876465,1.4325722149653854,0.0190035944423865,alpha,0
0.1577734351158142,0.15519475936889648,-0.0025786757469177246,0.9629194606009875,-0.003052390803105518,alpha,0
0.15552502870559692,0.15437275171279907,-0.0011522769927978516,1.0682576050450456,-0.0013626299236829972,alpha,0
0.14046406745910645,0.13817811012268066,-0.0022859573364257812,1.14008324184843,-0.002652470728901059,alpha,0
0.11874169111251831,0.11847025156021118,-0.0002714395523071289,0.6641681508832039,-0.0003079187659719337,alpha,0
0.18737250566482544,0.1821078062057495,-0.005264699459075928,6.346863453244361,-0.006436911244564732,alpha,0
0.17396140098571777,0.17037540674209595,-0.003585994243621826,1.324238530527321,-0.00432243001565294,alpha,0
0.1660943627357483,0.1686367392539978,0.0025423765182495117,1.4241252555004043,0.003058081392685282,alpha,0
0.1975027322769165,0.1938236951828003,-0.003679037094116211,1.3247149332540886,-0.004563563915402391,alpha,0
0.14936167001724243,0.15059763193130493,0.0012359619140625,1.0115133548542445,0.0014550959127565583,alpha,0
0.15604496002197266,0.15610969066619873,6.473064422607422e-05,1.2135043298843804,7.6705045087169e-05,alpha,0
0.1587003469467163,0.15621286630630493,-0.002487480640411377,1.0119741705046892,-0.002947995461275145,alpha,0
0.17555898427963257,0.17649418115615845,0.0009351968765258789,6.401232597382015,0.001135628741323098,alpha,0
0.21281886100769043,0.19766294956207275,-0.015155911445617676,1.0876577440933697,-0.018889706560784345,alpha,0
0.18295156955718994,0.18374794721603394,0.0007963776588439941,3.1556979534505403,0.0009756516459931869,alpha,0
0.11910033226013184,0.11923903226852417,0.00013870000839233398,0.9190729991871329,0.00015747746945414195,alpha,0
0.2167162299156189,0.21218985319137573,-0.004526376724243164,1.2777827669686272,-0.005745517168799194,alpha,0
0.1722240447998047,0.16986078023910522,-0.002363264560699463,0.6367413262649535,-0.0028468291877357084,alpha,0
0.22446733713150024,0.2242639660835266,-0.0002033710479736328,7.345178810967248,-0.000262165271538141,alpha,0
0.19923019409179688,0.19837278127670288,-0.0008574128150939941,1.174209203751788,-0.001069590446865743,alpha,0
0.18926632404327393,0.1887294054031372,-0.0005369186401367188,3.063587387087343,-0.0006618243576343659,alpha,0
0.2849506735801697,0.28063321113586426,-0.00431746244430542,20.51130519841894,-0.006001753919057895,alpha,0
0.17236661911010742,0.17169272899627686,-0.0006738901138305664,0.8681487731479125,-0.0008135750311764888,alpha,0
0.1290801763534546,0.12879204750061035,-0.0002881288528442383,1.3202123970970279,-0.0003307233961967767,alpha,0
0.2654404044151306,0.26098424196243286,-0.004456162452697754,1.5156168696455719,-0.006029861209632325,alpha,0
0.11484962701797485,0.1135103702545166,-0.001339256763458252,0.955821693481475,-0.0015107416020678783,alpha,0
0.1672118902206421,0.16834259033203125,0.0011307001113891602,1.1064028968000605,0.0013595743851312302,alpha,0
0.25419265031814575,0.2500222325325012,-0.004170417785644531,3.926282459108671,-0.005560721886099459,alpha,0
0.22290486097335815,0.22152942419052124,-0.001375436782836914,1.912407098767611,-0.001766844920768766,alpha,0
0.1976436972618103,0.18915176391601562,-0.008491933345794678,1.2987152744093495,-0.010472901053354598,alpha,0
0.15294259786605835,0.1483762264251709,-0.004566371440887451,0.8336072698047123,-0.005361958628420347,alpha,0
0.1623123288154602,0.15886014699935913,-0.0034521818161010742,0.987281537054045,-0.0041041710290933555,alpha,0
0.14796411991119385,0.14770668745040894,-0.0002574324607849121,1.4299599679398858,-0.00030204679186654216,alpha,0
0.14635270833969116,0.14501720666885376,-0.0013355016708374023,1.1794291588887809,-0.0015620216935993293,alpha,0
0.14349347352981567,0.15212523937225342,0.008631765842437744,2.052446185423105,0.010180472686847037,alpha,0
0.12107473611831665,0.1204756498336792,-0.0005990862846374512,0.6559861321889521,-0.0006811480370317912,alpha,0
0.12369763851165771,0.12389570474624634,0.00019806623458862305,0.9966497284958975,0.00022607609123894936,alpha,0
0.12145185470581055,0.11897492408752441,-0.002476930618286133,1.0463668850960945,-0.0028114189777411064,alpha,0
0.23537850379943848,0.2522427439689636,0.016864240169525146,5.829643103564209,0.022553094648706664,alpha,0
0.1344306468963623,0.13247370719909668,-0.001956939697265625,0.861105206276683,-0.0022557698982787386,alpha,0
0.19864940643310547,0.20143544673919678,0.0027860403060913086,1.730241489921952,0.003488810384476727,alpha,0
0.20813524723052979,0.21211755275726318,0.0039823055267333984,2.121026456470424,0.005054441231264668,alpha,0
0.20375937223434448,0.20134973526000977,-0.002409636974334717,1.040522635027725,-0.003017136637548354,alpha,0
0.25564247369766235,0.24692583084106445,-0.0087166428565979,3.8918134247796607,-0.011574746835803715,alpha,0
0.214044988155365,0.2150934934616089,0.0010485053062438965,1.800269106116324,0.001335834647196433,alpha,0
0.21858280897140503,0.2201821208000183,0.0015993118286132812,0.6493292533456552,0.0020508786362451984,alpha,0
0.19675523042678833,0.19768595695495605,0.0009307265281677246,0.9523076690792246,0.0011600526455143592,alpha,0
0.20721638202667236,0.20884746313095093,0.0016310811042785645,9.217998768054288,0.002061651866444738,alpha,0
0.2323710322380066,0.2181892991065979,-0.014181733131408691,1.9163553118072416,-0.01813959966933522,alpha,0
0.21535485982894897,0.2128525972366333,-0.002502262592315674,1.6576369008906107,-0.003178899636245014,alpha,0
0.25396811962127686,0.24440419673919678,-0.009563922882080078,4.697927980524559,-0.012657458975826222,alpha,0
0.168889582157135,0.16732168197631836,-0.0015679001808166504,1.325925686497951,-0.0018829602583359914,alpha,0
0.21089214086532593,0.208335280418396,-0.0025568604469299316,4.3031035132009965,-0.0032297264027140635,alpha,0
0.2688233256340027,0.2638346552848816,-0.004988670349121094,2.1401309070275576,-0.006776562337434685,alpha,0
0.15356463193893433,0.14789366722106934,-0.00567096471786499,0.7234067967744325,-0.0066552312777333365,alpha,0
0.19546455144882202,0.19656121730804443,0.0010966658592224121,2.2199219321726416,0.0013649650512861562,alpha,0
0.2078533172607422,0.2067583203315735,-0.0010949969291687012,7.209292225677999,-0.0013804077083120591,alpha,0
0.2265012264251709,0.22011315822601318,-0.006388068199157715,1.3485891907203444,-0.008191019333813805,alpha,0
0.1629047393798828,0.16359692811965942,0.0006921887397766113,1.28526276939171,0.0008275779502106358,alpha,0
0.15216809511184692,0.15140128135681152,-0.0007668137550354004,1.1277445256818726,-0.0009036235127263063,alpha,0
0.16061198711395264,0.15468049049377441,-0.005931496620178223,1.7664689955840354,-0.007016869424488941,alpha,0
0.18709337711334229,0.18839681148529053,0.0013034343719482422,1.5456612532231624,0.0016059995702254672,alpha,0
0.17910826206207275,0.17995762825012207,0.0008493661880493164,1.8431242380658661,0.0010357589038196462,alpha,0
0.14522284269332886,0.14401370286941528,-0.0012091398239135742,3.1531602709134288,-0.001412569135705585,alpha,0
0.14399969577789307,0.14337682723999023,-0.000622868537902832,1.0359632261609006,-0.0007271208131061544,alpha,0
0.15292835235595703,0.15171635150909424,-0.001212000846862793,2.4425763593827483,-0.0014287683713094543,alpha,0
0.17914944887161255,0.1781013011932373,-0.0010481476783752441,1.1660656926446151,-0.0012752759919159758,alpha,0
0.1509103775024414,0.14876246452331543,-0.0021479129791259766,1.2197521377529226,-0.002523282737906014,alpha,0
0.18106043338775635,0.17731785774230957,-0.0037425756454467773,2.808255632189222,-0.004549236519436303,alpha,0
0.1474548578262329,0.1440780758857727,-0.003376781940460205,1.3914572936132426,-0.003945198557631006,alpha,0
0.17154288291931152,0.17144310474395752,-9.97781753540039e-05,2.1986645089644785,-0.00012042404803495146,alpha,0
0.12500476837158203,0.13769668340682983,0.012691915035247803,1.9321476286432606,0.01471862022448393,alpha,0
0.1726279854774475,0.18014997243881226,0.007521986961364746,2.6778991281425313,0.009174832845636952,alpha,0
0.15164577960968018,0.14970427751541138,-0.0019415020942687988,1.3754782470543223,-0.0022833257217802693,alpha,0
0.19732004404067993,0.19582337141036987,-0.0014966726303100586,0.9499504980094221,-0.001861124256912231,alpha,0
0.2012234926223755,0.19475656747817993,-0.006466925144195557,1.242392281814917,-0.008031018798803205,alpha,0
0.2005733847618103,0.1998003125190735,-0.0007730722427368164,2.5798652253226106,-0.0009660991560375275,alpha,0
0.16519564390182495,0.16098296642303467,-0.004212677478790283,0.6680866416386607,-0.0050209677637061256,alpha,0
0.19078129529953003,0.19443994760513306,0.0036586523056030273,1.8103789958630154,0.0045417499225863306,alpha,0
0.17499250173568726,0.1777656078338623,0.002773106098175049,0.9358152978986105,0.003372646686390035,alpha,0
0.18932700157165527,0.1901017427444458,0.0007747411727905273,1.6355211199926891,0.0009565907394539146,alpha,0
0.11975538730621338,0.1180262565612793,-0.001729130744934082,1.208147087843412,-0.0019605240607190725,alpha,0
0.12274807691574097,0.1225995421409607,-0.00014853477478027344,0.9218905745898217,-0.00016928960254102877,alpha,0
0.1253235936164856,0.1238585114479065,-0.0014650821685791016,1.0057716386627495,-0.001672198141193254,alpha,0
0.16062062978744507,0.15967917442321777,-0.0009414553642272949,0.9322429950679194,-0.0011203522935196752,alpha,0
0.17414581775665283,0.17199957370758057,-0.0021462440490722656,1.0359840764764892,-0.002592080850347643,alpha,0
0.14133822917938232,0.13818562030792236,-0.003152608871459961,0.9433901628052527,-0.0036581066013152085,alpha,0
0.177556574344635,0.17515450716018677,-0.002402067184448242,1.902686536957192,-0.0029121419772547984,alpha,0
0.16770309209823608,0.16688627004623413,-0.0008168220520019531,1.8174696538083324,-0.0009804448332009642,alpha,0
0.13917678594589233,0.13396066427230835,-0.005216121673583984,1.9175888999555382,-0.006022961612016301,alpha,0
0.21214807033538818,0.2179967164993286,0.00584864616394043,1.7988221629679286,0.007479055762731217,alpha,0
0.15680193901062012,0.1805417537689209,0.02373981475830078,1.2053121584429607,0.02897013346010846,alpha,0
0.17570310831069946,0.17565572261810303,-4.738569259643555e-05,1.2803808838675816,-5.7482891428483834e-05,alpha,0
0.1541423201560974,0.1517331600189209,-0.0024091601371765137,1.365674874306527,-0.0028400970350677046,alpha,0
0.17759662866592407,0.17806333303451538,0.0004667043685913086,1.2475707100744593,0.0005678106201470955,alpha,0
0.17007118463516235,0.16784751415252686,-0.002223670482635498,1.1705329214255416,-0.0026721911193606394,alpha,0
0.1682126522064209,0.1669514775276184,-0.0012611746788024902,1.107758202401087,-0.0015139270339973533,alpha,0
0.17886441946029663,0.17745429277420044,-0.0014101266860961914,1.1107887690520033,-0.0017143444719347287,alpha,0
0.1798068881034851,0.17922073602676392,-0.0005861520767211914,0.9024877831333873,-0.000714140941967443,alpha,0
0.29450327157974243,0.2918062210083008,-0.0026970505714416504,0.8792516854689522,-0.003808351120058713,alpha,0
0.1587618589401245,0.17526429891586304,0.016502439975738525,1.1467640471202523,0.020009367793883095,alpha,0
0.19766509532928467,0.19362229108810425,-0.00404280424118042,2.224797178536243,-0.005013536704326401,alpha,0
0.1369152069091797,0.13634365797042847,-0.0005715489387512207,1.1763812331606085,-0.0006617781991944787,alpha,0
0.16783195734024048,0.16416919231414795,-0.0036627650260925293,0.9332189882045296,-0.004382184758460332,alpha,0
0.180974543094635,0.18235176801681519,0.0013772249221801758,1.9104123026949684,0.0016843733873670246,alpha,0
0.15554434061050415,0.15904289484024048,0.003498554229736328,1.8530884480165204,0.0041602053282749725,alpha,0
0.14557218551635742,0.15439391136169434,0.008821725845336914,0.8128879223290673,0.010432429430046672,alpha,0
0.12987244129180908,0.13104557991027832,0.0011731386184692383,1.0924758485760324,0.0013500577145900343,alpha,0
0.15245282649993896,0.1507360339164734,-0.0017167925834655762,2.0833618202427373,-0.002021506447969001,alpha,0
0.12416243553161621,0.125621497631073,0.0014590620994567871,1.0659620625908428,0.0016686847806799854,alpha,0
0.18613547086715698,0.1893913745880127,0.003255903720855713,3.0789673642452415,0.004016616180466767,alpha,0
0.24529993534088135,0.24232399463653564,-0.002975940704345703,2.723183160457675,-0.003927721985755793,alpha,0
0.20077604055404663,0.1942899227142334,-0.006486117839813232,6.528400204760623,-0.008050188303047323,alpha,0
0.17036724090576172,0.16800415515899658,-0.0023630857467651367,0.9828854689623377,-0.0028402614765663027,alpha,0
0.18769443035125732,0.19903826713562012,0.011343836784362793,0.623605973204532,0.014162769978779435,alpha,0
0.18774837255477905,0.19122421741485596,0.0034758448600769043,1.9116943402024105,0.00429766189210912,alpha,0
0.18997538089752197,0.20505160093307495,0.015076220035552979,2.874201933799886,0.018965029746897753,alpha,0
0.24660921096801758,0.25469064712524414,0.008081436157226562,1.2417119480174006,0.010843062851761358,alpha,0
0.17088395357131958,0.1810562014579773,0.010172247886657715,0.756280551540697,0.012421179456719146,alpha,0
0.14602214097976685,0.1700211763381958,0.023999035358428955,1.0641964999935383,0.028915238165411274,alpha,0
0.206046462059021,0.20679092407226562,0.0007444620132446289,0.7723543059137239,0.0009385444970784139,alpha,0
0.18771487474441528,0.21697258949279785,0.02925771474838257,2.3837979216629206,0.037364866613585124,alpha,0
0.1567152738571167,0.17316609621047974,0.016450822353363037,1.2268419151683225,0.01989616327773465,alpha,0
0.17487335205078125,0.20358961820602417,0.02871626615524292,0.8966869012757496,0.03605712182023207,alpha,0
0.22425276041030884,0.22947651147842407,0.005223751068115234,2.9182817891825437,0.006779483229172138,alpha,0
0.22895097732543945,0.2431315779685974,0.014180600643157959,0.8995710745565003,0.0187358862259015,alpha,0
0.17999786138534546,0.1956194043159485,0.015621542930603027,3.4659540998935814,0.019420586491545516,alpha,0
0.28356218338012695,0.30007022619247437,0.016508042812347412,0.9708391961986634,0.023585284452961385,alpha,0
0.27052128314971924,0.2706085443496704,8.726119995117188e-05,0.6785454388851777,0.00011963562127742405,alpha,0
0.2279682755470276,0.25399893522262573,0.026030659675598145,0.7427772594069827,0.03489359587357473,alpha,0
0.17494064569473267,0.18510222434997559,0.01016157865524292,0.755658463878327,0.012469758734017003,alpha,0
0.1689733862876892,0.18484926223754883,0.01587587594985962,1.0585508958411203,0.01947600022228787,alpha,0
0.20963871479034424,0.23637592792510986,0.026737213134765625,2.7531658498215195,0.035013580782120045,alpha,0
0.19409984350204468,0.22110027074813843,0.02700042724609375,1.9501926347018514,0.03466483069910403,alpha,0
0.19786763191223145,0.22290682792663574,0.025039196014404297,0.8732760444242632,0.03222161371923672,alpha,0
0.18692123889923096,0.2196834683418274,0.032762229442596436,0.6187238406780806,0.041985820001758385,alpha,0
0.14171117544174194,0.15980517864227295,0.018094003200531006,0.8235835214256013,0.021535485271489407,alpha,0
0.18712657690048218,0.20303189754486084,0.015905320644378662,1.4496042069396957,0.019957286364888065,alpha,0
0.19125890731811523,0.2205602526664734,0.029301345348358154,0.8172075971986451,0.03759282927076587,alpha,0
0.2469797134399414,0.25151824951171875,0.004538536071777344,0.7763429491224387,0.00606365628663167,alpha,0
0.19168800115585327,0.23017239570617676,0.038484394550323486,1.2425894311720693,0.04999092567695843,alpha,0
0.22852373123168945,0.22914117574691772,0.0006174445152282715,0.5086063805703624,0.0008009826129013177,alpha,0
0.2274407148361206,0.25509411096572876,0.027653396129608154,1.105521188634604,0.03712334207138466,alpha,0
0.20344585180282593,0.21371078491210938,0.010264933109283447,0.8864137092255187,0.01305490767558861,alpha,0
0.1698116660118103,0.17721498012542725,0.007403314113616943,3.2139483147011583,0.008997871782772032,alpha,0
0.1515139937400818,0.15814775228500366,0.006633758544921875,3.180261503272449,0.007879955850836775,alpha,0
0.20869970321655273,0.23214584589004517,0.02344614267349243,1.3789115178724736,0.03053463023934491,alpha,0
0.16712325811386108,0.18847233057022095,0.021349072456359863,1.8988892560575061,0.02630726377002132,alpha,0
0.21786224842071533,0.23413735628128052,0.016275107860565186,1.3823352551811914,0.02125068769713044,alpha,0
0.2559463381767273,0.2672129273414612,0.011266589164733887,5.619459774126329,0.015374983518553209,alpha,0
0.16785180568695068,0.1804589033126831,0.012607097625732422,1.0768895126133489,0.015383118280086035,alpha,0
0.2237180471420288,0.2406299114227295,0.016911864280700684,1.2990411670785962,0.022270911819013264,alpha,0
0.18556863069534302,0.1887056827545166,0.003137052059173584,2.4219835772201446,0.003866725049701497,alpha,0
0.14256185293197632,0.1578080654144287,0.015246212482452393,1.0183159206764727,0.018103014118693504,alpha,0
0.19252687692642212,0.19758319854736328,0.005056321620941162,4.987455624922803,0.006301365589289216,alpha,0
0.39291679859161377,0.40028905868530273,0.007372260093688965,0.9458974232732148,0.012293022497684237,alpha,0
0.19122427701950073,0.20572996139526367,0.01450568437576294,3.9426582782109043,0.018262912700628263,alpha,0
0.2217639684677124,0.23854410648345947,0.01678013801574707,4.945791711936938,0.022036913967864072,alpha,0
0.26098448038101196,0.27673161029815674,0.015747129917144775,2.249916253239131,0.021772180481489448,alpha,0
0.16165071725845337,0.1713484525680542,0.00969773530960083,2.6603972092973827,0.01170303167797713,alpha,0
0.20961958169937134,0.22261667251586914,0.012997090816497803,3.6278805520933965,0.016719024395031316,alpha,0
0.23064833879470825,0.2545936703681946,0.023945331573486328,1.6147336239398964,0.03212386402100202,alpha,0
0.15788978338241577,0.16202354431152344,0.004133760929107666,2.744031562856226,0.004933027534420872,alpha,0
0.22866874933242798,0.23990941047668457,0.011240661144256592,3.333273015023964,0.01478858086021836,alpha,0
0.23304873704910278,0.27474623918533325,0.04169750213623047,2.9487522544412745,0.057493672407010046,alpha,0
0.2382678985595703,0.2546348571777344,0.016366958618164062,2.471181758644315,0.021958309663089263,alpha,0
0.2011968493461609,0.21169167757034302,0.010494828224182129,1.797699492409482,0.013313100883973748,alpha,0
0.198966383934021,0.20591366291046143,0.00694727897644043,3.2074926847844067,0.008748770318733085,alpha,0
0.1982337236404419,0.222150981426239,0.02391725778579712,4.806738593717262,0.030747943642907765,alpha,0
0.3116722106933594,0.2941663861274719,-0.01750582456588745,2.5782297692853846,-0.0248016306135414,alpha,0
0.17702358961105347,0.19954872131347656,0.022525131702423096,0.8538217610192904,0.028140540595281496,alpha,0
0.28243958950042725,0.29284602403640747,0.010406434535980225,1.2620038095780133,0.014715938663570485,alpha,0
0.23377513885498047,0.24178743362426758,0.00801229476928711,3.909238843892005,0.010567346315012952,alpha,0
0.28197503089904785,0.28516197204589844,0.003186941146850586,1.630932656613007,0.004458270296519834,alpha,0
0.22073113918304443,0.23474633693695068,0.01401519775390625,2.021953076802428,0.018314447130913684,alpha,0
0.18276923894882202,0.2064952850341797,0.023726046085357666,2.4846313939058957,0.029900321495102456,alpha,0
0.2113487720489502,0.22734582424163818,0.01599705219268799,5.231700752068045,0.020704026063130824,alpha,0
0.306868314743042,0.322629451751709,0.015761137008666992,1.5407012529055883,0.023268116763307707,alpha,0
0.23724055290222168,0.24516940116882324,0.007928848266601562,5.771297407438169,0.010504142623363504,alpha,0
0.25481629371643066,0.2743333578109741,0.019517064094543457,2.8741256328442555,0.02689535795068218,alpha,0
0.19053006172180176,0.1991754174232483,0.008645355701446533,3.353023618836735,0.010795567330899154,alpha,0
0.17640846967697144,0.1981932520866394,0.02178478240966797,2.456206637614228,0.027169617200604963,alpha,0
0.1555081009864807,0.17079418897628784,0.015286087989807129,3.0919824789798107,0.018434612718084296,alpha,0
0.20854675769805908,0.21348655223846436,0.0049397945404052734,1.3166611703981213,0.006280623115172696,alpha,0
0.22507715225219727,0.24309909343719482,0.01802194118499756,1.471890849047526,0.023810172545357042,alpha,0
0.2440667748451233,0.25763243436813354,0.013565659523010254,2.520465830783913,0.018273507829593603,alpha,0
0.21416866779327393,0.22545188665390015,0.01128321886062622,2.3097337897232713,0.014567486081506232,alpha,0
0.27872157096862793,0.28296560049057007,0.004244029521942139,2.896466594221234,0.005918864596797248,alpha,0
0.20330631732940674,0.21705132722854614,0.013745009899139404,1.3118028228092649,0.017555441853532118,alpha,0
0.16963326930999756,0.1840118169784546,0.014378547668457031,1.6077719677310927,0.01762102438201287,alpha,0
0.23120415210723877,0.24526828527450562,0.014064133167266846,1.750031589294838,0.018634612661509994,alpha,0
0.2244865894317627,0.24463802576065063,0.02015143632888794,2.7779903474162286,0.02667785381860196,alpha,0
0.2564115524291992,0.27470552921295166,0.01829397678375244,1.2764931971273303,0.025222826756008298,alpha,0
0.22655725479125977,0.24139797687530518,0.01484072208404541,1.788104080306012,0.019563251390915384,alpha,0
0.2035408616065979,0.22210967540740967,0.018568813800811768,1.0092354035172817,0.023870735004368305,alpha,0
0.19990575313568115,0.20258522033691406,0.00267946720123291,1.719967188643255,0.003360192549183759,alpha,0
0.286670446395874,0.2918351888656616,0.005164742469787598,1.8434607457585164,0.007293136270799326,alpha,0
0.14480137825012207,0.1402062177658081,-0.004595160484313965,1.7427345235682887,-0.005344491410921053,alpha,0
0.19328588247299194,0.2095738649368286,0.01628798246383667,1.5257561781782614,0.020606583893553725,alpha,0
0.1590334177017212,0.15793877840042114,-0.0010946393013000488,2.9432680751792466,-0.0012999521569472974,alpha,0
0.18006324768066406,0.1874879002571106,0.007424652576446533,1.0996074905974922,0.009137897858746944,alpha,0
0.2582079768180847,0.262157142162323,0.003949165344238281,1.3586593177899564,0.0053523122197207534,alpha,0
0.3208463788032532,0.35947734117507935,0.03863096237182617,0.6771374918260108,0.06031162495125015,alpha,0
0.16738253831863403,0.1749172806739807,0.00753474235534668,3.8762910488391467,0.00913210539847634,alpha,0
0.2966959476470947,0.30605363845825195,0.009357690811157227,1.1656208745911547,0.013484746559326494,alpha,0
0.1373380422592163,0.14884412288665771,0.011506080627441406,1.517940899886346,0.01351818266997553,alpha,0
0.22305572032928467,0.22452044486999512,0.0014647245407104492,2.163448228116421,0.001888798397096228,alpha,0
0.21138298511505127,0.21296626329421997,0.0015832781791687012,2.066564869052177,0.0020117030634489615,alpha,0
0.21788036823272705,0.22586923837661743,0.00798887014389038,2.322639029479024,0.010319794200061766,alpha,0
0.1657453179359436,0.16765475273132324,0.0019094347953796387,2.4790250401077625,0.0022940418073454597,alpha,0
0.1553415060043335,0.15919363498687744,0.0038521289825439453,3.504172614169023,0.004581469816161328,alpha,0
0.1998397707939148,0.20917832851409912,0.009338557720184326,2.138665371204362,0.0118086770467959,alpha,0
0.18603867292404175,0.18544769287109375,-0.000590980052947998,2.09669461089596,-0.000725527443450569,alpha,0
0.23751795291900635,0.2496870756149292,0.012169122695922852,1.2270090497838082,0.01621872994643698,alpha,0
0.21442276239395142,0.22612106800079346,0.011698305606842041,5.2426925575524885,0.015116454426044557,alpha,0
0.22852224111557007,0.24739736318588257,0.0188751220703125,0.8236361245686122,0.025079797953158643,alpha,0
0.2222256064414978,0.24390244483947754,0.021676838397979736,1.255395080158557,0.028669367133950935,alpha,0
0.20105594396591187,0.20677441358566284,0.0057184696197509766,3.3392622945770505,0.007209134094628113,alpha,0
0.18888497352600098,0.21077466011047363,0.021889686584472656,2.012146539280503,0.02773566113264523,alpha,0
0.2230987548828125,0.23392361402511597,0.010824859142303467,1.1404688183820242,0.014130260820568305,alpha,0
0.20677369832992554,0.211969792842865,0.005196094512939453,2.5622781746326377,0.006593775804210181,alpha,0
0.17980331182479858,0.19639217853546143,0.016588866710662842,1.9741015375601028,0.02064298811879455,alpha,0
0.18990850448608398,0.2021734118461609,0.012264907360076904,3.5303758622961467,0.015372898750413606,alpha,0
0.20218640565872192,0.21289873123168945,0.01071232557296753,4.832783639844351,0.013609844117937493,alpha,0
0.1678999662399292,0.18769025802612305,0.019790291786193848,2.2232703753755887,0.024362987126196847,alpha,0
0.17272818088531494,0.18840020895004272,0.015672028064727783,4.359009338620062,0.01931004447950025,alpha,0
0.2987911105155945,0.3142141103744507,0.015422999858856201,3.7315188663890906,0.022489526384506714,alpha,0
0.2231937050819397,0.22501146793365479,0.0018177628517150879,1.8790090060941405,0.002345535161492522,alpha,0
0.24235761165618896,0.24482637643814087,0.0024687647819519043,2.0435799188278487,0.00326913534176115,alpha,0
0.17969506978988647,0.1952970027923584,0.015601933002471924,1.7492183759627982,0.01938843654939945,alpha,0
0.23214149475097656,0.24812102317810059,0.015979528427124023,1.8667486363421408,0.021252793228329826,alpha,0
0.1951320767402649,0.20196592807769775,0.006833851337432861,1.3405355134887,0.00856335785384639,alpha,0
0.21927255392074585,0.24225127696990967,0.02297872304916382,2.243264594614643,0.030324990792826884,alpha,0
0.24440693855285645,0.25075656175613403,0.006349623203277588,3.5770855923787397,0.008474713129500766,alpha,0
0.16469496488571167,0.1831279993057251,0.018433034420013428,2.5335575382432545,0.022565388952426872,alpha,0
0.1765906810760498,0.18574613332748413,0.009155452251434326,2.736147892456425,0.011243977617015788,alpha,0
0.2534484267234802,0.28448164463043213,0.031033217906951904,2.1769862682364898,0.04337165870597846,alpha,0
0.15972590446472168,0.1714022159576416,0.011676311492919922,2.3494140218118207,0.014091651845792315,alpha,0
0.1964815855026245,0.20393598079681396,0.007454395294189453,2.667096951976056,0.009364065093220606,alpha,0
0.19061589241027832,0.19282877445220947,0.0022128820419311523,2.546998846843225,0.0027415274131326593,alpha,0
0.18871957063674927,0.19625228643417358,0.007532715797424316,3.006794902225962,0.009371990327668151,alpha,0
0.22540640830993652,0.2458411455154419,0.02043473720550537,2.524606619824421,0.02709606481975448,alpha,0
0.22234517335891724,0.24043577909469604,0.01809060573577881,3.4388207967766253,0.023817085162617463,alpha,0
0.1641407608985901,0.1813269853591919,0.017186224460601807,2.331664474733954,0.020992782409155437,alpha,0
0.15704673528671265,0.15715712308883667,0.00011038780212402344,1.687008168256356,0.00013097079556342794,alpha,0
0.24321383237838745,0.2558121681213379,0.01259833574295044,5.580887007015455,0.016928973040511316,alpha,0
0.14294755458831787,0.1615532636642456,0.018605709075927734,3.459699649608726,0.02219068698059445,alpha,0
0.20910245180130005,0.227258563041687,0.018156111240386963,1.865442409754706,0.0234957132774626,alpha,0
0.15633052587509155,0.17370223999023438,0.017371714115142822,2.87126153953292,0.021023552230055077,alpha,0
0.2369844913482666,0.2333713173866272,-0.0036131739616394043,1.9874073920129047,-0.004713069108401212,alpha,0
0.18519270420074463,0.1863982081413269,0.0012055039405822754,1.4214837460802552,0.0014816879124962372,alpha,0
0.24464112520217896,0.24734526872634888,0.002704143524169922,3.5490278251056493,0.0035928074478372555,alpha,0
0.2575663924217224,0.2537117600440979,-0.0038546323776245117,1.5588005806489007,-0.005165071846572687,alpha,0
0.1741446852684021,0.1868848204612732,0.012740135192871094,2.6044680670390425,0.01566830322869936,alpha,0
0.1896311640739441,0.19432216882705688,0.004691004753112793,1.2864620481094444,0.0058224324557663585,alpha,0
0.18926692008972168,0.20365279912948608,0.014385879039764404,1.9049836604945105,0.01806483280664353,alpha,0
0.233167827129364,0.23786026239395142,0.004692435264587402,1.1165621929247007,0.006156922455358089,alpha,0
0.24248486757278442,0.24833834171295166,0.005853474140167236,0.9262747828492378,0.007787378903304234,alpha,0
0.225857675075531,0.22320252656936646,-0.0026551485061645508,3.517856301764726,-0.003418070471365469,alpha,0
0.18184852600097656,0.20216768980026245,0.02031916379928589,1.40476676475594,0.02546796305378881,alpha,0
0.1905844807624817,0.19877231121063232,0.008187830448150635,1.0678979276109613,0.010219105708293999,alpha,0
0.19705772399902344,0.19884586334228516,0.0017881393432617188,0.8393014989080438,0.0022319542038708633,alpha,0
0.2262887954711914,0.23348724842071533,0.007198452949523926,1.4385582047597716,0.009391171816375646,alpha,0
0.2304288148880005,0.23416054248809814,0.0037317276000976562,2.504311978550355,0.00487272830290239,alpha,0
0.1814953088760376,0.18688243627548218,0.00538712739944458,7.3222191110764925,0.006625274916911923,alpha,0
0.14284378290176392,0.14744746685028076,0.004603683948516846,2.2201104717142197,0.0053998830212945706,alpha,0
0.16881901025772095,0.17350053787231445,0.004681527614593506,2.1958802178040466,0.0056642839216636525,alpha,0
0.14511531591415405,0.1533229947090149,0.00820767879486084,2.10345419159251,0.009693990439766383,alpha,0
0.16200900077819824,0.16502976417541504,0.003020763397216797,4.56162114730131,0.003617809674656972,alpha,0
0.1838352084159851,0.19119179248809814,0.007356584072113037,11.649704209968453,0.009095585336286023,alpha,0
0.15390121936798096,0.17175334692001343,0.01785212755203247,6.195067604250231,0.02155411976087808,alpha,0
0.14244025945663452,0.1394229531288147,-0.0030173063278198242,3.4290803962394625,-0.0035061431614866983,alpha,0
0.16063833236694336,0.1717287302017212,0.011090397834777832,5.816440002554831,0.013389813505759823,alpha,0
0.15395736694335938,0.16627198457717896,0.01231461763381958,2.5092329761745518,0.014770545556843599,alpha,0
0.12782025337219238,0.13117754459381104,0.0033572912216186523,1.7669631997813529,0.0038641856005541004,alpha,0
0.16042017936706543,0.164078950881958,0.003658771514892578,4.133409415324484,0.004376934303488171,alpha,0
0.12441390752792358,0.12369823455810547,-0.0007156729698181152,3.0895971635225123,-0.0008166969393896192,alpha,0
0.16720950603485107,0.173295795917511,0.006086289882659912,6.6094706307477935,0.007362113138658502,alpha,0
0.2854984998703003,0.28760379552841187,0.0021052956581115723,1.9112185164764262,0.002955231435677218,alpha,0
0.16782987117767334,0.17112141847610474,0.0032915472984313965,3.982942888165038,0.003971084995802255,alpha,0
0.16766506433486938,0.16940009593963623,0.0017350316047668457,3.9143174284675295,0.0020888897245053767,alpha,0
0.2546924948692322,0.2929219603538513,0.03822946548461914,0.4710507104930347,0.05406682620740245,alpha,0
0.18142390251159668,0.18696850538253784,0.005544602870941162,1.9108553299208502,0.006819665545121278,alpha,0
0.14914226531982422,0.15653914213180542,0.007396876811981201,4.561189580924691,0.008769674067242954,alpha,0
0.16378182172775269,0.17628586292266846,0.012504041194915771,2.9716327413261037,0.015180073562027349,alpha,0
0.18413352966308594,0.18347185850143433,-0.0006616711616516113,2.887498847312686,-0.0008103470389119144,alpha,0
0.15974068641662598,0.18113410472869873,0.021393418312072754,6.090036551536782,0.02612566775049879,alpha,0
0.1481683850288391,0.15373945236206055,0.0055710673332214355,4.4486643252847795,0.006583158518698827,alpha,0
0.14015144109725952,0.15023374557495117,0.01008230447769165,4.594379578950227,0.011864797437165035,alpha,0
0.14540427923202515,0.151469886302948,0.0060656070709228516,2.8113204112188948,0.0071483698374533305,alpha,0
0.19227826595306396,0.20709586143493652,0.014817595481872559,2.372920963403629,0.018687751471052096,alpha,0
0.1418294906616211,0.14598727226257324,0.0041577816009521484,4.106557118079193,0.004868524163530374,alpha,0
0.15386414527893066,0.1730266809463501,0.019162535667419434,3.3567353061589738,0.023171891070619007,alpha,0
0.15648847818374634,0.158561110496521,0.002072632312774658,4.007090320914453,0.0024632000477155134,alpha,0
0.16438400745391846,0.171231210231781,0.006847202777862549,3.411539680986036,0.008261897482622987,alpha,0
0.17018288373947144,0.1910334825515747,0.02085059881210327,2.8823967510644266,0.025774365641075592,alpha,0
0.1301194429397583,0.13680070638656616,0.006681263446807861,2.1774275598909125,0.0077401169072317715,alpha,0
0.17169499397277832,0.18022501468658447,0.008530020713806152,3.0443523873576557,0.0104053195896737,alpha,0
0.1726130247116089,0.18278467655181885,0.010171651840209961,2.1609569003398086,0.012446721871649946,alpha,0
0.16564792394638062,0.16481465101242065,-0.0008332729339599609,3.1698587524450748,-0.0009977101908816568,alpha,0
0.1843101978302002,0.18064546585083008,-0.003664731979370117,2.7808219205423055,-0.0044727060468099196,alpha,0
0.1599634885787964,0.1690657138824463,0.009102225303649902,2.0044000977799508,0.010954205953131407,alpha,0
0.15796679258346558,0.16135752201080322,0.0033907294273376465,2.2224563345491335,0.004043116722953932,alpha,0
0.19948893785476685,0.20711874961853027,0.007629811763763428,2.9080477260331743,0.009622893415744899,alpha,0
0.14490044116973877,0.1517886519432068,0.006888210773468018,7.687120242597873,0.008120866089859019,alpha,0
0.15543019771575928,0.15689677000045776,0.0014665722846984863,3.1996560565390313,0.0017394931397656758,alpha,0
0.16961610317230225,0.17011010646820068,0.0004940032958984375,2.3049870350065778,0.0005952636605756045,alpha,0
0.15513181686401367,0.1618139147758484,0.006682097911834717,3.853989805559587,0.007972093583548048,alpha,0
0.1686689853668213,0.1684631109237671,-0.00020587444305419922,5.2080439614780865,-0.00024758305465306333,alpha,0
0.16034716367721558,0.17076724767684937,0.010420083999633789,2.4185527415321886,0.012565933955745515,alpha,0
0.17100876569747925,0.1754569411277771,0.0044481754302978516,2.575070891549463,0.005394715754907802,alpha,0
0.29605621099472046,0.3001900315284729,0.004133820533752441,2.387839497978051,0.005907061516687487,alpha,0
0.14085078239440918,0.1485966444015503,0.007745862007141113,6.143310490826922,0.009097758372935425,alpha,0
0.32538342475891113,0.3304339051246643,0.005050480365753174,1.9259303901869662,0.007542915336376921,alpha,0
0.15406936407089233,0.16484248638153076,0.010773122310638428,4.695843535658371,0.012899509535586825,alpha,0
0.1516546607017517,0.14794188737869263,-0.003712773323059082,3.117744892609781,-0.004357417960186953,alpha,0
0.16436868906021118,0.16657686233520508,0.0022081732749938965,4.098091331270648,0.002649522403686889,alpha,0
0.19403129816055298,0.1932564377784729,-0.0007748603820800781,1.6135953550984385,-0.0009604791638452592,alpha,0
0.14934486150741577,0.17367202043533325,0.02432715892791748,5.995041266142106,0.02944007649448555,alpha,0
0.13630372285842896,0.14035874605178833,0.004055023193359375,2.64959426296083,0.004717110974764441,alpha,0
0.18893831968307495,0.19875234365463257,0.009814023971557617,3.646105210010704,0.012248427678804229,alpha,0
0.1670297384262085,0.1765458583831787,0.009516119956970215,4.286938519763713,0.011556344762910137,alpha,0
0.20009541511535645,0.21088075637817383,0.010785341262817383,6.211767626729215,0.013667568431503236,alpha,0
0.12963777780532837,0.13658785820007324,0.006950080394744873,2.453474919938749,0.008049551376769234,alpha,0
0.15709161758422852,0.15358680486679077,-0.003504812717437744,2.845634444733775,-0.004140782229755,alpha,0
0.19038432836532593,0.20014387369155884,0.00975954532623291,5.341814195951589,0.012201626024015007,alpha,0
0.17854195833206177,0.18117380142211914,0.002631843090057373,2.335456607503856,0.0032141657101693857,alpha,0
0.18397170305252075,0.18945187330245972,0.005480170249938965,2.6020263556547376,0.006761067072312062,alpha,0
0.307561993598938,0.31079238653182983,0.0032303929328918457,2.059282523194348,0.0046871115027823694,alpha,0
0.17380166053771973,0.18167203664779663,0.007870376110076904,2.88816801635677,0.009617630659762195,alpha,0
0.12338066101074219,0.12937778234481812,0.005997121334075928,1.775534443153043,0.006888316439049508,alpha,0
0.1984366774559021,0.2100527286529541,0.011616051197052002,10.59195397876535,0.014704843751461921,alpha,0
0.150701105594635,0.14641964435577393,-0.004281461238861084,1.5460425109793468,-0.005015885394445049,alpha,0
0.18462103605270386,0.18497848510742188,0.0003574490547180176,2.574830794431523,0.00043857621938376716,alpha,0
0.1927148699760437,0.1989409327507019,0.006226062774658203,9.775414192238946,0.007772289247080685,alpha,0
0.10689914226531982,0.10873448848724365,0.0018353462219238281,2.2774803452931542,0.002059258658857641,alpha,0
0.1388554573059082,0.1408313512802124,0.0019758939743041992,3.3375518922788805,0.0022997742960574725,alpha,0
0.16071820259094238,0.1739601492881775,0.013241946697235107,1.6805736468302825,0.016030639061570866,alpha,0
0.1376798152923584,0.13950741291046143,0.0018275976181030273,4.380459149414595,0.0021238969928660833,alpha,0
0.10667109489440918,0.11606675386428833,0.00939565896987915,2.444602306734366,0.010629376155896528,alpha,0
0.15450382232666016,0.15821009874343872,0.0037062764167785645,3.741448658485597,0.004402852078940494,alpha,0
0.18427181243896484,0.19107747077941895,0.0068056583404541016,3.244589105518304,0.008413238715222258,alpha,0
0.1573474407196045,0.15737426280975342,2.682209014892578e-05,4.442641892440085,3.183155814628285e-05,alpha,0
0.1738395094871521,0.17888718843460083,0.0050476789474487305,4.533645611518081,0.0061473635246607015,alpha,0
0.16497689485549927,0.1706610918045044,0.005684196949005127,3.27096971095381,0.006853889155367134,alpha,0
0.1548956036567688,0.15838629007339478,0.0034906864166259766,2.975648090703639,0.004147611161099538,alpha,0
0.25931763648986816,0.25865018367767334,-0.0006674528121948242,2.313442127560076,-0.000900321005683809,alpha,0
0.16243791580200195,0.16689598560333252,0.004458069801330566,2.0025292435857387,0.0053511563073658855,alpha,0
0.15358614921569824,0.1604359745979309,0.006849825382232666,4.382087000910644,0.008158788579527653,alpha,0
0.15254133939743042,0.15557807683944702,0.0030367374420166016,2.5905409629682006,0.003596232355799715,alpha,0
0.17025882005691528,0.17133063077926636,0.0010718107223510742,2.8118113212498277,0.0012934117781606752,alpha,0
0.1602081060409546,0.17185121774673462,0.01164311170578003,0.9100533089512435,0.014059202833216652,alpha,0
0.14921295642852783,0.15494853258132935,0.005735576152801514,2.4112820886101556,0.00678725068701631,alpha,0
0.19451886415481567,0.20937001705169678,0.014851152896881104,2.5602462200863236,0.018783948518497018,alpha,0
0.16946446895599365,0.1718144416809082,0.0023499727249145508,2.1825941835498774,0.00283749541550099,alpha,0
0.15120339393615723,0.15177714824676514,0.0005737543106079102,2.840767388377489,0.0006764193035143868,alpha,0
0.16984307765960693,0.18040531873703003,0.010562241077423096,6.784028391204975,0.01288715180672843,alpha,0
0.17311084270477295,0.17260098457336426,-0.0005098581314086914,2.679789845357258,-0.0006162179576027061,alpha,0
0.16788256168365479,0.17912453413009644,0.01124197244644165,3.866545604352038,0.013695101040117253,alpha,0
0.16005021333694458,0.1674724817276001,0.007422268390655518,2.9934636284090073,0.008915343009991628,alpha,0
0.18888717889785767,0.20006579160690308,0.01117861270904541,4.0620636578765925,0.01397441513534087,alpha,0
0.170346200466156,0.17846935987472534,0.008123159408569336,4.151715393774853,0.00988783498973409,alpha,0
0.1575797200202942,0.16610753536224365,0.008527815341949463,4.016506659259152,0.010226516851491101,alpha,0
0.1628672480583191,0.1671358346939087,0.0042685866355896,2.5823823273426134,0.005125189452737259,alpha,0
0.16615349054336548,0.17338436841964722,0.007230877876281738,2.397380160178734,0.008747569728940998,alpha,0
0.16084080934524536,0.17543864250183105,0.014597833156585693,2.8111355680073293,0.01770375609266665,alpha,0
0.2759934067726135,0.30131930112838745,0.025325894355773926,5.101323981843867,0.0362481665754842,alpha,0
0.19018340110778809,0.19492590427398682,0.0047425031661987305,7.0891910621318655,0.00589076606908083,alpha,0
0.1632748246192932,0.1675325632095337,0.0042577385902404785,1.5168465136720124,0.0051146007664347355,alpha,0
0.1847517490386963,0.19338291883468628,0.00863116979598999,3.405841887659601,0.010700455020764752,alpha,0
0.15077751874923706,0.14896321296691895,-0.0018143057823181152,5.060186853226664,-0.002131877035119976,alpha,0
0.14263302087783813,0.1496295928955078,0.006996572017669678,6.167115943075168,0.00822767579776556,alpha,0
0.21730440855026245,0.23340946435928345,0.016105055809020996,2.029991245565076,0.021008680723615232,alpha,0
0.13784945011138916,0.14153379201889038,0.0036843419075012207,1.5420348521392415,0.004291772784121392,alpha,0
0.14762002229690552,0.15519678592681885,0.00757676362991333,1.9777066714839044,0.008968672826636515,alpha,0
0.1732904314994812,0.18028974533081055,0.006999313831329346,9.722510755767678,0.008538765730281195,alpha,0
0.16097158193588257,0.17740678787231445,0.016435205936431885,7.469462299038507,0.019979749035274996,alpha,0
0.20731228590011597,0.2057739496231079,-0.0015383362770080566,1.5589465274489467,-0.001936899798587637,alpha,0
0.14313006401062012,0.150532066822052,0.007402002811431885,3.762912835184847,0.008713693033402947,alpha,0
0.17519021034240723,0.1731787919998169,-0.002011418342590332,9.064521568901347,-0.002432712566064085,alpha,0
0.15324997901916504,0.1575605869293213,0.00431060791015625,3.317140785798547,0.0051168165250532974,alpha,0
0.17518436908721924,0.17593830823898315,0.000753939151763916,2.3680087790348288,0.0009149062009577836,alpha,0
0.19579416513442993,0.19614946842193604,0.0003553032875061035,5.487868264691131,0.0004420016825871802,alpha,0
0.14655941724777222,0.14890658855438232,0.0023471713066101074,2.466086074530577,0.0027578304273597172,alpha,0
0.17524731159210205,0.18516141176223755,0.009914100170135498,2.865784834971327,0.01216694976556836,alpha,0
0.158477783203125,0.1690119504928589,0.010534167289733887,3.932162847304502,0.012676677234987554,alpha,0
0.15834063291549683,0.15894752740859985,0.0006068944931030273,2.8698906149879324,0.0007215893334610868,alpha,0
0.18516576290130615,0.18710029125213623,0.0019345283508300781,3.5649262428872945,0.002379787235758635,alpha,0
0.1614050269126892,0.1607183814048767,-0.0006866455078125,7.060273113310135,-0.0008181348102939256,alpha,0
0.38054966926574707,0.37548673152923584,-0.0050629377365112305,2.196292207002681,-0.008107013881240292,alpha,0
0.1668872833251953,0.16850417852401733,0.0016168951988220215,5.388657223778714,0.0019445620255215254,alpha,0
0.17710745334625244,0.1756628155708313,-0.0014446377754211426,4.072106391501526,-0.0017524840595678276,alpha,0
0.15453773736953735,0.173103928565979,0.01856619119644165,1.844754337809735,0.022452871452447176,alpha,0
0.17007005214691162,0.1762486696243286,0.006178617477416992,3.2570228153391336,0.0075005857345313625,alpha,0
0.16450071334838867,0.16551512479782104,0.001014411449432373,3.99623849898147,0.0012156139428969297,alpha,0
0.1715899109840393,0.17117929458618164,-0.000410616397857666,2.1267442140594106,-0.0004954224661323478,alpha,0
0.1355438232421875,0.15064477920532227,0.015100955963134766,5.223742278594463,0.01777931729083379,alpha,0
0.1760927438735962,0.19542920589447021,0.019336462020874023,3.529524613977969,0.024033263651300023,alpha,0
0.18730485439300537,0.19723349809646606,0.009928643703460693,3.9170102521666297,0.01236803439096888,alpha,0
0.18815016746520996,0.18988192081451416,0.0017317533493041992,4.758566306899241,0.002137655477390839,alpha,0
0.15031826496124268,0.161218523979187,0.010900259017944336,4.35721242865551,0.012995350194970046,alpha,0
0.1836584210395813,0.19192522764205933,0.008266806602478027,3.455584917505783,0.010230249582418846,alpha,0
0.23464637994766235,0.246925950050354,0.01227957010269165,1.3894795572458551,0.016305926493566894,alpha,0
0.22783821821212769,0.23049265146255493,0.002654433250427246,1.13187981890532,0.003449522938893778,alpha,0
0.21842944622039795,0.2206246256828308,0.0021951794624328613,2.4906478101632206,0.002816588174031178,alpha,0
0.20263010263442993,0.2086045742034912,0.005974471569061279,1.2705021506137477,0.007549287466563514,alpha,0
0.20013093948364258,0.21264559030532837,0.012514650821685791,1.4701095751654545,0.015894558622639644,alpha,0
0.17509788274765015,0.1766759753227234,0.0015780925750732422,1.7589184543365957,0.0019167333003452885,alpha,0
0.2795512080192566,0.2980141043663025,0.0184628963470459,1.389315914656029,0.02630095057733183,alpha,0
0.18249988555908203,0.19796061515808105,0.015460729598999023,2.583113750197553,0.019276771055384414,alpha,0
0.1910150647163391,0.19267010688781738,0.0016550421714782715,2.5592031525407437,0.002050019682905876,alpha,0
0.2024533748626709,0.20335471630096436,0.000901341438293457,2.714208070415748,0.0011314212946925252,alpha,0
0.2190079689025879,0.23222869634628296,0.013220727443695068,2.78947104622305,0.017219616545681587,alpha,0
0.21619856357574463,0.21056944131851196,-0.005629122257232666,1.4675677275057413,-0.007130611040234447,alpha,0
0.24193233251571655,0.24668556451797485,0.004753232002258301,6.095247447020564,0.006309758287343635,alpha,0
0.22065603733062744,0.2278345227241516,0.00717848539352417,1.7557383608728712,0.009296563501970353,alpha,0
0.20088857412338257,0.21517330408096313,0.014284729957580566,1.4335070415219813,0.018201126480353807,alpha,0
0.23322850465774536,0.24383020401000977,0.010601699352264404,3.459033630994466,0.014020262920425804,alpha,0
0.19128531217575073,0.20565283298492432,0.014367520809173584,1.5650256248455559,0.01808720595449786,alpha,0
0.2039870023727417,0.2161657214164734,0.01217871904373169,3.0206691695751013,0.015537364691092553,alpha,0
0.21487796306610107,0.22236686944961548,0.007488906383514404,0.7061753674295885,0.009630384932563237,alpha,0
0.1907629370689392,0.2063004970550537,0.015537559986114502,0.7362647644329701,0.019576124123127037,alpha,0
0.24516844749450684,0.2637671232223511,0.01859867572784424,4.223714690865365,0.025261946748761206,alpha,0
0.24887007474899292,0.2591775059700012,0.0103074312210083,2.735460139831661,0.01391349655831443,alpha,0
0.19938790798187256,0.2097046971321106,0.010316789150238037,1.8264749511792098,0.013054347043187038,alpha,0
0.2582319378852844,0.2715931534767151,0.013361215591430664,2.009525665986867,0.018343067003288454,alpha,0
0.1963353157043457,0.20432090759277344,0.007985591888427734,1.7751555682233373,0.010036196708736352,alpha,0
0.2042279839515686,0.2016168236732483,-0.0026111602783203125,1.220949525181121,-0.003270560246940438,alpha,0
0.21488654613494873,0.2294488549232483,0.01456230878829956,1.0562739809913633,0.018898562258121185,alpha,0
0.24191665649414062,0.24321210384368896,0.0012954473495483398,2.3993846337195053,0.0017117707036910263,alpha,0
0.2664636969566345,0.2787979245185852,0.012334227561950684,1.8072375023136007,0.017102318450369646,alpha,0
0.22955602407455444,0.2372562289237976,0.007700204849243164,2.2953116864329,0.010095401812824336,alpha,0
0.24300003051757812,0.24972116947174072,0.006721138954162598,2.984013427175558,0.008958188183758766,alpha,0
0.2382538914680481,0.2549093961715698,0.01665550470352173,1.914702170693076,0.022353663591974302,alpha,0
0.22594910860061646,0.23427319526672363,0.008324086666107178,0.8463450964663431,0.01087083097346538,alpha,0
0.2172953486442566,0.22986984252929688,0.012574493885040283,2.4757716025676015,0.01632775156648587,alpha,0
0.2275944948196411,0.22988301515579224,0.002288520336151123,0.9654029499015614,0.0029716528542921092,alpha,0
0.2714347243309021,0.28556352853775024,0.014128804206848145,1.506068165726417,0.019776151934027767,alpha,0
0.20588397979736328,0.22507083415985107,0.019186854362487793,1.7375771514577043,0.02475949442641784,alpha,0
0.20687812566757202,0.21043044328689575,0.0035523176193237305,2.1521534973955494,0.004499055959188268,alpha,0
0.18859630823135376,0.20034843683242798,0.011752128601074219,1.3078812220512637,0.014696561780635806,alpha,0
0.22710061073303223,0.23400014638900757,0.006899535655975342,1.1077209452480574,0.009007228426285343,alpha,0
0.1765458583831787,0.1798456311225891,0.0032997727394104004,1.3475562604410518,0.0040233556811103445,alpha,0
0.20056986808776855,0.2026715874671936,0.002101719379425049,1.3879756193146984,0.0026359519445051417,alpha,0
0.2123795747756958,0.202084481716156,-0.010295093059539795,2.1569497467071006,-0.012902485067194172,alpha,0
0.1943853497505188,0.21137946844100952,0.016994118690490723,1.5257439520392437,0.021549171002301665,alpha,0
0.2208939790725708,0.23026400804519653,0.009370028972625732,0.5963810315185808,0.01217304253738977,alpha,0
0.20621877908706665,0.22446048259735107,0.018241703510284424,1.2198855149408547,0.023521307555516343,alpha,0
0.2922937870025635,0.2955573797225952,0.0032635927200317383,2.5017409736835763,0.0046328723249972545,alpha,0
0.29209768772125244,0.29811012744903564,0.006012439727783203,1.7358678679438324,0.008566072774253683,alpha,0
0.245158851146698,0.2653810977935791,0.020222246646881104,0.8976586426605215,0.027527533781316785,alpha,0
0.18178623914718628,0.1878502368927002,0.006063997745513916,1.2348644089801493,0.0074666003993068344,alpha,0
0.20110225677490234,0.22670477628707886,0.025602519512176514,1.168699456191619,0.03310833783409119,alpha,0
0.19169312715530396,0.2085360288619995,0.016842901706695557,2.790693833522212,0.021280692894305873,alpha,0
0.19618618488311768,0.21394503116607666,0.017758846282958984,1.6243374538924404,0.022592372018592315,alpha,0
0.23020732402801514,0.24382662773132324,0.013619303703308105,1.6520024077233586,0.018010821595644624,alpha,0
0.21471953392028809,0.21993190050125122,0.005212366580963135,2.1552139120461216,0.006681937877362841,alpha,0
0.3219377398490906,0.3334869146347046,0.011549174785614014,2.2447613858491815,0.01732775400693636,alpha,0
0.26034319400787354,0.2747313976287842,0.014388203620910645,1.8398153275501066,0.019838448229896347,alpha,0
0.2359178066253662,0.24289977550506592,0.006981968879699707,2.3583060132805787,0.009221987596632161,alpha,0
0.19859015941619873,0.2157447338104248,0.017154574394226074,1.1021871929547247,0.02187371272312166,alpha,0
0.2519052028656006,0.2609599232673645,0.009054720401763916,1.2239647810824186,0.012252001869500328,alpha,0
0.2013491988182068,0.2142568826675415,0.012907683849334717,1.9069320124423665,0.01642735846437367,alpha,0
0.16079145669937134,0.16666775941848755,0.005876302719116211,1.5079220149996795,0.007051572509681893,alpha,0
0.21698057651519775,0.22016215324401855,0.0031815767288208008,1.160821686110079,0.0040797926672265575,alpha,0
0.22474002838134766,0.238014817237854,0.013274788856506348,1.5398965167985592,0.017421321512297805,alpha,0
0.22532868385314941,0.24152922630310059,0.016200542449951172,1.0542658560530103,0.021359481487977866,alpha,0
0.24926817417144775,0.2501855492591858,0.0009173750877380371,2.1446900585577993,0.0012234694687888097,alpha,0
0.22221368551254272,0.23747533559799194,0.015261650085449219,1.44732628486064,0.020014631392176418,alpha,0
0.2519359588623047,0.2527398467063904,0.0008038878440856934,1.4866149133074236,0.0010757804233806562,alpha,0
0.1995398998260498,0.2078176736831665,0.0082777738571167,3.714469889459881,0.010449329128059848,alpha,0
0.24033337831497192,0.23433780670166016,-0.005995571613311768,1.107390161543224,-0.007830570277322804,alpha,0
0.1819780468940735,0.18776386976242065,0.005785822868347168,3.2614176926623766,0.00712332615227891,alpha,0
0.21948027610778809,0.2215772271156311,0.0020969510078430176,3.982639350451586,0.0026938459162403126,alpha,0
0.23133432865142822,0.2588847875595093,0.027550458908081055,2.3352976330132913,0.037174326536028666,alpha,0
0.193891704082489,0.1964128613471985,0.0025211572647094727,5.0357394442956105,0.003137378814867725,alpha,0
0.20646286010742188,0.2156643271446228,0.009201467037200928,2.356948102588067,0.011731542189969442,alpha,0
0.17904889583587646,0.18602991104125977,0.006981015205383301,1.6512026250259273,0.008576500905965312,alpha,0
0.27619826793670654,0.2787144184112549,0.00251615047454834,5.240488825999167,0.003488424749883565,alpha,0
0.2222306728363037,0.23493146896362305,0.012700796127319336,3.1540605394167915,0.016600860723044755,alpha,0
0.22964197397232056,0.23473870754241943,0.005096733570098877,1.6918446418243744,0.0066601220005928835,alpha,0
0.24940091371536255,0.2676190733909607,0.018218159675598145,1.4551524573748378,0.02487525140769182,alpha,0
0.2068544626235962,0.21387112140655518,0.007016658782958984,0.9470009800916814,0.008925583290507416,alpha,0
0.1425275206565857,0.15088582038879395,0.008358299732208252,3.2121691905301493,0.009843552178148014,alpha,0
0.1886952519416809,0.18895399570465088,0.0002587437629699707,2.253758717482302,0.0003190247675219999,alpha,0
0.2213972806930542,0.22531378269195557,0.003916501998901367,2.555355461420144,0.005055597881308399,alpha,0
0.21343636512756348,0.21485888957977295,0.0014225244522094727,1.013992228038743,0.0018118073723691556,alpha,0
0.24660509824752808,0.2540590167045593,0.00745391845703125,1.1728195745688557,0.009992638323880669,alpha,0
0.19676077365875244,0.21993160247802734,0.023170828819274902,2.170373098082329,0.029703586112296308,alpha,0
0.2288537621498108,0.24627256393432617,0.01741880178451538,1.3136754530102361,0.02311021325618515,alpha,0
0.14367526769638062,0.1514797806739807,0.007804512977600098,2.5510883457926736,0.009197792580357404,alpha,0
0.11618810892105103,0.12260329723358154,0.006415188312530518,3.797890301694019,0.007311616618005888,alpha,0
0.15656888484954834,0.164806067943573,0.008237183094024658,2.716990877066358,0.009862599305221174,alpha,0
0.13937830924987793,0.14718681573867798,0.007808506488800049,5.2390299269608,0.009156174685037865,alpha,0
0.09814602136611938,0.1008521318435669,0.0027061104774475098,2.882767842238474,0.0030096389851826935,alpha,0
0.2761828899383545,0.2737165689468384,-0.0024663209915161133,5.540676858730389,-0.003395810624427678,alpha,0
0.07626199722290039,0.07506293058395386,-0.0011990666389465332,1.8355032134305538,-0.0012963764547825477,alpha,0
0.1356082558631897,0.13465219736099243,-0.0009560585021972656,4.361907939424942,-0.0011048257120219434,alpha,0
0.10183310508728027,0.1065475344657898,0.0047144293785095215,4.371498455784568,0.005276642642304071,alpha,0
0.1147623062133789,0.12212806940078735,0.007365763187408447,2.3491446167498546,0.008390475797968353,alpha,0
0.10834485292434692,0.11069363355636597,0.002348780632019043,2.84708290103632,0.0026411377683170038,alpha,0
0.09776753187179565,0.09651905298233032,-0.001248478889465332,3.244328978173854,-0.0013818541426761433,alpha,0
0.10433989763259888,0.11168277263641357,0.007342875003814697,2.680148561380422,0.008266050435166528,alpha,0
0.13099777698516846,0.1311204433441162,0.0001226663589477539,3.0832463568719297,0.00014117763274333248,alpha,0
0.1817312240600586,0.19728100299835205,0.015549778938293457,4.123974736469932,0.01937138524985168,alpha,0
0.10009527206420898,0.10506176948547363,0.0049664974212646484,3.1091054049960167,0.005549542138130877,alpha,0
0.1244821548461914,0.12050133943557739,-0.003980815410614014,1.9705459664833156,-0.004526232488016873,alpha,0
0.1026688814163208,0.10738390684127808,0.004715025424957275,4.631968945071367,0.005282254556124013,alpha,0
0.1297110915184021,0.1483287811279297,0.018617689609527588,7.40795428943552,0.021860184067490667,alpha,0
0.21308350563049316,0.20796078443527222,-0.005122721195220947,2.82485548166559,-0.00646776206853397,alpha,0
0.11521387100219727,0.11521399021148682,1.1920928955078125e-07,2.2220458774345033,1.3473234005957594e-07,alpha,0
0.10724955797195435,0.10765188932418823,0.0004023313522338867,2.3442447524413756,0.00045086816167424246,alpha,0
0.0995340347290039,0.10061466693878174,0.001080632209777832,3.324689269794923,0.0012015230514152457,alpha,0
0.1399444341659546,0.13437533378601074,-0.005569100379943848,2.78214900588912,-0.006433620248255636,alpha,0
0.06584054231643677,0.06839996576309204,0.0025594234466552734,2.0623931581097934,0.00274734151201674,alpha,0
0.12538152933120728,0.12818974256515503,0.002808213233947754,2.536981840167554,0.0032211289211146114,alpha,0
0.18725085258483887,0.1871122121810913,-0.0001386404037475586,2.1712970353307317,-0.00017055294202358498,alpha,0
0.07937824726104736,0.08285218477249146,0.003473937511444092,2.659030019184401,0.0037877618566668487,alpha,0
0.11998367309570312,0.12198424339294434,0.002000570297241211,2.9003443949806726,0.002278512979051855,alpha,0
0.14077484607696533,0.14558297395706177,0.0048081278800964355,2.658697156157467,0.005627378356871374,alpha,0
0.23127365112304688,0.23562926054000854,0.00435560941696167,1.346837240818304,0.0056982942858838335,alpha,0
0.11059349775314331,0.10768771171569824,-0.0029057860374450684,4.089907263871435,-0.0032564675793406187,alpha,0
0.09594219923019409,0.09676307439804077,0.0008208751678466797,1.9471319582869078,0.0009088148907326947,alpha,0
0.09076231718063354,0.09654861688613892,0.005786299705505371,2.7664447880365914,0.006404660852432531,alpha,0
0.13360649347305298,0.14068001508712769,0.007073521614074707,1.862714069803876,0.008231533931788985,alpha,0
0.3461322784423828,0.3657573461532593,0.019625067710876465,1.42951462578536,0.030942522695136636,alpha,0
0.24335068464279175,0.25376200675964355,0.010411322116851807,2.110652832222116,0.01395174490063576,alpha,0
0.1048508882522583,0.10331934690475464,-0.0015315413475036621,3.693585886959849,-0.0017080120355189394,alpha,0
0.1316235065460205,0.13146305084228516,-0.00016045570373535156,5.289841014289949,-0.0001847425188887559,alpha,0
0.12707090377807617,0.13212227821350098,0.005051374435424805,8.642440048650496,0.0058203757379861176,alpha,0
0.0726364254951477,0.07221078872680664,-0.00042563676834106445,1.9608233223525027,-0.0004587645158720573,alpha,0
0.12058335542678833,0.12061262130737305,2.9265880584716797e-05,1.9920403632313202,3.3279850602616084e-05,alpha,0
0.110728919506073,0.11200821399688721,0.001279294490814209,2.4923858049697727,0.001440660275217596,alpha,0
0.11076366901397705,0.11142843961715698,0.0006647706031799316,4.308310370185009,0.0007481340083555158,alpha,0
0.10342913866043091,0.1049647331237793,0.0015355944633483887,2.782499163816,0.00171568039850295,alpha,0
0.09267961978912354,0.09297609329223633,0.00029647350311279297,0.898237283628188,0.0003268640450601866,alpha,0
0.09293973445892334,0.09679043292999268,0.003850698471069336,3.9559305041301345,0.004263349959368699,alpha,0
0.0968814492225647,0.09294646978378296,-0.003934979438781738,3.6053484467620365,-0.004338199794937952,alpha,0
0.14762288331985474,0.16829413175582886,0.02067124843597412,8.055203451101054,0.024854037016251378,alpha,0
0.09084153175354004,0.09317165613174438,0.0023301243782043457,4.494814260909339,0.0025695319229488787,alpha,0
0.12045323848724365,0.12261933088302612,0.0021660923957824707,3.5902809325189624,0.002468817096189845,alpha,0
0.111935555934906,0.108318030834198,-0.003617525100708008,2.4282997289013117,-0.00405696787173158,alpha,0
0.22405534982681274,0.25363630056381226,0.02958095073699951,3.7079912921817155,0.03963342638360537,alpha,0
0.07652926445007324,0.07703810930252075,0.0005088448524475098,2.8120369041637607,0.0005513172944366938,alpha,0
0.15147531032562256,0.16354727745056152,0.012071967124938965,6.476675507370176,0.014432336460265932,alpha,0
0.13844788074493408,0.13748961687088013,-0.0009582638740539551,2.8003405893462814,-0.0011110172037320282,alpha,0
0.13095587491989136,0.1376073956489563,0.006651520729064941,3.9045585524301156,0.007712868472556367,alpha,0
0.13125193119049072,0.1459081768989563,0.014656245708465576,1.3633876683087047,0.01716003515318945,alpha,0
0.15319693088531494,0.15439856052398682,0.001201629638671875,6.955853015842076,0.0014210354696374203,alpha,0
0.11832308769226074,0.1256750226020813,0.007351934909820557,3.438419644488117,0.008408698252794599,alpha,0
0.123832106590271,0.1287814974784851,0.004949390888214111,6.341159268554776,0.0056809983648067495,alpha,0
0.03879725933074951,0.03808605670928955,-0.0007112026214599609,0.8914574771368565,-0.0007393620046996456,alpha,0
0.12613773345947266,0.12902981042861938,0.0028920769691467285,8.376818121362,0.003320523484931177,alpha,0
0.11544865369796753,0.11860513687133789,0.0031564831733703613,3.8238043833423254,0.0035812361807577176,alpha,0
0.14997512102127075,0.15536481142044067,0.005389690399169922,6.269521954858796,0.006381086736670156,alpha,0
0.06832492351531982,0.06609457731246948,-0.002230346202850342,2.0270832758407833,-0.0023881927962598193,alpha,0
0.09983855485916138,0.09933507442474365,-0.0005034804344177246,4.940244407443994,-0.0005590097050755593,alpha,0
0.12241029739379883,0.12406623363494873,0.0016559362411499023,3.79691198062325,0.0018904811125408537,alpha,0
0.1090896725654602,0.11075705289840698,0.0016673803329467773,4.130496321078775,0.0018750560107127672,alpha,0
0.07310891151428223,0.07546013593673706,0.002351224422454834,1.9066351297896809,0.002543129305556854,alpha,0
0.12778061628341675,0.12707918882369995,-0.0007014274597167969,7.044217481068305,-0.0008035407688030623,alpha,0
0.09309369325637817,0.09226495027542114,-0.0008287429809570312,1.144536150219695,-0.0009129789372003262,alpha,0
0.11563241481781006,0.12384158372879028,0.008209168910980225,5.250484186482972,0.009369503001428824,alpha,0
0.2608689069747925,0.26623648405075073,0.005367577075958252,1.4244373408874755,0.007315132136291034,alpha,0
0.11998897790908813,0.11748635768890381,-0.002502620220184326,1.3079773650504585,-0.002835786440230602,alpha,0
0.09207886457443237,0.09146994352340698,-0.0006089210510253906,0.6580226105202929,-0.0006702266443301523,alpha,0
0.14282089471817017,0.14401698112487793,0.0011960864067077637,2.6267458689662546,0.001397324923898121,alpha,0
0.13528180122375488,0.13653433322906494,0.0012525320053100586,4.339155774631861,0.0014505869237327038,alpha,0
0.11318200826644897,0.11600720882415771,0.0028252005577087402,3.250946290492053,0.0031959542950014356,alpha,0
0.08849257230758667,0.08700460195541382,-0.0014879703521728516,2.5432245358270213,-0.001629767636682202,alpha,0
0.10412871837615967,0.10266488790512085,-0.0014638304710388184,2.112925036115881,-0.0016313085839485585,alpha,0
0.16954469680786133,0.19002264738082886,0.02047795057296753,3.6522531888384617,0.025282127341893338,alpha,0
0.15356922149658203,0.15595000982284546,0.0023807883262634277,2.9605008265736847,0.0028206721805230195,alpha,0
0.12929224967956543,0.13159698247909546,0.0023047327995300293,2.230052668060039,0.002653989856126391,alpha,0
0.10828924179077148,0.1070602536201477,-0.0012289881706237793,1.5198096076185261,-0.0013763394177561603,alpha,0
0.09154468774795532,0.09694665670394897,0.005401968955993652,2.9152909213963936,0.005981893534967741,alpha,0
0.2934291958808899,0.30089402198791504,0.0074648261070251465,1.7704042879312272,0.010677674546928431,alpha,0
0.08433687686920166,0.08789730072021484,0.0035604238510131836,3.557240422358324,0.003903533948342184,alpha,0
0.1916850209236145,0.2015874981880188,0.009902477264404297,3.8632230088441357,0.012402708176451173,alpha,0
0.07943916320800781,0.07753270864486694,-0.0019064545631408691,2.2989110468092804,-0.002066690690290198,alpha,0
0.10480773448944092,0.10141205787658691,-0.003395676612854004,3.0990302551450144,-0.003778902936122014,alpha,0
0.06893789768218994,0.06831908226013184,-0.0006188154220581055,1.973610123660748,-0.0006641924400032449,alpha,0
0.10908269882202148,0.104256272315979,-0.0048264265060424805,1.1342061840150783,-0.0053881778424744176,alpha,0
0.10097646713256836,0.10265928506851196,0.0016828179359436035,3.135853477221796,0.0018753388851547727,alpha,0
0.10859185457229614,0.10775166749954224,-0.0008401870727539062,2.3725782864753793,-0.0009416516032026041,alpha,0
0.2570742964744568,0.27897995710372925,0.02190566062927246,3.936716704687903,0.03038148640262405,alpha,0
0.1294761300086975,0.12967687845230103,0.00020074844360351562,1.385220454061532,0.00023065966953345315,alpha,0
0.10633975267410278,0.11013835668563843,0.0037986040115356445,6.5771989085339255,0.004268758003083982,alpha,0
0.17274755239486694,0.19058674573898315,0.01783919334411621,3.0339320948298263,0.022039660519771385,alpha,0
0.13289105892181396,0.14579784870147705,0.012906789779663086,6.7168992298088845,0.015109760330201364,alpha,0
0.09447062015533447,0.09356421232223511,-0.0009064078330993652,2.850203300677173,-0.0009999691598911035,alpha,0
0.12508898973464966,0.13843786716461182,0.013348877429962158,6.458974549646765,0.015493807029367923,alpha,0
0.13781726360321045,0.14937108755111694,0.011553823947906494,1.8584973964729594,0.013582684269035823,alpha,0
0.12409764528274536,0.12276387214660645,-0.001333773136138916,5.896570794209952,-0.0015204265918717615,alpha,0
0.0934569239616394,0.09260183572769165,-0.0008550882339477539,2.001341231942325,-0.0009423517344599164,alpha,0
0.13617980480194092,0.146845281124115,0.010665476322174072,6.014892314403733,0.012501221743492063,alpha,0
0.103127121925354,0.10248452425003052,-0.0006425976753234863,2.812371826930212,-0.0007159739221059422,alpha,0
0.0742751955986023,0.07551103830337524,0.0012358427047729492,2.5975041666846193,0.0013367847059038186,alpha,0
0.09916442632675171,0.0988050103187561,-0.00035941600799560547,1.5078290774026326,-0.0003988215781389689,alpha,0
0.06699395179748535,0.07654392719268799,0.009549975395202637,2.4918352415809024,0.010341558928916516,alpha,0
0.09920710325241089,0.09734851121902466,-0.0018585920333862305,2.709335748869824,-0.002059036135747415,alpha,0
0.09915858507156372,0.10011047124862671,0.0009518861770629883,5.583256472652947,0.00105778114607441,alpha,0
0.19390571117401123,0.2096990942955017,0.01579338312149048,1.786250867358047,0.019984012428040654,alpha,0
0.0864669680595398,0.08732765913009644,0.0008606910705566406,3.7575218616049884,0.0009430449812210617,alpha,0
0.1108170747756958,0.11062824726104736,-0.0001888275146484375,2.619064383188507,-0.00021231561949984926,alpha,0
0.12436133623123169,0.13176727294921875,0.0074059367179870605,5.0550191162755365,0.008529898133584063,alpha,0
0.13319724798202515,0.1460944414138794,0.012897193431854248,13.179964085637403,0.015103770319997867,alpha,0
0.19324475526809692,0.2114710807800293,0.018226325511932373,4.964232745578395,0.023114339966075353,alpha,0
0.07413595914840698,0.07355040311813354,-0.0005855560302734375,0.877164992386048,-0.0006320430514992204,alpha,0
0.25067704916000366,0.27093803882598877,0.020260989665985107,2.2767612530517707,0.027790490719552505,alpha,0
0.08747231960296631,0.08913052082061768,0.0016582012176513672,2.7728497851601346,0.0018204597426464092,alpha,0
0.1009553074836731,0.10311126708984375,0.0021559596061706543,1.9074888083819435,0.002403820593414259,alpha,0
0.08173787593841553,0.0897098183631897,0.00797194242477417,0.863999207007404,0.008757583664628423,alpha,0
0.14358437061309814,0.1456700563430786,0.0020856857299804688,4.13616718135848,0.002441311750180245,alpha,0
0.12185347080230713,0.12260574102401733,0.0007522702217102051,4.388992150541886,0.0008573913198248968,alpha,0
0.10658609867095947,0.11218219995498657,0.0055961012840271,5.6341757789328355,0.006303209153661225,alpha,0
0.08856505155563354,0.08625870943069458,-0.002306342124938965,1.2483918742635456,-0.0025240646873930816,alpha,0
0.0915229320526123,0.09131813049316406,-0.0002048015594482422,2.5739283418815955,-0.00022538312507477788,alpha,0
0.10862457752227783,0.1134105920791626,0.004786014556884766,5.051855037972381,0.0053982311475032916,alpha,0
0.22811442613601685,0.2382640838623047,0.010149657726287842,2.6787137007746806,0.013324378582213442,alpha,0
0.1223217248916626,0.1279858946800232,0.005664169788360596,8.292797387914648,0.006495502485343612,alpha,0
0.09474450349807739,0.09639334678649902,0.0016488432884216309,0.6248028722097987,0.001824735666296658,alpha,0
0.10620748996734619,0.10554862022399902,-0.000658869743347168,2.9856197201728634,-0.0007366188461939316,alpha,0
0.151567280292511,0.16023659706115723,0.00866931676864624,3.675165612682296,0.010323522956950767,alpha,0
0.16679096221923828,0.16745448112487793,0.0006635189056396484,6.523567995962747,0.000796976129949206,alpha,0
0.1517353057861328,0.1693052053451538,0.017569899559020996,4.876718222774009,0.0211508482683117,alpha,0
0.10317015647888184,0.10796916484832764,0.004799008369445801,2.2385865324623397,0.005379868251560859,alpha,0
0.1048169732093811,0.1020236611366272,-0.0027933120727539062,2.119454150570092,-0.0031106744708770204,alpha,0
0.09768348932266235,0.10704100131988525,0.0093575119972229,5.118135709359546,0.010479217983193255,alpha,0
0.09434038400650024,0.09950309991836548,0.005162715911865234,2.139882947751157,0.005733185657160184,alpha,0
0.11610913276672363,0.11543363332748413,-0.000675499439239502,2.7070453345256302,-0.0007636503768287465,alpha,0
0.15838122367858887,0.18052417039871216,0.02214294672012329,2.1868342757048467,0.027020866168678628,alpha,0
0.12399965524673462,0.12641698122024536,0.002417325973510742,3.6121991674042024,0.0027671393806250164,alpha,0
0.1294955611228943,0.1304449439048767,0.0009493827819824219,1.2433126566696826,0.0010918029575329915,alpha,0
0.14624643325805664,0.15220904350280762,0.0059626102447509766,3.246611950411927,0.007033113763546878,alpha,0
0.10939222574234009,0.11076271533966064,0.0013704895973205566,7.115468282170445,0.0015411967322580726,alpha,0
0.10582703351974487,0.11015880107879639,0.004331767559051514,6.282100325237325,0.00486802315323579,alpha,0
0.1887107491493225,0.20149308443069458,0.01278233528137207,5.980600604863783,0.016007795339203476,alpha,0
0.129710853099823,0.13127273321151733,0.001561880111694336,4.6565578534355705,0.0017978946573972586,alpha,0
0.13480865955352783,0.1336008906364441,-0.0012077689170837402,4.759826723517603,-0.0013940098783930533,alpha,0
0.21274161338806152,0.2129032015800476,0.00016158819198608398,1.330662869533031,0.0002052964671060309,alpha,0
0.09742975234985352,0.10259729623794556,0.005167543888092041,3.2735872531302106,0.00575833331728206,alpha,0
0.10234856605529785,0.11577242612838745,0.0134238600730896,9.003076181070833,0.0151814538131998,alpha,0
0.11045002937316895,0.11272954940795898,0.002279520034790039,3.0682558450902238,0.0025691377789815993,alpha,0
0.10204929113388062,0.10337698459625244,0.0013276934623718262,5.490164386193529,0.0014807711151313336,alpha,0
0.12075001001358032,0.12244290113449097,0.0016928911209106445,9.910472856030587,0.0019290951245214533,alpha,0
0.07903683185577393,0.0794190764427185,0.0003822445869445801,1.9786797710888653,0.00041522106005360387,alpha,0
0.09335058927536011,0.09230959415435791,-0.0010409951210021973,1.2294788446872364,-0.0011468614345795172,alpha,0
0.1096845269203186,0.11345291137695312,0.0037683844566345215,2.455379803134365,0.00425063090837898,alpha,0
0.19618409872055054,0.20466995239257812,0.008485853672027588,1.4955745345336708,0.010669600246533423,alpha,0
0.13521486520767212,0.13360267877578735,-0.0016121864318847656,2.8659025786625634,-0.0018607934170511503,alpha,0
0.12200796604156494,0.12199217081069946,-1.5795230865478516e-05,6.527437883349436,-1.7989851958453353e-05,alpha,0
0.19276094436645508,0.20745712518692017,0.014696180820465088,5.245520074500292,0.01854307355161216,alpha,0
0.22967267036437988,0.235448956489563,0.0057762861251831055,1.2070603423484196,0.007555134708418265,alpha,0
0.11263000965118408,0.11066073179244995,-0.001969277858734131,1.856588832144019,-0.0022143156488560107,alpha,0
0.12173664569854736,0.12054842710494995,-0.0011882185935974121,3.161001929049226,-0.0013510904184137595,alpha,0
0.10855710506439209,0.11259454488754272,0.004037439823150635,5.625791393469613,0.0045497126481366815,alpha,0
0.08675926923751831,0.08762013912200928,0.0008608698844909668,2.1528603241937496,0.0009435432777555442,alpha,0
0.1376221776008606,0.13974303007125854,0.0021208524703979492,4.738816777248963,0.002465370865374829,alpha,0
0.19389879703521729,0.19489526748657227,0.0009964704513549805,4.085464173141332,0.0012376904657411898,alpha,0
0.12954866886138916,0.12950724363327026,-4.1425228118896484e-05,4.940416915802363,-4.7588251385109126e-05,alpha,0
0.08667480945587158,0.08655661344528198,-0.00011819601058959961,1.3381327915737176,-0.00012939609868478622,alpha,0
0.13021183013916016,0.1299726366996765,-0.00023919343948364258,4.430725931677019,-0.0002749263409098959,alpha,0
0.09114968776702881,0.09601610898971558,0.004866421222686768,2.7632037729729473,0.005383305245902223,alpha,0
0.17453181743621826,0.18899112939834595,0.014459311962127686,3.0461297192189343,0.017828796313165994,alpha,0
0.1448425054550171,0.15691304206848145,0.012070536613464355,5.548408034926832,0.014317071922306749,alpha,0
0.22249925136566162,0.23611217737197876,0.013612926006317139,2.9473809976345153,0.01782058255554365,alpha,0
0.10666906833648682,0.1062278151512146,-0.0004412531852722168,2.6912575170432556,-0.0004936976029824324,alpha,0
0.12054276466369629,0.12301570177078247,0.0024729371070861816,2.7800502606824264,0.002819819137103672,alpha,0
0.10270100831985474,0.10303318500518799,0.00033217668533325195,2.490345832342692,0.0003703333052908688,alpha,0
0.11213350296020508,0.11575204133987427,0.0036185383796691895,3.91366309691138,0.004092221355141437,alpha,0
0.10021531581878662,0.10430383682250977,0.0040885210037231445,1.9264296441586197,0.004564629359602345,alpha,0
0.1771252155303955,0.183091402053833,0.0059661865234375,9.625973097203365,0.007303370950480145,alpha,0
0.08881610631942749,0.09727448225021362,0.008458375930786133,4.438972837629621,0.009369820354552767,alpha,0
0.12619000673294067,0.13879621028900146,0.012606203556060791,10.187226256687213,0.01463788676579229,alpha,0
0.06148582696914673,0.06086522340774536,-0.0006206035614013672,1.374828778752518,-0.0006608248111663907,alpha,0
0.1057661771774292,0.10681450366973877,0.0010483264923095703,4.37507405503039,0.0011736940384911318,alpha,0
0.09798634052276611,0.10117197036743164,0.0031856298446655273,3.6266137423960565,0.003544203940733557,alpha,0
0.11335062980651855,0.11288464069366455,-0.0004659891128540039,2.672650584590956,-0.0005252858131307477,alpha,0
0.12394142150878906,0.12616568803787231,0.002224266529083252,6.50485995797039,0.0025454099234085152,alpha,0
0.11339586973190308,0.11151039600372314,-0.0018854737281799316,5.36037829540719,-0.002122111187007015,alpha,0
0.1826135516166687,0.1894361972808838,0.006822645664215088,2.5361427855122924,0.008417160550875638,alpha,0
0.16873449087142944,0.17245370149612427,0.0037192106246948242,4.459663511189968,0.004494262896733149,alpha,0
0.11400580406188965,0.12144112586975098,0.007435321807861328,4.861823368214859,0.008463088845607652,alpha,0
0.09725803136825562,0.0955498218536377,-0.00170820951461792,3.4796647344647464,-0.001888671765335746,alpha,0
0.14098060131072998,0.1371820569038391,-0.003798544406890869,6.766922690291572,-0.004402486570063741,alpha,0
0.1378757357597351,0.14347535371780396,0.005599617958068848,3.091862803358499,0.006537602837670082,alpha,0
0.12274819612503052,0.12655597925186157,0.0038077831268310547,3.1362955796740737,0.004359504486125558,alpha,0
0.15526795387268066,0.15807729959487915,0.0028093457221984863,5.738163430983241,0.00333682144553968,alpha,0
0.13411575555801392,0.13579124212265015,0.0016754865646362305,1.8212557425180447,0.0019387521236784535,alpha,0
0.11823540925979614,0.11935347318649292,0.0011180639266967773,1.6056480336778185,0.0012695944316527665,alpha,0
0.13043451309204102,0.13193625211715698,0.0015017390251159668,4.712941803432997,0.0017299870300754073,alpha,0
0.10249155759811401,0.10512620210647583,0.0026346445083618164,3.868552300160286,0.0029441520296645198,alpha,0
0.12293010950088501,0.12959539890289307,0.006665289402008057,3.3110811876170536,0.007657690910189067,alpha,0
0.19292324781417847,0.2055167555809021,0.012593507766723633,2.077256785293799,0.01585119365976261,alpha,0
0.060295283794403076,0.05885934829711914,-0.0014359354972839355,0.7912973478738698,-0.0015257395317966372,alpha,0
0.12635165452957153,0.14832139015197754,0.021969735622406006,5.9920928480523665,0.025795805328874453,alpha,0
0.10553973913192749,0.10554128885269165,1.5497207641601562e-06,2.215993314076762,1.732579430270575e-06,alpha,0
0.08823424577713013,0.09432339668273926,0.006089150905609131,4.89722268440235,0.0067233170022347214,alpha,0
0.160883367061615,0.1656280755996704,0.00474470853805542,4.3337216880927745,0.005686563029389422,alpha,0
0.06285518407821655,0.062402188777923584,-0.00045299530029296875,1.9118916779764445,-0.00048314457955328326,alpha,0
0.189300537109375,0.1964048147201538,0.007104277610778809,3.2689917503491817,0.008840617441361094,alpha,0
0.1229928731918335,0.12169784307479858,-0.0012950301170349121,5.512875746695805,-0.0014744699268058388,alpha,0
0.14176231622695923,0.16986572742462158,0.028103411197662354,2.8559406351375753,0.03385405485124154,alpha,0
0.10812187194824219,0.109061598777771,0.0009397268295288086,3.201789434307378,0.0010547607199775533,alpha,0
0.11197435855865479,0.11347329616546631,0.0014989376068115234,3.0091348553850925,0.0016907980327361843,alpha,0
0.08982884883880615,0.09080415964126587,0.0009753108024597168,1.709385752123116,0.001072718064872466,alpha,0
0.14055627584457397,0.15061789751052856,0.01006162166595459,3.070915432832587,0.011845813134588988,alpha,0
0.10867613554000854,0.11459261178970337,0.005916476249694824,5.4685531531354785,0.006682207906186546,alpha,0
0.0958704948425293,0.09641283750534058,0.0005423426628112793,0.9607531144200671,0.0006002106773119242,alpha,0
0.09773969650268555,0.09777522087097168,3.552436828613281e-05,2.4774691363227115,3.937418823768797e-05,alpha,0
0.08968746662139893,0.0901486873626709,0.00046122074127197266,1.7199298551654267,0.000506918806255344,alpha,0
0.13490033149719238,0.13899284601211548,0.004092514514923096,5.149318077923333,0.004753171324962862,alpha,0
0.095939040184021,0.09559589624404907,-0.00034314393997192383,3.591100036612052,-0.00037941439954425457,alpha,0
0.14097100496292114,0.14963263273239136,0.008661627769470215,7.468754934450584,0.010185748069451047,alpha,0
0.14409440755844116,0.15386706590652466,0.009772658348083496,4.571290716970667,0.011549790764915286,alpha,0
0.15602248907089233,0.1693158745765686,0.01329338550567627,3.2641261155857406,0.016002936734706617,alpha,0
0.09804666042327881,0.09692144393920898,-0.0011252164840698242,3.8192832103777583,-0.0012459785214898624,alpha,0
0.15630793571472168,0.1761898398399353,0.019881904125213623,3.36477439351741,0.024134084631040005,alpha,0
0.16273820400238037,0.16823649406433105,0.005498290061950684,8.334433146639581,0.006610400700095079,alpha,0
0.07096022367477417,0.07044398784637451,-0.0005162358283996582,0.9834143962002083,-0.0005553574197251722,alpha,0
0.0902864933013916,0.09057235717773438,0.00028586387634277344,3.630907068736401,0.0003143338324923134,alpha,0
0.09946894645690918,0.10035789012908936,0.0008889436721801758,0.9098909444577535,0.0009881081181356995,alpha,0
0.1066705584526062,0.10792338848114014,0.0012528300285339355,1.526597381519074,0.0014043973492375871,alpha,0
0.1764233112335205,0.1861448884010315,0.009721577167510986,2.620147069123635,0.011945095667472254,alpha,0
0.19929009675979614,0.20328056812286377,0.003990471363067627,4.9093055506217445,0.005008628136087693,alpha,0
0.13180691003799438,0.12101125717163086,-0.010795652866363525,1.4939708177497313,-0.01228190116704541,alpha,0
0.12298250198364258,0.1266024112701416,0.0036199092864990234,1.6272882605847787,0.004144629356904099,alpha,0
0.16900372505187988,0.17441833019256592,0.005414605140686035,5.104846242351033,0.006558533623873923,alpha,0
0.1242450475692749,0.13600993156433105,0.011764883995056152,2.6287010072914607,0.01361692040784395,alpha,0
0.14232850074768066,0.1435147523880005,0.0011862516403198242,1.5151213555792353,0.0013850228519723597,alpha,0
0.16246432065963745,0.17257797718048096,0.010113656520843506,3.80555556171377,0.01222309322439867,alpha,0
0.1407267451286316,0.13965141773223877,-0.0010753273963928223,1.6824264230289434,-0.0012498740842443261,alpha,0
0.12564677000045776,0.12895387411117554,0.0033071041107177734,3.736712845950891,0.0037967037708171543,alpha,0
0.07732713222503662,0.09277743101119995,0.01545029878616333,2.631590957129163,0.017030328955974273,alpha,0
0.11396032571792603,0.1233980655670166,0.009437739849090576,8.253594723166128,0.010766277689308585,alpha,0
0.16875183582305908,0.16642820835113525,-0.002323627471923828,3.9338812524969047,-0.002787555307416925,alpha,0
0.2034008502960205,0.20048433542251587,-0.0029165148735046387,7.429455712879001,-0.003647852071848916,alpha,0
0.15663272142410278,0.1563950777053833,-0.00023764371871948242,3.935862195376173,-0.000281700251431782,alpha,0
0.13862240314483643,0.1509736180305481,0.01235121488571167,3.1533061897514183,0.014547504233097044,alpha,0
0.1625586748123169,0.17864596843719482,0.01608729362487793,8.487497820442163,0.0195863087130264,alpha,0
0.1440584659576416,0.14635896682739258,0.0023005008697509766,4.872921084230496,0.002694927704214298,alpha,0
0.16291600465774536,0.17118877172470093,0.008272767066955566,5.4109936568547665,0.009981485270380137,alpha,0
0.166642963886261,0.15977734327316284,-0.0068656206130981445,2.90107443339678,-0.008171191955051279,alpha,0
0.1414250135421753,0.14357686042785645,0.0021518468856811523,2.0211994551244272,0.0025125977875331386,alpha,0
0.2527118921279907,0.30247318744659424,0.049761295318603516,0.9637684912707405,0.07133961651802964,alpha,0
0.15311139822006226,0.16954189538955688,0.01643049716949463,4.469450906281779,0.019784859800003947,alpha,0
0.15669625997543335,0.16487103700637817,0.008174777030944824,7.232906247023804,0.00978864030968503,alpha,0
0.10579383373260498,0.11148327589035034,0.005689442157745361,3.240541312827272,0.006403303396958053,alpha,0
0.15531659126281738,0.17566663026809692,0.02035003900527954,1.4345410642107657,0.024686661674145207,alpha,0
0.1643275022506714,0.16735750436782837,0.0030300021171569824,4.726914228848005,0.00363901930666714,alpha,0
0.17571371793746948,0.18610990047454834,0.010396182537078857,4.415464087288645,0.012773447598318834,alpha,0
0.26950639486312866,0.27304404973983765,0.0035376548767089844,1.2294560407080544,0.0048663951033662105,alpha,0
0.16655254364013672,0.17481756210327148,0.008265018463134766,10.503661165871499,0.010015989293472012,alpha,0
0.1563679575920105,0.15426647663116455,-0.0021014809608459473,5.446849381299462,-0.00248480272187279,alpha,0
0.29234689474105835,0.2844705581665039,-0.007876336574554443,0.4736684803446651,-0.01100770438512196,alpha,0
0.1317615509033203,0.1369023323059082,0.005140781402587891,2.4845653042502813,0.005956198927431166,alpha,0
0.12904322147369385,0.13390034437179565,0.004857122898101807,4.092597056194561,0.005608041599530265,alpha,0
0.22517937421798706,0.23427343368530273,0.009094059467315674,2.5453536560478414,0.011876379725315956,alpha,0
0.11813598871231079,0.11725705862045288,-0.0008789300918579102,1.3643626091325702,-0.000995680679682719,alpha,0
0.14889299869537354,0.150820791721344,0.001927793025970459,1.7584555842892067,0.002270183969621944,alpha,0
0.13744693994522095,0.14770078659057617,0.010253846645355225,7.805732122988476,0.012030806181713,alpha,0
0.1361401081085205,0.14343976974487305,0.007299661636352539,9.19735850271503,0.008522064623731515,alpha,0
0.21648865938186646,0.22409135103225708,0.007602691650390625,3.1098266967277493,0.00979843653051829,alpha,0
0.11464178562164307,0.13110673427581787,0.016464948654174805,3.85440818603175,0.018949333944315975,alpha,0
0.20303821563720703,0.20726549625396729,0.004227280616760254,6.241134197867765,0.005332530117945443,alpha,0
0.08791530132293701,0.09580212831497192,0.007886826992034912,3.119690021226323,0.008722456930071431,alpha,0
0.11681896448135376,0.12287336587905884,0.006054401397705078,6.120074100095883,0.0069025396814826135,alpha,0
0.1207648515701294,0.12245148420333862,0.0016866326332092285,7.336157007427657,0.0019219822070783853,alpha,0
0.1284920573234558,0.13073289394378662,0.0022408366203308105,1.6332542453065435,0.002577845871215908,alpha,0
0.08510082960128784,0.09026479721069336,0.005163967609405518,4.5948001968659185,0.005676341416241189,alpha,0
0.14461207389831543,0.15005069971084595,0.005438625812530518,9.10562649379061,0.006398764974193507,alpha,0
0.10550397634506226,0.10583555698394775,0.00033158063888549805,2.2047727066883325,0.0003708273589666162,alpha,0
0.17759591341018677,0.18695813417434692,0.009362220764160156,2.516470822756986,0.011515053723159405,alpha,0
0.1757757067680359,0.1744610071182251,-0.001314699649810791,3.3461616246813177,-0.0015925348907160205,alpha,0
0.18348759412765503,0.1930243968963623,0.009536802768707275,2.643615636698073,0.011817956741230614,alpha,0
0.14703750610351562,0.14845067262649536,0.0014131665229797363,3.8802091304920316,0.001659523973013364,alpha,0
0.14160650968551636,0.15133905410766602,0.009732544422149658,3.820795387133911,0.011468118651219735,alpha,0
0.14290302991867065,0.14381396770477295,0.0009109377861022949,4.173017664507259,0.0010639484314644702,alpha,0
0.14327079057693481,0.14354705810546875,0.00027626752853393555,1.6016933829262765,0.0003225717549907801,alpha,0
0.15851449966430664,0.16743004322052002,0.008915543556213379,11.558199991650831,0.010708461773831227,alpha,0
0.1266055703163147,0.12704980373382568,0.00044423341751098633,4.655908683568775,0.0005088874707985443,alpha,0
0.16385960578918457,0.16895323991775513,0.005093634128570557,5.242561927760998,0.006129178733656892,alpha,0
0.13129264116287231,0.1389409899711609,0.007648348808288574,3.3384548682689776,0.008882490885302288,alpha,0
0.17558938264846802,0.1822236180305481,0.006634235382080078,6.279542610704198,0.008112529938933723,alpha,0
0.1754360795021057,0.1765979528427124,0.0011618733406066895,6.814260067182119,0.0014110644303325936,alpha,0
0.14369750022888184,0.1434084177017212,-0.00028908252716064453,3.863614683209106,-0.00033747999996103326,alpha,0
0.10021096467971802,0.10332518815994263,0.0031142234802246094,2.868200531987848,0.0034730801390907176,alpha,0
0.12503719329833984,0.13636928796768188,0.011332094669342041,7.411653898618535,0.013121458641361957,alpha,0
0.14729732275009155,0.1461504101753235,-0.0011469125747680664,4.52071389323081,-0.0013432255381226632,alpha,0
0.10980874300003052,0.111458420753479,0.0016496777534484863,3.9061552664889714,0.001856612894635055,alpha,0
0.13935935497283936,0.14968180656433105,0.0103224515914917,4.1086650241699445,0.012139516325981854,alpha,0
0.20451384782791138,0.2182266116142273,0.013712763786315918,1.3936436253944546,0.017540586556201936,alpha,0
0.1281706690788269,0.13215333223342896,0.003982663154602051,14.416002731876908,0.0045891322770778755,alpha,0
0.15443116426467896,0.15241825580596924,-0.002012908458709717,8.967099484868976,-0.002374884160139386,alpha,0
0.11512309312820435,0.11784201860427856,0.0027189254760742188,2.3416274496451703,0.0030821298830991974,alpha,0
0.18052154779434204,0.21694809198379517,0.036426544189453125,2.0971502378119333,0.04651868390402964,alpha,0
0.1630663275718689,0.17082500457763672,0.007758677005767822,1.958980620754204,0.009357104409324024,alpha,0
0.08431774377822876,0.08719813823699951,0.002880394458770752,2.3408815248440793,0.0031555527868967212,alpha,0
0.1693452000617981,0.19036626815795898,0.02102106809616089,2.380022059563457,0.025963676251895697,alpha,0
0.19346553087234497,0.19882714748382568,0.005361616611480713,8.620553621931716,0.006692209545845128,alpha,0
0.1396821141242981,0.1406760811805725,0.000993967056274414,2.2890429291912167,0.0011566849641983252,alpha,0
0.1451510787010193,0.14393991231918335,-0.0012111663818359375,2.255806576204942,-0.001414814683297702,alpha,0
0.18379735946655273,0.23248952627182007,0.048692166805267334,1.1004343905258238,0.06344169685235079,alpha,0
0.1367390751838684,0.13822299242019653,0.001483917236328125,2.267269953360813,0.0017219271612914427,alpha,0
0.13585174083709717,0.13755494356155396,0.0017032027244567871,4.031012032857517,0.0019748535999386846,alpha,0
0.13773608207702637,0.15052372217178345,0.01278764009475708,3.2748897733837268,0.015053557619584325,alpha,0
0.23649919033050537,0.23623895645141602,-0.00026023387908935547,3.3794793494466138,-0.00034072682979516435,alpha,0
0.10755670070648193,0.12002015113830566,0.01246345043182373,5.197833932397746,0.014163336180874979,alpha,0
0.12653207778930664,0.12944579124450684,0.0029137134552001953,6.324396555753198,0.0033469638373990686,alpha,0
0.22770142555236816,0.22991865873336792,0.002217233180999756,1.261011738822501,0.002879219456678231,alpha,0
0.07888418436050415,0.07872605323791504,-0.00015813112258911133,3.443647201460993,-0.000171643975328815,alpha,0
0.15979725122451782,0.16601520776748657,0.00621795654296875,9.416919676151,0.007455719337907537,alpha,0
0.12117999792098999,0.12099975347518921,-0.00018024444580078125,2.5804959820139697,-0.00020505619482291424,alpha,0
0.16567069292068481,0.16392040252685547,-0.0017502903938293457,2.2666942784088913,-0.0020934494743313796,alpha,0
0.17830657958984375,0.18397265672683716,0.005666077136993408,2.4219112559650275,0.006943489312828952,alpha,0
0.166892409324646,0.16965168714523315,0.002759277820587158,8.772983335457399,0.0033230365834075867,alpha,0
0.07016593217849731,0.0794646143913269,0.00929868221282959,2.9617229771759606,0.010101384866026795,alpha,0
0.11758756637573242,0.12681490182876587,0.009227335453033447,1.8856756947699178,0.01056744494650542,alpha,0
0.16024094820022583,0.16877049207687378,0.00852954387664795,11.922435275978229,0.010261358379780688,alpha,0
0.1336103081703186,0.13344275951385498,-0.00016754865646362305,2.3947405467356284,-0.00019334978537554774,alpha,0
0.2512562870979309,0.25780659914016724,0.006550312042236328,6.2377303707068625,0.008825613424543759,alpha,0
0.09231340885162354,0.09999579191207886,0.007682383060455322,3.9476439220014066,0.0085359412671822,alpha,0
0.23084473609924316,0.26450830698013306,0.03366357088088989,0.7458844975324287,0.04577015784185149,alpha,0
0.16545623540878296,0.1992059350013733,0.03374969959259033,4.261777113442171,0.04214529186432995,alpha,0
0.15858691930770874,0.1799984574317932,0.021411538124084473,1.8311299577006739,0.026111582738033063,alpha,0
0.1954174041748047,0.20039498805999756,0.004977583885192871,4.261678325746667,0.0062250533836903455,alpha,0
0.14674246311187744,0.1638593077659607,0.017116844654083252,3.1960906002644354,0.020471249411806135,alpha,0
0.14398163557052612,0.15938842296600342,0.015406787395477295,3.2144460197851563,0.018328069487025637,alpha,0
0.11281734704971313,0.11547857522964478,0.0026612281799316406,1.6892962652118613,0.003008664465784494,alpha,0
0.16438055038452148,0.16254079341888428,-0.001839756965637207,3.3768414728584775,-0.002196831739599497,alpha,0
0.1439489722251892,0.1577419638633728,0.013792991638183594,1.7358480770039548,0.016376206633125147,alpha,0
0.5164961814880371,0.5248298048973083,0.00833362340927124,1.303018750643638,0.01753818630705618,alpha,0
0.14078909158706665,0.1401515007019043,-0.0006375908851623535,2.748060328530017,-0.0007415153782123553,alpha,0
0.14330607652664185,0.15310442447662354,0.00979834794998169,3.706912366524121,0.011569723863448417,alpha,0
0.2221297025680542,0.23083209991455078,0.008702397346496582,1.86111561578894,0.011314041245779765,alpha,0
0.11193817853927612,0.11247086524963379,0.000532686710357666,1.4772275353556272,0.0006001906748756973,alpha,0
0.18023687601089478,0.1954135298728943,0.015176653861999512,2.804252013030746,0.01886267595278101,alpha,0
0.12776201963424683,0.13000249862670898,0.002240478992462158,4.294185237225093,0.002575270605864456,alpha,0
0.12827068567276,0.12536132335662842,-0.002909362316131592,3.5820916681476613,-0.0033263590941312398,alpha,0
0.2458202838897705,0.243757426738739,-0.002062857151031494,6.595279713016336,-0.002727771781130383,alpha,0
0.24649745225906372,0.25295060873031616,0.006453156471252441,0.4643380569635555,0.008638192530061055,alpha,0
0.12655025720596313,0.13453561067581177,0.007985353469848633,6.905409222844792,0.009226669021106835,alpha,0
0.10144644975662231,0.11394238471984863,0.012495934963226318,5.62057556469324,0.014102846979398046,alpha,0
0.15619248151779175,0.15753084421157837,0.001338362693786621,1.438447987614932,0.0015886192207643724,alpha,0
0.15629148483276367,0.15137308835983276,-0.004918396472930908,1.451923074690063,-0.005795711172327746,alpha,0
0.13718020915985107,0.14459753036499023,0.00741732120513916,6.721976255071553,0.00867114775610134,alpha,0
0.1501542329788208,0.15832263231277466,0.008168399333953857,2.2538432586613477,0.009704905522645949,alpha,0
0.16766858100891113,0.17736941576004028,0.00970083475112915,11.619987327407985,0.011792455735270154,alpha,0
0.135176420211792,0.14935368299484253,0.014177262783050537,5.523363243498567,0.016666459960661396,alpha,0
0.15119218826293945,0.15264618396759033,0.001453995704650879,1.6415314565567736,0.0017159251273086453,alpha,0
0.13174468278884888,0.13418394327163696,0.002439260482788086,2.9535315696970565,0.002817296426685891,alpha,0
0.16856825351715088,0.17018139362335205,0.0016131401062011719,1.832964336018698,0.0019439671439097385,alpha,0
0.1249234676361084,0.12534183263778687,0.0004183650016784668,2.0043519548444007,0.0004783182931226361,alpha,0
0.07575464248657227,0.07619595527648926,0.0004413127899169922,0.9323914040214392,0.0004777125543427065,alpha,0
0.16840404272079468,0.17053818702697754,0.0021341443061828613,5.67167603242962,0.002572926532366201,alpha,0
0.11645334959030151,0.11584031581878662,-0.0006130337715148926,2.7829830953692327,-0.0006933518712545684,alpha,0
0.11532455682754517,0.11392658948898315,-0.0013979673385620117,1.1524493041867618,-0.0015777105169601862,alpha,0
0.24022549390792847,0.2368488311767578,-0.0033766627311706543,2.6196060151074554,-0.00442463153974772,alpha,0
0.13121628761291504,0.157085120677948,0.02586883306503296,2.7189236052013825,0.030689733565788996,alpha,0
0.11674195528030396,0.11510026454925537,-0.001641690731048584,0.9281339900257375,-0.0018552279600494513,alpha,0
0.20984262228012085,0.20462846755981445,-0.0052141547203063965,2.0763015018693927,-0.006555621502204716,alpha,0
0.1923964023590088,0.19890880584716797,0.00651240348815918,6.547649776915161,0.00812941589633395,alpha,0
0.2803509831428528,0.2885427474975586,0.00819176435470581,2.319623507195946,0.011514064022669725,alpha,0
0.0717821717262268,0.07212930917739868,0.000347137451171875,1.4351255146112722,0.00037412266019968925,alpha,0
0.13883692026138306,0.15749770402908325,0.018660783767700195,2.134806583179329,0.022149237879755722,alpha,0
0.10957342386245728,0.10924994945526123,-0.0003234744071960449,6.601617275416663,-0.0003631483455973131,alpha,0
0.13900941610336304,0.14813709259033203,0.009127676486968994,0.7006500547991161,0.010714959423135698,alpha,0
0.13966286182403564,0.13875478506088257,-0.0009080767631530762,3.166934773070743,-0.0010543765554822495,alpha,0
0.14679187536239624,0.1426163911819458,-0.0041754841804504395,1.0063838717057316,-0.004870030331238256,alpha,0
0.14488428831100464,0.14398616552352905,-0.0008981227874755859,1.2873353372273237,-0.0010491919070734043,alpha,0
0.1775127649307251,0.17941778898239136,0.0019050240516662598,5.318866854375168,0.0023215517300866524,alpha,0
0.10645800828933716,0.1069071888923645,0.00044918060302734375,0.9590318317754947,0.0005029495226484457,alpha,0
0.2176138162612915,0.21481865644454956,-0.0027951598167419434,2.9044973864628423,-0.0035598907687807864,alpha,0
0.09967958927154541,0.0993238091468811,-0.00035578012466430664,1.4749841296978548,-0.0003950144661060845,alpha,0
0.1335715651512146,0.15173321962356567,0.018161654472351074,5.411584351904832,0.021410309695602484,alpha,0
0.17492610216140747,0.17464548349380493,-0.00028061866760253906,1.6254359376764218,-0.00033999773671854953,alpha,0
0.09530246257781982,0.09506386518478394,-0.00023859739303588867,2.7752459818615,-0.00026366213465949087,alpha,0
0.10576516389846802,0.10439550876617432,-0.0013696551322937012,3.101063362162437,-0.0015293080212302214,alpha,0
0.20215368270874023,0.21782934665679932,0.015675663948059082,1.583468960155201,0.020041232538011006,alpha,0
0.08306258916854858,0.08227866888046265,-0.0007839202880859375,1.8866507745195933,-0.0008542029715378037,alpha,0
0.24814844131469727,0.25669097900390625,0.008542537689208984,1.6765807634571968,0.011492579059193037,alpha,0
0.21687710285186768,0.2627362012863159,0.04585909843444824,1.3599790848614965,0.0622017499224285,alpha,0
0.08128488063812256,0.0804595947265625,-0.0008252859115600586,2.187145858909585,-0.0008974982576373563,alpha,0
0.07337158918380737,0.07252269983291626,-0.0008488893508911133,1.1691983957447931,-0.0009152669836104744,alpha,0
0.12380397319793701,0.12203806638717651,-0.001765906810760498,1.1428860141412935,-0.0020113705881230765,alpha,0
0.13129806518554688,0.12856221199035645,-0.0027358531951904297,4.514096705916016,-0.003139470462302415,alpha,0
0.12157410383224487,0.117931067943573,-0.003643035888671875,5.683187659799176,-0.004130103392462331,alpha,0
0.1046210527420044,0.10431581735610962,-0.0003052353858947754,1.0865091251780983,-0.0003407846111491868,alpha,0
0.2741827368736267,0.2877649664878845,0.013582229614257812,1.7990302570508636,0.0190698701624971,alpha,0
0.20828354358673096,0.23551952838897705,0.027235984802246094,1.5840305108278638,0.035626789451992824,alpha,0
0.11376768350601196,0.11372959613800049,-3.808736801147461e-05,1.542782688207926,-4.2974884240188576e-05,alpha,0
0.1345399022102356,0.1328311562538147,-0.0017087459564208984,2.2343856401030524,-0.00197048817971721,alpha,0
0.2410430908203125,0.24630028009414673,0.0052571892738342285,2.0664839057377096,0.006975177428075625,alpha,0
0.09451872110366821,0.09267789125442505,-0.001840829849243164,0.8380130954799654,-0.0020288603479399585,alpha,0
0.09796571731567383,0.10140794515609741,0.003442227840423584,2.4102137960293692,0.003830690269147266,alpha,0
0.09879988431930542,0.09905374050140381,0.00025385618209838867,1.5036808712897933,0.00028176617575355415,alpha,0
0.11004334688186646,0.11213177442550659,0.0020884275436401367,4.203113875058204,0.0023521818705572258,alpha,0
0.12438195943832397,0.12146306037902832,-0.0029188990592956543,0.7780327340644152,-0.0033224545578640764,alpha,0
0.1808667778968811,0.17802560329437256,-0.002841174602508545,2.4015986027756937,-0.003456524453675959,alpha,0
0.1985984444618225,0.19476032257080078,-0.0038381218910217285,2.341262076953831,-0.004766434142037413,alpha,0
0.13099157810211182,0.13219529390335083,0.0012037158012390137,2.848380432664198,0.0013870814398475426,alpha,0
0.18912678956985474,0.20996516942977905,0.020838379859924316,1.0970474690391285,0.026376533101564476,alpha,0
0.1241946816444397,0.12458181381225586,0.0003871321678161621,2.070864569591098,0.0004422254117224118,alpha,0
0.18028932809829712,0.17671483755111694,-0.0035744905471801758,2.666967095394632,-0.004341740517401967,alpha,0
0.19776898622512817,0.20675182342529297,0.008982837200164795,1.1241867871786335,0.011324119569934874,alpha,0
0.09877926111221313,0.10012388229370117,0.0013446211814880371,0.7630038643526588,0.0014942292111444766,alpha,0
0.12632769346237183,0.12245833873748779,-0.003869354724884033,2.2548135716194313,-0.004409311712126833,alpha,0
0.11505073308944702,0.11661165952682495,0.0015609264373779297,2.596290304977224,0.001766976499307021,alpha,0
0.22859472036361694,0.2264082431793213,-0.0021864771842956543,2.579821547974945,-0.00282639669440336,alpha,0
0.11379051208496094,0.10947412252426147,-0.004316389560699463,2.133728193003387,-0.004847011939658159,alpha,0
0.08163297176361084,0.08146965503692627,-0.0001633167266845703,0.7579926153178921,-0.00017780221152207648,alpha,0
0.23082804679870605,0.2641782760620117,0.033350229263305664,2.1365815278680875,0.045323789959368296,alpha,0
0.1879565715789795,0.191392183303833,0.0034356117248535156,2.9782971880783182,0.0042487985571186245,alpha,0
0.21299415826797485,0.24087727069854736,0.02788311243057251,2.4246271835794255,0.03673070421199303,alpha,0
0.11824995279312134,0.11487525701522827,-0.0033746957778930664,2.3073418385683153,-0.0038126781616262275,alpha,0
0.21207869052886963,0.2138492465019226,0.0017705559730529785,7.268687860727488,0.0022521837766798104,alpha,0
0.199313223361969,0.20105141401290894,0.0017381906509399414,5.7314823973821705,0.002175597630969493,alpha,0
0.10391730070114136,0.10164177417755127,-0.002275526523590088,1.3429472095353476,-0.0025329834560226115,alpha,0
0.07273447513580322,0.07221513986587524,-0.0005193352699279785,1.6294929708181578,-0.0005597582933751485,alpha,0
0.09739845991134644,0.09705185890197754,-0.0003466010093688965,1.27608705431886,-0.00038385483461698613,alpha,0
0.1735273003578186,0.19402998685836792,0.020502686500549316,1.3520137896074729,0.025438522731920057,alpha,0
0.0854073166847229,0.0835995078086853,-0.0018078088760375977,1.2730744958466975,-0.001972727962765199,alpha,0
0.10148352384567261,0.10119378566741943,-0.00028973817825317383,0.9315781187098822,-0.0003223588952022572,alpha,0
0.2738231420516968,0.2794758081436157,0.005652666091918945,1.4297696092330148,0.007845213465151274,alpha,0
0.09216570854187012,0.09194368124008179,-0.00022202730178833008,0.9112261946623061,-0.00024450829447620644,alpha,0
0.2501983642578125,0.25433284044265747,0.004134476184844971,1.6222956185837574,0.005544667123733006,alpha,0
0.18172693252563477,0.2148929238319397,0.03316599130630493,4.729863364624836,0.04224390826813209,alpha,0
0.09060370922088623,0.08920872211456299,-0.0013949871063232422,1.1165938344260427,-0.0015316210642266485,alpha,0
0.22056108713150024,0.22286635637283325,0.002305269241333008,2.6283939740408933,0.002966374265529766,alpha,0
0.21117663383483887,0.2198125123977661,0.008635878562927246,2.7886578360773226,0.011068978547026008,alpha,0
0.09445863962173462,0.09249156713485718,-0.0019670724868774414,1.9858238359187574,-0.0021675528464976273,alpha,0
0.08168941736221313,0.08076608180999756,-0.0009233355522155762,0.6889548003752879,-0.0010044620133617893,alpha,0
0.13462066650390625,0.13258105516433716,-0.002039611339569092,1.3033910104549022,-0.002351356690688266,alpha,0
0.10641968250274658,0.10310447216033936,-0.0033152103424072266,2.9565106099589564,-0.003696317173520227,alpha,0
0.11013084650039673,0.10501396656036377,-0.005116879940032959,1.4361570666619343,-0.005717273509138034,alpha,0
0.12722426652908325,0.13446438312530518,0.007240116596221924,5.4198331653197735,0.008364897359585018,alpha,0
0.11117702722549438,0.13069599866867065,0.01951897144317627,4.767654864754059,0.022453562175353138,alpha,0
0.11298930644989014,0.11335653066635132,0.00036722421646118164,3.5953574805725634,0.0004141734859189418,alpha,0
0.10979866981506348,0.11726546287536621,0.007466793060302734,3.0225731035610535,0.008458707285459359,alpha,0
0.13271301984786987,0.13388222455978394,0.0011692047119140625,6.745573345556137,0.0013499373238469773,alpha,0
0.10899233818054199,0.10884928703308105,-0.0001430511474609375,4.6841535034419,-0.00016052407901316217,alpha,0
0.11140888929367065,0.1129419207572937,0.0015330314636230469,3.0653554777899514,0.0017282199435372,alpha,0
0.10930949449539185,0.11953192949295044,0.010222434997558594,5.7917452215849625,0.011610227945769382,alpha,0
0.10974055528640747,0.12466591596603394,0.014925360679626465,2.668892530111314,0.017051044797482498,alpha,0
0.1158599853515625,0.11680388450622559,0.0009438991546630859,2.300292201111941,0.0010687310984552666,alpha,0
0.15310990810394287,0.1483004093170166,-0.0048094987869262695,1.5732300867797835,-0.005646942700852423,alpha,0
0.1354374885559082,0.15247607231140137,0.017038583755493164,1.9534349483855555,0.02010395600506699,alpha,0
0.1042252779006958,0.11478698253631592,0.010561704635620117,3.5984270877881905,0.011931257705497323,alpha,0
0.1080445647239685,0.12046349048614502,0.012418925762176514,1.9614244212334961,0.014119852476665022,alpha,0
0.11546206474304199,0.11761331558227539,0.0021512508392333984,1.3722341117621157,0.0024379910499816534,alpha,0
0.0877196192741394,0.08816176652908325,0.00044214725494384766,2.2475520128030575,0.0004848965953761469,alpha,0
0.12970471382141113,0.13762980699539185,0.007925093173980713,1.6645805001264349,0.009189896912332596,alpha,0
0.11696898937225342,0.11509746313095093,-0.0018715262413024902,5.672192925248808,-0.0021149518317851146,alpha,0
0.10525041818618774,0.11095863580703735,0.005708217620849609,8.339690328739003,0.006420643460196375,alpha,0
0.10451185703277588,0.11251622438430786,0.008004367351531982,3.2465657092393427,0.009019170345935563,alpha,0
0.12229263782501221,0.12624472379684448,0.003952085971832275,2.197844103105645,0.004523103985140779,alpha,0
0.10807567834854126,0.11115527153015137,0.0030795931816101074,7.098945266690454,0.003464714457958979,alpha,0
0.2497900128364563,0.2637326717376709,0.0139426589012146,2.2185264871638872,0.018936951791845482,alpha,0
0.09594303369522095,0.10366374254226685,0.0077207088470458984,2.735623756133394,0.008613629966218308,alpha,0
0.11332803964614868,0.11938691139221191,0.006058871746063232,6.452969124984953,0.0068802880907005955,alpha,0
0.09946924448013306,0.10029155015945435,0.0008223056793212891,2.1945566008013824,0.0009139690523824973,alpha,0
0.11889243125915527,0.12356537580490112,0.00467294454574585,2.896669147209288,0.00533176624558551,alpha,0
0.12416690587997437,0.1223762035369873,-0.0017907023429870605,2.6347251171025796,-0.00204039857419993,alpha,0
0.10889357328414917,0.13186055421829224,0.022966980934143066,3.1762179097111205,0.026455405345004995,alpha,0
0.09809058904647827,0.09855860471725464,0.0004680156707763672,3.144335899975671,0.0005191859096170859,alpha,0
0.11585283279418945,0.11605507135391235,0.0002022385597229004,3.301136832958201,0.0002287909044658056,alpha,0
0.12656813859939575,0.1337011456489563,0.007133007049560547,9.734405497902602,0.00823388720155238,alpha,0
0.1516510248184204,0.16193854808807373,0.01028752326965332,1.099127204430266,0.01227538057762196,alpha,0
0.11907678842544556,0.12359035015106201,0.004513561725616455,1.5694933392731136,0.005150059365953391,alpha,0
0.07904434204101562,0.09716415405273438,0.01811981201171875,1.5338580325536044,0.020069885453769545,alpha,0
0.12857431173324585,0.14428699016571045,0.0157126784324646,2.458942597807666,0.018362088985309912,alpha,0
0.1248578429222107,0.13714969158172607,0.01229184865951538,3.289056050574964,0.014245632805124761,alpha,0
0.11765265464782715,0.1327369213104248,0.015084266662597656,3.5544304113996286,0.01739295380288737,alpha,0
0.11785638332366943,0.12402230501174927,0.006165921688079834,4.884768840941176,0.007038902615165944,alpha,0
0.12240147590637207,0.1216287612915039,-0.0007727146148681641,5.697845564522002,-0.0008797130197526924,alpha,0
0.15498828887939453,0.16958832740783691,0.014600038528442383,9.96622701278719,0.0175816875055089,alpha,0
0.14023101329803467,0.14704489707946777,0.0068138837814331055,1.8809779675763627,0.007988560896232705,alpha,0
0.13585972785949707,0.15268975496292114,0.016830027103424072,1.306373631954839,0.019862886353613697,alpha,0
0.1216433048248291,0.12463992834091187,0.0029966235160827637,1.7471627194288728,0.003423303864435124,alpha,0
0.1384270191192627,0.1389782428741455,0.0005512237548828125,1.6049206837580319,0.0006401972427768057,alpha,0
0.14033842086791992,0.16288065910339355,0.022542238235473633,6.611738791144585,0.026928344782154365,alpha,0
0.0976097583770752,0.1039690375328064,0.006359279155731201,3.18953579167619,0.007097164520097746,alpha,0
0.10803437232971191,0.112335205078125,0.004300832748413086,2.1918423136904974,0.004845109069343693,alpha,0
0.10199224948883057,0.10326343774795532,0.0012711882591247559,4.362731953879378,0.0014175715730072624,alpha,0
0.23697853088378906,0.2430049180984497,0.0060263872146606445,1.2397201222776233,0.007960933114020411,alpha,0
0.10420644283294678,0.12326198816299438,0.019055545330047607,2.144261762105462,0.021734594682533536,alpha,0
0.10817551612854004,0.11024099588394165,0.0020654797554016113,2.736832354735883,0.002321392361129952,alpha,0
0.11324191093444824,0.12008780241012573,0.00684589147567749,3.0475333351393687,0.0077801984043734665,alpha,0
0.09368711709976196,0.1061481237411499,0.01246100664138794,3.6467548343583607,0.013940795977900216,alpha,0
0.07202345132827759,0.07462477684020996,0.002601325511932373,2.523420233192862,0.002811103481947438,alpha,0
0.11549949645996094,0.13318341970443726,0.01768392324447632,4.29399204584738,0.020400997911745693,alpha,0
0.10082370042800903,0.10825049877166748,0.007426798343658447,7.066507908022396,0.008328345946287011,alpha,0
0.093330979347229,0.09473717212677002,0.0014061927795410156,3.3023744619899227,0.0015533530553161455,alpha,0
0.09305059909820557,0.10729563236236572,0.014245033264160156,3.605835282721074,0.015957167658826203,alpha,0
0.1022232174873352,0.10599768161773682,0.0037744641304016113,4.029777330910626,0.0042219847228491215,alpha,0
0.09540069103240967,0.1053687334060669,0.009968042373657227,5.374946789571029,0.011142067962377232,alpha,0
0.08846420049667358,0.08853602409362793,7.18235969543457e-05,6.773008837251179,7.88002585433213e-05,alpha,0
0.1450081467628479,0.15369385480880737,0.008685708045959473,2.2415643161394248,0.010263080441176813,alpha,0
0.13598239421844482,0.1379796862602234,0.0019972920417785645,1.7608959333622107,0.0023169895302275895,alpha,0
0.15132635831832886,0.15910297632217407,0.007776618003845215,2.5869622262798115,0.009248002769509957,alpha,0
0.10962855815887451,0.1162559986114502,0.006627440452575684,3.3083990857774626,0.007499276308707685,alpha,0
0.13985049724578857,0.13913887739181519,-0.0007116198539733887,3.147664241922906,-0.0008266372301926773,alpha,0
0.11556971073150635,0.12178260087966919,0.006212890148162842,4.155173931280921,0.0070744329984648475,alpha,0
0.11018902063369751,0.11401671171188354,0.003827691078186035,2.077486035753459,0.004320274579424452,alpha,0
0.11919611692428589,0.12783992290496826,0.008643805980682373,2.3903507823526544,0.009910802165438413,alpha,0
0.23574328422546387,0.2448657751083374,0.009122490882873535,1.643739166295579,0.012080621672501094,alpha,0
0.13304108381271362,0.144117534160614,0.01107645034790039,5.315981302694421,0.012941555400410535,alpha,0
0.12895077466964722,0.13073956966400146,0.001788794994354248,3.9206354415906155,0.0020578355253819828,alpha,0
0.12428069114685059,0.14165431261062622,0.017373621463775635,3.082482312819479,0.02024082105732581,alpha,0
0.11752521991729736,0.1221466064453125,0.004621386528015137,5.290251435458491,0.005264417227234013,alpha,0
0.08500611782073975,0.08610522747039795,0.0010991096496582031,2.9808187261684433,0.0012026654300865932,alpha,0
0.09971684217453003,0.0991060733795166,-0.0006107687950134277,2.978272516532805,-0.0006779586108484493,alpha,0
0.11671614646911621,0.13631242513656616,0.01959627866744995,2.696388154574683,0.022689082531433327,alpha,0
0.1171521544456482,0.11908257007598877,0.0019304156303405762,2.8127193087475177,0.0021913695481165533,alpha,0
0.24540609121322632,0.26292508840560913,0.017518997192382812,2.303057133407472,0.02376827228386718,alpha,0
0.09604412317276001,0.10156285762786865,0.005518734455108643,1.9549496941749802,0.006142593838604672,alpha,0
0.11342811584472656,0.12141668796539307,0.007988572120666504,4.440195105378301,0.009092560729575795,alpha,0
0.11084038019180298,0.11222231388092041,0.0013819336891174316,1.7561517295333806,0.0015566213374415335,alpha,0
0.10902971029281616,0.11906540393829346,0.010035693645477295,3.7448497483317413,0.011392098449013947,alpha,0
0.1604015827178955,0.1637420654296875,0.003340482711791992,11.905370805948902,0.003994560259100447,alpha,0
0.09578561782836914,0.10373431444168091,0.007948696613311768,3.3815666411374856,0.008868683406483661,alpha,0
0.12493568658828735,0.12682372331619263,0.0018880367279052734,2.6311809512491635,0.0021622629683387116,alpha,0
0.11461293697357178,0.1248655915260315,0.010252654552459717,4.893936923246923,0.011715519871213805,alpha,0
0.24156707525253296,0.2436116337776184,0.0020445585250854492,1.8979873992248273,0.002703053902450345,alpha,0
0.11388957500457764,0.12494391202926636,0.01105433702468872,3.2674067201574886,0.01263271826417878,alpha,0
0.10944622755050659,0.12093544006347656,0.01148921251296997,7.300452344691201,0.013069816526103154,alpha,0
0.1576109528541565,0.17509692907333374,0.017485976219177246,4.47976535800816,0.021197613192946576,alpha,0
0.12655168771743774,0.13798457384109497,0.011432886123657227,3.701632720551934,0.013262971608990294,alpha,0
0.11155271530151367,0.13659590482711792,0.025043189525604248,6.734298472047173,0.029005178068549433,alpha,0
0.11011499166488647,0.12469899654388428,0.014584004878997803,8.083897563931632,0.01666170245597004,alpha,0
0.12490427494049072,0.1375313401222229,0.012627065181732178,7.499695549229446,0.014640607559608712,alpha,0
0.1219741702079773,0.13091319799423218,0.008939027786254883,10.756532568357654,0.010285540829321623,alpha,0
0.09669935703277588,0.11081886291503906,0.014119505882263184,6.523969881378367,0.015879223358866722,alpha,0
0.10243141651153564,0.10938388109207153,0.006952464580535889,5.82178060449766,0.0078063538632794855,alpha,0
0.08689844608306885,0.1074402928352356,0.020541846752166748,4.251626537417554,0.02301453514792683,alpha,0
0.11229217052459717,0.11854594945907593,0.00625377893447876,3.9213232900248203,0.007094843946364519,alpha,0
0.09524005651473999,0.10686337947845459,0.0116233229637146,4.006382186768693,0.013014048127292309,alpha,0
0.09780621528625488,0.11580592393875122,0.017999708652496338,2.724525371022555,0.020357192091444733,alpha,0
0.09979778528213501,0.12049591541290283,0.020698130130767822,2.585973534638912,0.023533864701134416,alpha,0
0.11551845073699951,0.1360657811164856,0.020547330379486084,2.5409734285697345,0.023783443149224898,alpha,0
0.10596609115600586,0.11251068115234375,0.006544589996337891,4.739199327161578,0.007374274661508704,alpha,0
0.13826262950897217,0.15436232089996338,0.01609969139099121,2.360540983077267,0.019038521803008097,alpha,0
0.11396294832229614,0.12075352668762207,0.006790578365325928,10.190004964581407,0.00772317953092702,alpha,0
0.10798925161361694,0.11543482542037964,0.007445573806762695,7.9001464871179445,0.008417213361696181,alpha,0
0.1366872787475586,0.14118564128875732,0.0044983625411987305,3.777579009479109,0.005237875328434285,alpha,0
0.11019444465637207,0.11386942863464355,0.0036749839782714844,3.6072183710112142,0.0041472262632910204,alpha,0
0.09580361843109131,0.09718310832977295,0.0013794898986816406,3.525663806785696,0.0015279841476266137,alpha,0
0.1292400360107422,0.12870627641677856,-0.000533759593963623,3.027557306280788,-0.000612605806189583,alpha,0
0.13305437564849854,0.1355641484260559,0.002509772777557373,4.627801290999485,0.002903364978427999,alpha,0
0.09159940481185913,0.10210347175598145,0.010504066944122314,2.4678659253047273,0.011698527184045038,alpha,0
0.0732683539390564,0.08612346649169922,0.012855112552642822,5.2975183625979625,0.01406657473006014,alpha,0
0.1023111343383789,0.10851901769638062,0.006207883358001709,3.2445379922099864,0.006963562298278435,alpha,0
0.10466325283050537,0.11517006158828735,0.010506808757781982,2.9063527202960286,0.011874382072380951,alpha,0
0.1276082992553711,0.13439637422561646,0.006788074970245361,7.12738671978046,0.007842013097129341,alpha,0
0.12713652849197388,0.1241828203201294,-0.0029537081718444824,1.857618754425635,-0.0033725168224310515,alpha,0
0.1341947317123413,0.14436078071594238,0.010166049003601074,7.893935644466951,0.011881233088061756,alpha,0
0.12452775239944458,0.13534414768218994,0.010816395282745361,6.618584809675707,0.012509480221235722,alpha,0
0.12030208110809326,0.13563060760498047,0.015328526496887207,8.551324729795581,0.017733768261292183,alpha,0
0.09800434112548828,0.11039650440216064,0.012392163276672363,7.124051135091677,0.013929984917993684,alpha,0
0.1039612889289856,0.11563342809677124,0.011672139167785645,6.990224547394912,0.013198304344166077,alpha,0
0.10816836357116699,0.12828731536865234,0.02011895179748535,1.6500791705319324,0.02307979699296652,alpha,0
0.15294033288955688,0.16486167907714844,0.011921346187591553,3.155026568805239,0.014274696644764339,alpha,0
0.1377171277999878,0.1477283239364624,0.01001119613647461,2.0839253871660213,0.011746484621798304,alpha,0
0.13854122161865234,0.13987398147583008,0.0013327598571777344,3.004055499197889,0.0015494937119383085,alpha,0
0.06924718618392944,0.08005034923553467,0.010803163051605225,4.847125506250923,0.011743211210122149,alpha,0
0.1142425537109375,0.11968833208084106,0.0054457783699035645,5.4706926304234305,0.0061861935588972145,alpha,0
0.09534913301467896,0.10467278957366943,0.009323656558990479,3.9763023163305897,0.01041368613665925,alpha,0
0.10093480348587036,0.10761433839797974,0.006679534912109375,2.640025773433991,0.0074850316399281925,alpha,0
0.10730355978012085,0.11882108449935913,0.011517524719238281,4.1430849770971285,0.013070585912390575,alpha,0
0.1000482439994812,0.11863136291503906,0.01858311891555786,5.056077180964485,0.021084388681017377,alpha,0
0.128728449344635,0.13472461700439453,0.0059961676597595215,9.306293450606594,0.00692977955642357,alpha,0
0.12489336729049683,0.14062142372131348,0.01572805643081665,4.099304069174486,0.018301662230076614,alpha,0
0.1119394302368164,0.11583477258682251,0.0038953423500061035,2.985148510152198,0.004405672411934584,alpha,0
0.10721582174301147,0.11591672897338867,0.008700907230377197,2.7464771999171935,0.00984172816693338,alpha,0
0.10113799571990967,0.11496758460998535,0.013829588890075684,3.771215545305339,0.01562608176784269,alpha,0
0.10872024297714233,0.11806082725524902,0.00934058427810669,6.159784105672086,0.010590962015030058,alpha,0
0.1124492883682251,0.12525802850723267,0.012808740139007568,5.113748887335439,0.01464287819315353,alpha,0
0.1076917052268982,0.12236011028289795,0.014668405055999756,8.21500788503776,0.016713466682477206,alpha,0
0.12638980150222778,0.12747055292129517,0.0010807514190673828,3.4954719661343234,0.0012386417704133895,alpha,0
0.10929232835769653,0.11781960725784302,0.008527278900146484,7.0069269323316865,0.00966613968106955,alpha,0
0.10666990280151367,0.1260414719581604,0.01937156915664673,4.407359702636798,0.02216531853067442,alpha,0
0.13704872131347656,0.15034979581832886,0.013301074504852295,13.970406538477743,0.01565476526621098,alpha,0
0.13314658403396606,0.1332605481147766,0.00011396408081054688,2.867116678974698,0.0001314859737406281,alpha,0
0.15190255641937256,0.1763385534286499,0.024435997009277344,7.246462352824678,0.029667525548266103,alpha,0
0.0837404727935791,0.09480547904968262,0.011065006256103516,1.886772348533668,0.012223898841640062,alpha,0
0.1498526930809021,0.1551806926727295,0.005327999591827393,11.267540235410609,0.006306673563940466,alpha,0
0.12678402662277222,0.1345752477645874,0.0077912211418151855,12.49813399596278,0.009002771323203176,alpha,0
0.11172926425933838,0.11472266912460327,0.0029934048652648926,3.443233865864218,0.003381318780980077,alpha,0
0.12050402164459229,0.13173061609268188,0.0112265944480896,7.0707828169266165,0.01292985179043001,alpha,0
0.11482906341552734,0.13150155544281006,0.016672492027282715,2.387321595646172,0.019196916392617492,alpha,0
0.14037960767745972,0.14021867513656616,-0.0001609325408935547,5.231191312597132,-0.00018717845600928462,alpha,0
0.11503797769546509,0.1285189986228943,0.0134810209274292,2.5632975365028665,0.015469093309121624,alpha,0
0.12109231948852539,0.131230890750885,0.01013857126235962,9.107805215303028,0.011670041158717623,alpha,0
0.11645615100860596,0.13557112216949463,0.019114971160888672,7.479594279035522,0.02211283270505995,alpha,0
0.11125534772872925,0.12751227617263794,0.01625692844390869,4.4733360010933225,0.018632844909947897,alpha,0
0.12767648696899414,0.14104831218719482,0.013371825218200684,9.270913798621011,0.015567610388251382,alpha,0
0.10484951734542847,0.11546123027801514,0.01061171293258667,4.170685397745681,0.011996888430251606,alpha,0
0.11053836345672607,0.1146741509437561,0.004135787487030029,5.678728412020606,0.004671486200746056,alpha,0
0.09753596782684326,0.1082526445388794,0.010716676712036133,3.403045447043224,0.012017615355298208,alpha,0
0.09782201051712036,0.1070740818977356,0.009252071380615234,2.340519451029234,0.010361521816141996,alpha,0
0.1166810393333435,0.12037807703018188,0.003697037696838379,8.223707061570481,0.004202984941935369,alpha,0
0.09782212972640991,0.11414813995361328,0.01632601022720337,5.034449430795441,0.018429729578429147,alpha,0
0.1153455376625061,0.12865930795669556,0.013313770294189453,7.661676686197208,0.015279637936991674,alpha,0
0.10574120283126831,0.1330493688583374,0.027308166027069092,5.03935566893644,0.031499101616787276,alpha,0
0.13121455907821655,0.13310760259628296,0.0018930435180664062,6.016406063477146,0.00218371221588278,alpha,0
0.11948198080062866,0.13593268394470215,0.016450703144073486,3.6227599395530707,0.019038682332269456,alpha,0
0.10239291191101074,0.12470412254333496,0.02231121063232422,2.8997109005049264,0.02548990713534901,alpha,0
0.14858698844909668,0.17496633529663086,0.02637934684753418,6.387930427264718,0.031973661168139794,alpha,0
0.1237059235572815,0.12636053562164307,0.0026546120643615723,4.39818122739397,0.003038567020607839,alpha,0
0.11912202835083008,0.13010495901107788,0.010982930660247803,5.193763386671064,0.012625581412399002,alpha,0
0.12352186441421509,0.13566386699676514,0.012142002582550049,5.810320744731614,0.014047778542314633,alpha,0
0.10682445764541626,0.12352955341339111,0.016705095767974854,3.954053916912188,0.019059508318885605,alpha,0
0.1282292604446411,0.134854257106781,0.006624996662139893,4.196937676793949,0.007657665447193428,alpha,0
0.083382248878479,0.08670461177825928,0.0033223628997802734,5.8975468703790135,0.0036377747469514546,alpha,0
0.10802125930786133,0.1115841269493103,0.0035628676414489746,4.1130554335698735,0.0040103601809979034,alpha,0
0.09038037061691284,0.10351502895355225,0.013134658336639404,6.63946442726073,0.014651286704012001,alpha,0
0.09351921081542969,0.10809779167175293,0.014578580856323242,3.794174723761612,0.016345492499282927,alpha,0
0.09381037950515747,0.10736632347106934,0.013555943965911865,5.400014600144558,0.015186458143305902,alpha,0
0.09942418336868286,0.09988445043563843,0.0004602670669555664,4.3845675339895385,0.0005113422017632367,alpha,0
0.13751733303070068,0.14823585748672485,0.01071852445602417,7.994734711124075,0.012583911344750131,alpha,0
0.11415308713912964,0.1279887557029724,0.013835668563842773,4.487003802411325,0.01586638779525877,alpha,0
0.2852895259857178,0.29729509353637695,0.01200556755065918,1.7508220515448703,0.01708479254980223,delta,0
0.2886834740638733,0.28315842151641846,-0.005525052547454834,1.4067375839752791,-0.007707494533370429,delta,0
0.26963645219802856,0.2887380123138428,0.01910156011581421,1.0903683307016487,0.026855870897803034,delta,0
0.3025128245353699,0.31602370738983154,0.01351088285446167,1.9345440326831593,0.019753437363891475,delta,0
0.2578945755958557,0.2712487578392029,0.013354182243347168,1.5553232384400453,0.01832474714382799,delta,0
0.27175015211105347,0.2811594605445862,0.009409308433532715,0.7540527457096503,0.013089562868367315,delta,0
0.31528139114379883,0.3445376753807068,0.02925628423690796,1.1853826480046776,0.04463457797349473,delta,0
0.30991506576538086,0.3357875943183899,0.025872528553009033,0.546667474291968,0.03895219109383967,delta,0
0.3239026665687561,0.3288441300392151,0.004941463470458984,1.7261271113636165,0.007362616780432405,delta,0
0.2305467128753662,0.25172847509384155,0.021181762218475342,0.6853567485019438,0.028307588239618993,delta,0
0.21570158004760742,0.21478700637817383,-0.0009145736694335938,0.16773407296805617,-0.001164745969389893,delta,0
0.23431354761123657,0.20983052253723145,-0.024483025074005127,0.960971750621455,-0.03098452391836247,delta,0
0.20624905824661255,0.22428607940673828,0.018037021160125732,0.20288989073120503,0.023252156086526227,delta,0
0.31197041273117065,0.3439475893974304,0.031977176666259766,2.225117989639462,0.0487418019497702,delta,0
0.2209920883178711,0.2053547501564026,-0.015637338161468506,0.34480896062786237,-0.019678388771022362,delta,0
0.19654464721679688,0.20135140419006348,0.0048067569732666016,0.38536063429773676,0.006018613190438163,delta,0
0.21644103527069092,0.2215999960899353,0.005158960819244385,0.28739987503940023,0.006627647473445342,delta,0
0.28777337074279785,0.2967434525489807,0.008970081806182861,1.422355776520211,0.012755063338827448,delta,0
0.2465173602104187,0.24549907445907593,-0.0010182857513427734,0.6939571506416132,-0.0013496149797466905,delta,0
0.261737585067749,0.26652342081069946,0.0047858357429504395,1.1611364470134675,0.006524865113266662,delta,0
0.2869125008583069,0.2839564085006714,-0.002956092357635498,1.0099766616969847,-0.004128369267918055,delta,0
0.3637664318084717,0.3703737258911133,0.0066072940826416016,1.9957230946531976,0.010493993586898735,delta,0
0.3888689875602722,0.38362371921539307,-0.00524526834487915,1.247254293820473,-0.00850984781277155,delta,0
0.34259629249572754,0.3525404930114746,0.00994420051574707,1.1015120959474225,0.015358799134790227,delta,0
0.38230210542678833,0.3914809226989746,0.00917881727218628,1.642556115475005,0.015083861155014627,delta,0
0.37777531147003174,0.4151389002799988,0.03736358880996704,2.8317558999457066,0.06388455109743944,delta,0
0.30409467220306396,0.3407480716705322,0.03665339946746826,0.9545943777524837,0.05559847137701561,delta,0
0.32146668434143066,0.33063608407974243,0.009169399738311768,1.769588686450644,0.013698676490060652,delta,0
0.32834452390670776,0.36864954233169556,0.04030501842498779,2.310370349319241,0.06383937468556176,delta,0
0.28257620334625244,0.2993742823600769,0.016798079013824463,1.2685214163434269,0.023975824168158216,delta,0
0.27251607179641724,0.31728595495224,0.044769883155822754,0.9141427653271792,0.06557633240530569,delta,0
0.24200773239135742,0.25601470470428467,0.014006972312927246,1.3743391317940545,0.01882694779250957,delta,0
0.3206113576889038,0.3336135745048523,0.013002216815948486,1.0698918538151272,0.019511527123751655,delta,0
0.3477979898452759,0.3806803822517395,0.03288239240646362,2.029097129949023,0.05309438206724072,delta,0
0.2970229983329773,0.3031935691833496,0.0061705708503723145,1.053248425659883,0.008855502155943747,delta,0
0.30727481842041016,0.3133390545845032,0.006064236164093018,1.5556032004708373,0.008831485472679044,delta,0
0.3466848134994507,0.34089863300323486,-0.00578618049621582,1.2657147658377872,-0.008778893180848492,delta,0
0.3570249080657959,0.3751542568206787,0.018129348754882812,1.405994694515855,0.0290141190090175,delta,0
0.3298453092575073,0.34628379344940186,0.01643848419189453,1.6491207785729072,0.025146208748034426,delta,0
0.3451194763183594,0.3517656922340393,0.006646215915679932,1.5769628429549043,0.010252798773617964,delta,0
0.2447824478149414,0.2599472403526306,0.015164792537689209,0.9504498315133404,0.02049150190983024,delta,0
0.248060405254364,0.25541913509368896,0.007358729839324951,1.8978853222560947,0.00988304989579726,delta,0
0.3385653495788574,0.36790192127227783,0.02933657169342041,1.779756657116849,0.046411423607660124,delta,0
0.30073219537734985,0.30900853872299194,0.00827634334564209,1.406158460659645,0.011977490040682614,delta,0
0.26958388090133667,0.27984511852264404,0.010261237621307373,1.2555415302560058,0.014248653845485348,delta,0
0.2845727205276489,0.3103570342063904,0.025784313678741455,0.6168676142622995,0.03738791658531606,delta,0
0.2616427540779114,0.2623307704925537,0.000688016414642334,1.949949882767816,0.000932689594632724,delta,0
0.29344797134399414,0.3167151212692261,0.023267149925231934,1.9849453744947056,0.03405190228774197,delta,0
0.3357189893722534,0.36252331733703613,0.026804327964782715,1.0703996759615848,0.04204754259059583,delta,0
0.27701687812805176,0.2831219434738159,0.00610506534576416,1.0726374253632869,0.008516183875606147,delta,0
0.16848474740982056,0.173200786113739,0.004716038703918457,2.546314582284258,0.005703970957775029,delta,0
0.15280437469482422,0.161540687084198,0.00873631238937378,1.2319711610698483,0.010419482799937698,delta,0
0.12362319231033325,0.12991410493850708,0.006290912628173828,0.937852399644147,0.0072302202160503025,delta,0
0.13278496265411377,0.13406884670257568,0.001283884048461914,1.5072346005435417,0.0014826629617989203,delta,0
0.1210070252418518,0.12373781204223633,0.0027307868003845215,1.0784934469172793,0.003116403786347274,delta,0
0.2013798952102661,0.20537430047988892,0.003994405269622803,1.2954262525075437,0.005026775841802117,delta,0
0.13618826866149902,0.13641571998596191,0.00022745132446289062,4.566522635430666,0.00026338057526845355,delta,0
0.11677134037017822,0.11828780174255371,0.0015164613723754883,1.253558993751297,0.0017199051746959104,delta,0
0.08983039855957031,0.08828091621398926,-0.0015494823455810547,0.713958995621798,-0.0016995172889731165,delta,0
0.2093563675880432,0.2126639485359192,0.0033075809478759766,1.9403750643111681,0.00420097738662596,delta,0
0.13973861932754517,0.14109385013580322,0.0013552308082580566,2.0048844550299263,0.001577856682563438,delta,0
0.10307550430297852,0.10556644201278687,0.0024909377098083496,0.9905274374580079,0.002784933198854733,delta,0
0.1635461449623108,0.16614514589309692,0.002599000930786133,0.6837079359760913,0.003116850514193843,delta,0
0.142203688621521,0.1434544324874878,0.0012507438659667969,1.4487368620929257,0.0014602187127055867,delta,0
0.18231964111328125,0.17944300174713135,-0.0028766393661499023,2.1572232344392512,-0.0035057154740924124,delta,0
0.22767239809036255,0.25000035762786865,0.022327959537506104,2.258471453120613,0.02977062691241594,delta,0
0.24877536296844482,0.2600162625312805,0.011240899562835693,5.63021367861232,0.015190738652294866,delta,0
0.16901063919067383,0.1642487645149231,-0.004761874675750732,1.6950027785571402,-0.005697717781998732,delta,0
0.20980077981948853,0.2180601954460144,0.008259415626525879,4.595674739403262,0.010562725645149894,delta,0
0.1541460156440735,0.15434914827346802,0.00020313262939453125,1.2712680128449803,0.0002402086262667428,delta,0
0.2050684094429016,0.2076287865638733,0.0025603771209716797,1.8024323187897355,0.003231284879556105,delta,0
0.11029642820358276,0.11017942428588867,-0.0001170039176940918,1.313732519011486,-0.00013149158480651245,delta,0
0.18835103511810303,0.18596374988555908,-0.0023872852325439453,1.6169854577527176,-0.002932652240251377,delta,0
0.16492348909378052,0.16780096292495728,0.002877473831176758,1.4342343141081002,0.0034576750308319385,delta,0
0.1830241084098816,0.18355786800384521,0.000533759593963623,1.5440967423401823,0.000653762922129718,delta,0
0.15063440799713135,0.14828425645828247,-0.002350151538848877,1.9265568292042685,-0.0027593144269896486,delta,0
0.20169633626937866,0.20180553197860718,0.00010919570922851562,2.486235594079334,0.00013680339015527857,delta,0
0.19242185354232788,0.19452232122421265,0.0021004676818847656,4.261545117520591,0.0026077292235797034,delta,0
0.18536436557769775,0.18578428030014038,0.00041991472244262695,6.75069346590879,0.0005157290780352633,delta,0
0.1861858367919922,0.18391883373260498,-0.002267003059387207,2.6696048787340567,-0.002777913708946454,delta,0
0.18168461322784424,0.17719507217407227,-0.004489541053771973,1.9644967379443656,-0.005456385714211203,delta,0
0.18264323472976685,0.1825706958770752,-7.253885269165039e-05,0.9599002451810924,-8.874021560736953e-05,delta,0
0.19134950637817383,0.19112110137939453,-0.00022840499877929688,1.4831879089678253,-0.00028237230464139894,delta,0
0.21122103929519653,0.2158106565475464,0.0045896172523498535,4.074448508421445,0.005852690157894409,delta,0
0.17864453792572021,0.17496216297149658,-0.003682374954223633,1.3498975813132905,-0.004463280093293969,delta,0
0.2038872241973877,0.20861268043518066,0.004725456237792969,1.681057356262341,0.00597110431386679,delta,0
0.16500377655029297,0.16244912147521973,-0.002554655075073242,0.9178151870394171,-0.0030501491199828746,delta,0
0.15363538265228271,0.15077775716781616,-0.0028576254844665527,1.2719486928009027,-0.003364991330109629,delta,0
0.1948757767677307,0.1990288496017456,0.004153072834014893,1.9400561593489314,0.0051850467172880384,delta,0
0.17798805236816406,0.17623573541641235,-0.001752316951751709,2.000069367632208,-0.0021272068079300627,delta,0
0.14732050895690918,0.14866751432418823,0.0013470053672790527,3.7393764335493844,0.0015822318423685687,delta,0
0.23837536573410034,0.24258744716644287,0.004212081432342529,5.441882811945769,0.005561145529717861,delta,0
0.18891602754592896,0.18897730112075806,6.127357482910156e-05,0.8241422592280525,7.55509986511795e-05,delta,0
0.2019321322441101,0.2045801281929016,0.002647995948791504,2.813034262694426,0.0033290543053388585,delta,0
0.16261142492294312,0.161798894405365,-0.000812530517578125,0.916878659974239,-0.0009693741897437622,delta,0
0.15856915712356567,0.15998899936676025,0.00141984224319458,2.62449380158818,0.0016902662490422581,delta,0
0.18866091966629028,0.19160175323486328,0.002940833568572998,2.314059744376878,0.003637852482165756,delta,0
0.238714337348938,0.24167609214782715,0.00296175479888916,6.157317910776717,0.0039056592680532004,delta,0
0.21943312883377075,0.21809494495391846,-0.001338183879852295,0.5765218449238266,-0.0017114403740150128,delta,0
0.21507608890533447,0.21569788455963135,0.000621795654296875,5.8767732316776895,0.0007928011949167703,delta,0
0.1501556634902954,0.1491042971611023,-0.0010513663291931152,5.877325857357763,-0.0012355995284561605,delta,0
0.17356491088867188,0.1699160933494568,-0.003648817539215088,7.520780198209325,-0.004395721336097656,delta,0
0.1506240963935852,0.15269994735717773,0.0020758509635925293,0.7702255540792278,0.0024499596773512773,delta,0
0.2028236985206604,0.20385617017745972,0.0010324716567993164,3.607579609993577,0.0012968406186473283,delta,0
0.2799380421638489,0.30134880542755127,0.021410763263702393,3.7238867273361804,0.030645855084818208,delta,0
0.19291812181472778,0.1931423544883728,0.00022423267364501953,5.875584533416731,0.0002779085937802993,delta,0
0.19477427005767822,0.19572055339813232,0.0009462833404541016,0.9440481009747999,0.0011765603913567722,delta,0
0.2724491357803345,0.2779626250267029,0.005513489246368408,4.604427344641284,0.007636016413377925,delta,0
0.27704888582229614,0.27915024757385254,0.0021013617515563965,4.883563514767149,0.002915117532445411,delta,0
0.16318678855895996,0.16275668144226074,-0.00043010711669921875,1.1865875403919752,-0.0005137181834309938,delta,0
0.16214364767074585,0.1641291379928589,0.001985490322113037,2.335292667717672,0.0023753553477691082,delta,0
0.24370765686035156,0.24589675664901733,0.0021890997886657715,3.2321585357794356,0.002902917880233672,delta,0
0.1859176754951477,0.18540465831756592,-0.0005130171775817871,1.1161858673243221,-0.0006297816244839076,delta,0
0.18327540159225464,0.18543344736099243,0.002158045768737793,2.957302292823966,0.0026493179246633966,delta,0
0.19974285364151,0.20029044151306152,0.0005475878715515137,2.477931888151251,0.0006847334332073728,delta,0
0.2801831364631653,0.2949184775352478,0.01473534107208252,5.486801074015659,0.020898776386271214,delta,0
0.20178884267807007,0.20766907930374146,0.005880236625671387,4.818555357043895,0.007421440299848636,delta,0
0.19490808248519897,0.1933184266090393,-0.001589655876159668,1.5429008949700695,-0.0019706113646273116,delta,0
0.2632672190666199,0.3169899582862854,0.05372273921966553,0.7443402690189352,0.07865585560773285,delta,0
0.14061909914016724,0.14215439558029175,0.0015352964401245117,0.775975495340661,0.0017897118458315897,delta,0
0.23517179489135742,0.2324243187904358,-0.002747476100921631,3.459082188598972,-0.003579420463910597,delta,0
0.2132524847984314,0.22100043296813965,0.007747948169708252,3.319922487773369,0.009946023717611859,delta,0
0.13634663820266724,0.13803905248641968,0.0016924142837524414,0.7011565538198649,0.001963446590746824,delta,0
0.21214646100997925,0.20990324020385742,-0.002243220806121826,4.290577974575574,-0.002839172263787808,delta,0
0.18324804306030273,0.1904798150062561,0.007231771945953369,1.6350950717413317,0.008933405343078947,delta,0
0.2507708668708801,0.2569390535354614,0.006168186664581299,3.802378142637816,0.008301050800650127,delta,0
0.24035120010375977,0.23679471015930176,-0.003556489944458008,5.217123107133609,-0.004659938802573478,delta,0
0.18060052394866943,0.17911726236343384,-0.0014832615852355957,3.4620962796015973,-0.0018069104358389956,delta,0
0.16519832611083984,0.16335546970367432,-0.0018428564071655273,2.927853299908214,-0.0022026754976965162,delta,0
0.28769445419311523,0.2856941223144531,-0.0020003318786621094,3.956311920749196,-0.0028003855787152006,delta,0
0.2392289638519287,0.2341199517250061,-0.005109012126922607,4.1611249934732175,-0.00667077323456817,delta,0
0.24884849786758423,0.24526971578598022,-0.003578782081604004,2.505589581426533,-0.004741802676344129,delta,0
0.21679353713989258,0.2214035987854004,0.0046100616455078125,3.6083798049434415,0.005920990179656855,delta,0
0.18931174278259277,0.1887030005455017,-0.0006087422370910645,6.323497409275598,-0.000750332168737678,delta,0
0.2341601848602295,0.25140058994293213,0.017240405082702637,2.8374127169761527,0.023030214626255652,delta,0
0.20795029401779175,0.21413147449493408,0.006181180477142334,4.766500055179363,0.007865412949538578,delta,0
0.240078866481781,0.25459372997283936,0.01451486349105835,3.749746777162128,0.019472419370083198,delta,0
0.19381076097488403,0.201826810836792,0.008016049861907959,1.5380735978446618,0.010042995643980297,delta,0
0.15887755155563354,0.16026610136032104,0.0013885498046875,1.292659905444684,0.0016535593084152868,delta,0
0.08506566286087036,0.08506160974502563,-4.0531158447265625e-06,1.0388849443423727,-4.429933083906385e-06,delta,0
0.21698260307312012,0.21330606937408447,-0.0036765336990356445,4.830816066332447,-0.004673397818272847,delta,0
0.15423327684402466,0.15615516901016235,0.0019218921661376953,1.2156770157328098,0.002277542144665742,delta,0
0.15448355674743652,0.1589927077293396,0.004509150981903076,2.0607662401148636,0.005361607471593601,delta,0
0.1376270055770874,0.13982617855072021,0.0021991729736328125,0.7066886334307064,0.002556661129174444,delta,0
0.16164356470108032,0.1624935269355774,0.0008499622344970703,3.6295879520287904,0.0010148724360148195,delta,0
0.10039341449737549,0.09805238246917725,-0.002341032028198242,2.141315646689638,-0.0025955299206921415,delta,0
0.10418212413787842,0.1159137487411499,0.011731624603271484,1.424323456901655,0.013269773833228181,delta,0
0.15047788619995117,0.14624518156051636,-0.0042327046394348145,2.945991826823085,-0.0049577519775191045,delta,0
0.06365710496902466,0.06377696990966797,0.00011986494064331055,1.6952735976048803,0.0001280303269529113,delta,0
0.09356242418289185,0.09519004821777344,0.0016276240348815918,1.1086815689520133,0.0017988573530558771,delta,0
0.08431577682495117,0.09000712633132935,0.005691349506378174,2.0359499711878373,0.006254279204883532,delta,0
0.11294257640838623,0.11272585391998291,-0.0002167224884033203,2.5657429035963553,-0.0002442565123313935,delta,0
0.14909815788269043,0.1456507444381714,-0.003447413444519043,1.7648509439875866,-0.004035133667029404,delta,0
0.10749411582946777,0.10762965679168701,0.00013554096221923828,1.128923727098973,0.0001518886897696889,delta,0
0.18906712532043457,0.19252556562423706,0.0034584403038024902,2.0842114949466533,0.004283033810817947,delta,0
0.14607566595077515,0.1470760703086853,0.0010004043579101562,1.5526256248615589,0.0011729115845913911,delta,0
0.12047457695007324,0.11805081367492676,-0.0024237632751464844,1.043940359443282,-0.0027481892525417235,delta,0
0.14609169960021973,0.1424768567085266,-0.0036148428916931152,3.936343043283061,-0.004215446451763489,delta,0
0.0642043948173523,0.06236612796783447,-0.0018382668495178223,1.304580188522353,-0.001960538014197039,delta,0
0.08852577209472656,0.08716708421707153,-0.0013586878776550293,0.840009706488269,-0.0014884299789843744,delta,0
0.12170428037643433,0.12501579523086548,0.0033115148544311523,2.301722577303195,0.0037846567245232716,delta,0
0.1993042230606079,0.20245426893234253,0.003150045871734619,7.814530220461454,0.003949674293306943,delta,0
0.14243990182876587,0.14294087886810303,0.0005009770393371582,1.5108214753596572,0.0005845303165031721,delta,0
0.12592065334320068,0.12421971559524536,-0.0017009377479553223,1.8012453434248594,-0.0019421968937236422,delta,0
0.1395033597946167,0.140578031539917,0.001074671745300293,0.9249443998348394,0.0012504587789696554,delta,0
0.16659724712371826,0.16503643989562988,-0.001560807228088379,2.866404382648823,-0.0018693117911556267,delta,0
0.15082812309265137,0.14824843406677246,-0.0025796890258789062,1.2133069781495511,-0.0030286871536918773,delta,0
0.1695505976676941,0.17327439785003662,0.0037238001823425293,2.0329495956400403,0.004504275871774747,delta,0
0.15305286645889282,0.15270644426345825,-0.0003464221954345703,1.2701671716504852,-0.00040885734712502305,delta,0
0.1597883701324463,0.15886938571929932,-0.0009189844131469727,0.8252410778357494,-0.0010925585129639458,delta,0
0.1954507827758789,0.19508379697799683,-0.0003669857978820801,1.2336837317304004,-0.0004559304390994452,delta,0
0.0914422869682312,0.0965467095375061,0.005104422569274902,2.332965736156058,0.005649902018356541,delta,0
0.1624302864074707,0.16790235042572021,0.005472064018249512,4.796965032599154,0.006576228187940616,delta,0
0.12377738952636719,0.12180763483047485,-0.001969754695892334,4.144106326461664,-0.0022429649516619234,delta,0
0.18052595853805542,0.1845567226409912,0.004030764102935791,0.8776998447800891,0.004943034316243677,delta,0
0.15710300207138062,0.15791040658950806,0.0008074045181274414,4.048656902634961,0.0009588107066582134,delta,0
0.12838709354400635,0.12783455848693848,-0.0005525350570678711,1.2656936894728916,-0.0006335209247792655,delta,0
0.15974414348602295,0.1573980450630188,-0.0023460984230041504,1.4431574532658775,-0.0027843496080894054,delta,0
0.18830788135528564,0.19256198406219482,0.00425410270690918,1.146407479586875,0.0052686430697323795,delta,0
0.18748176097869873,0.1962154507637024,0.008733689785003662,1.100762779357778,0.01086570996332516,delta,0
0.13345593214035034,0.13509351015090942,0.001637578010559082,0.7193514237638807,0.0018933584494721593,delta,0
0.15257340669631958,0.15482312440872192,0.0022497177124023438,1.957856456821496,0.0026618306503339456,delta,0
0.16803234815597534,0.1696903109550476,0.0016579627990722656,1.439788701950875,0.0019968004961851103,delta,0
0.14728623628616333,0.1471988558769226,-8.738040924072266e-05,1.276752926151124,-0.00010246281896182798,delta,0
0.15224647521972656,0.15715354681015015,0.004907071590423584,1.5876693280269374,0.005822023183288254,delta,0
0.14681261777877808,0.14671772718429565,-9.489059448242188e-05,1.4007316683947246,-0.00011120656962589537,delta,0
0.12236154079437256,0.1212882399559021,-0.001073300838470459,2.7009920114386166,-0.0012214481326807277,delta,0
0.1348455548286438,0.13414907455444336,-0.0006964802742004395,2.0289141225949368,-0.0008043882078685069,delta,0
0.16581034660339355,0.16776621341705322,0.001955866813659668,1.084326849816022,0.0023501410843823406,delta,0
0.17395639419555664,0.17330414056777954,-0.0006522536277770996,3.759950038756611,-0.0007889886230046818,delta,0
0.15704268217086792,0.16428160667419434,0.007238924503326416,1.5402346415757717,0.008661918370036777,delta,0
0.15130090713500977,0.1535537838935852,0.0022528767585754395,1.270645281480556,0.002661571067017693,delta,0
0.13062810897827148,0.130268394947052,-0.0003597140312194824,1.2868383056403052,-0.00041359199680639816,delta,0
0.1735779047012329,0.1732890009880066,-0.00028890371322631836,1.1470433951208658,-0.00034946155739017467,delta,0
0.17336595058441162,0.17703461647033691,0.003668665885925293,1.2665798367048473,0.0044578617270516815,delta,0
0.17560940980911255,0.17688792943954468,0.001278519630432129,3.728793217678134,0.0015532752782517058,delta,0
0.14542275667190552,0.13933587074279785,-0.006086885929107666,1.4144190004638182,-0.007072312789846331,delta,0
0.13100504875183105,0.13304483890533447,0.002039790153503418,1.0318299832502178,0.0023528208205460892,delta,0
0.1627858281135559,0.1626824140548706,-0.00010341405868530273,1.750267961709848,-0.00012350637371192106,delta,0
0.23498660326004028,0.25356119871139526,0.01857459545135498,3.878315298555405,0.024884284444068254,delta,0
0.1699952483177185,0.17470157146453857,0.004706323146820068,2.0290119998197524,0.005702571317349657,delta,0
0.11595767736434937,0.12191236019134521,0.00595468282699585,0.985145355484149,0.006781421986868466,delta,0
0.2083684802055359,0.21377593278884888,0.005407452583312988,2.8918378248905543,0.006877750006425005,delta,0
0.1139751672744751,0.11721533536911011,0.0032401680946350098,1.1892759911675923,0.00367039463240992,delta,0
0.10026228427886963,0.09929805994033813,-0.0009642243385314941,1.3026241085447565,-0.0010705254376021712,delta,0
0.10453671216964722,0.10492777824401855,0.0003910660743713379,1.5010379981771949,0.00043691007816568355,delta,0
0.1343650221824646,0.13447785377502441,0.00011283159255981445,1.9077854399661711,0.00013036245583308978,delta,0
0.22194135189056396,0.22533386945724487,0.003392517566680908,5.394821436972531,0.004379328633231977,delta,0
0.2086338996887207,0.2073872685432434,-0.001246631145477295,4.110504256260009,-0.0015728124164572654,delta,0
0.18984943628311157,0.19147121906280518,0.0016217827796936035,1.2453816177911021,0.0020058442172135624,delta,0
0.1798606514930725,0.18033313751220703,0.0004724860191345215,15.670402574726811,0.0005764366485433685,delta,0
0.21911484003067017,0.21798032522201538,-0.0011345148086547852,1.4569799353857489,-0.0014507497000978574,delta,0
0.2366744875907898,0.26224708557128906,0.025572597980499268,4.480709788530784,0.03466282203751341,delta,0
0.17323899269104004,0.18289726972579956,0.009658277034759521,1.1245097909838055,0.011820150241718603,delta,0
0.16396278142929077,0.1738021969795227,0.009839415550231934,3.8383736456054387,0.011909273438225378,delta,0
0.1516149640083313,0.1582881212234497,0.006673157215118408,0.7364779330360142,0.007928077746530099,delta,0
0.13050878047943115,0.131098210811615,0.0005894303321838379,2.589628838885292,0.000678362433497124,delta,0
0.20433127880096436,0.20481407642364502,0.00048279762268066406,1.8972924635733655,0.0006071506151784956,delta,0
0.20621263980865479,0.21060389280319214,0.0043912529945373535,8.01973882621142,0.005562800417310078,delta,0
0.1681172251701355,0.1700611710548401,0.0019439458847045898,1.3675498274899778,0.002342276101451135,delta,0
0.16800588369369507,0.16505634784698486,-0.002949535846710205,2.1411793969839166,-0.0035326166491648006,delta,0
0.18337422609329224,0.1903870701789856,0.007012844085693359,4.115086858721135,0.008661971452510927,delta,0
0.1888098120689392,0.19565510749816895,0.006845295429229736,5.439245698459628,0.008510398329177124,delta,0
0.1498461365699768,0.1531813144683838,0.0033351778984069824,1.4590137396761054,0.003938479340844047,delta,0
0.2648482918739319,0.2876625061035156,0.02281421422958374,7.281824985970117,0.032027254531823174,delta,0
0.2603011727333069,0.27954399585723877,0.019242823123931885,2.7080524916751068,0.026709227230090296,delta,0
0.1943022608757019,0.19387662410736084,-0.00042563676834106445,2.9553654993814966,-0.0005280044979092028,delta,0
0.14695703983306885,0.14719867706298828,0.0002416372299194336,2.5676059505310946,0.0002833452803370956,delta,0
0.13653719425201416,0.13431954383850098,-0.0022176504135131836,1.3907744051574873,-0.0025617424971639473,delta,0
0.20449590682983398,0.21018105745315552,0.005685150623321533,3.6109998383036994,0.0071980428894111315,delta,0
0.16685587167739868,0.1656494140625,-0.0012064576148986816,3.456155020979494,-0.0014459840206656914,delta,0
0.22380465269088745,0.23578500747680664,0.01198035478591919,3.3363858389937566,0.015676681173662783,delta,0
0.2300875186920166,0.23100543022155762,0.0009179115295410156,7.514441737807224,0.001193651510186188,delta,0
0.19165122509002686,0.1915469765663147,-0.0001042485237121582,1.8441365346074554,-0.0001289481524472391,delta,0
0.1521618366241455,0.1518504023551941,-0.000311434268951416,1.8538107250904636,-0.0003671926153313353,delta,0
0.15167123079299927,0.16232597827911377,0.010654747486114502,1.4742745242521917,0.012719443613908173,delta,0
0.10419785976409912,0.10804241895675659,0.0038445591926574707,1.2494431255177432,0.004310248911344901,delta,0
0.15468227863311768,0.15676820278167725,0.0020859241485595703,4.201933967155296,0.002473725677139639,delta,0
0.21189749240875244,0.21023112535476685,-0.0016663670539855957,7.312080424596516,-0.002109942677513258,delta,0
0.16908204555511475,0.16842395067214966,-0.0006580948829650879,3.948308180945944,-0.0007913826805101175,delta,0
0.18873924016952515,0.192571222782135,0.0038319826126098633,2.6925427194770863,0.004745907900153893,delta,0
0.2911044955253601,0.3185959458351135,0.027491450309753418,3.422033879225016,0.04034529900683717,delta,0
0.19270527362823486,0.20069438219070435,0.007989108562469482,4.829409371203829,0.009995061193696732,delta,0
0.19747954607009888,0.1961212158203125,-0.001358330249786377,3.808500615859533,-0.0016897202370783745,delta,0
0.2224072813987732,0.22588229179382324,0.003475010395050049,2.604292693365711,0.004488994836589531,delta,0
0.17953616380691528,0.17931896448135376,-0.00021719932556152344,0.8748671740096563,-0.00026465742007095346,delta,0
0.16494572162628174,0.1679653525352478,0.0030196309089660645,2.9030350318614353,0.0036292129398301123,delta,0
0.1750773787498474,0.17690634727478027,0.0018289685249328613,5.015297698530045,0.0022220661268341005,delta,0
0.186376690864563,0.18572497367858887,-0.0006517171859741211,2.1052061292717394,-0.000800364944161845,delta,0
0.14172708988189697,0.14176034927368164,3.325939178466797e-05,0.8374471900305557,3.87530356544596e-05,delta,0
0.1736050248146057,0.18534374237060547,0.011738717555999756,1.0544836573411343,0.014409411879016048,delta,0
0.21460652351379395,0.21321195363998413,-0.0013945698738098145,1.648845250117935,-0.0017724848264556523,delta,0
0.13634181022644043,0.14181220531463623,0.005470395088195801,1.30323888006581,0.006374356664209381,delta,0
0.2154790759086609,0.2175782322883606,0.002099156379699707,3.9128145104126784,0.0026828961901700934,delta,0
0.2695820927619934,0.2688046097755432,-0.0007774829864501953,0.8086792225593857,-0.0010633040044351614,delta,0
0.2045627236366272,0.22544443607330322,0.020881712436676025,6.118529544238793,0.026959605494038193,delta,0
0.14887207746505737,0.14774209260940552,-0.0011299848556518555,1.1940967027791052,-0.0013258719524370187,delta,0
0.18697398900985718,0.19520527124404907,0.008231282234191895,2.883787293170583,0.010227803364114703,delta,0
0.1854914426803589,0.1824851632118225,-0.003006279468536377,1.9966223275241934,-0.0036773393377756156,delta,0
0.203529953956604,0.21357262134552002,0.010042667388916016,4.106045921776944,0.012769986983538505,delta,0
0.180891215801239,0.1735299825668335,-0.007361233234405518,2.3920848679030073,-0.008906836399544031,delta,0
0.1428748369216919,0.14704406261444092,0.0041692256927490234,1.6737111736240058,0.004887973117964734,delta,0
0.15964865684509277,0.16097694635391235,0.00132828950881958,0.7833977914078759,0.0015831382737903556,delta,0
0.18917256593704224,0.17922437191009521,-0.009948194026947021,2.588331057484157,-0.01212047932039392,delta,0
0.2177029848098755,0.2086769938468933,-0.009025990962982178,3.9877699013787278,-0.01140620314688009,delta,0
0.16823989152908325,0.1757669448852539,0.007527053356170654,2.6156177380095946,0.00913219059762505,delta,0
0.1787862777709961,0.17963910102844238,0.0008528232574462891,1.039306074606924,0.0010395708261027893,delta,0
0.16897737979888916,0.17482370138168335,0.0058463215827941895,2.151943877247469,0.0070849363858163745,delta,0
0.25139927864074707,0.2843201756477356,0.032920897006988525,6.868879503690529,0.045999476143936326,delta,0
0.12472230195999146,0.12337356805801392,-0.001348733901977539,0.9896979715091416,-0.0015385503480538406,delta,0
0.16457688808441162,0.18688184022903442,0.022304952144622803,1.4389227078552105,0.02743137867060494,delta,0
0.22436070442199707,0.2278771996498108,0.0035164952278137207,1.5771949896904076,0.004554321185980839,delta,0
0.2579948306083679,0.24530470371246338,-0.012690126895904541,4.718515252519603,-0.01681490126986248,delta,0
0.2961915135383606,0.29078710079193115,-0.005404412746429443,0.7823819089436349,-0.0076202967437058655,delta,0
0.1356465220451355,0.15651756525039673,0.02087104320526123,1.4536233224559756,0.02474389785183496,delta,0
0.2275524139404297,0.22198408842086792,-0.005568325519561768,4.162217490006546,-0.007157084368955625,delta,0
0.23948901891708374,0.2573522925376892,0.01786327362060547,1.1222036765830254,0.02405349594580419,delta,0
0.1926354169845581,0.18984633684158325,-0.0027890801429748535,2.235750487333279,-0.003442655720522835,delta,0
0.2366567850112915,0.24732297658920288,0.010666191577911377,0.9867660326047103,0.014171007279559228,delta,0
0.21965932846069336,0.22845232486724854,0.008792996406555176,2.7718755808261526,0.011396569116797954,delta,0
0.21014422178268433,0.21304666996002197,0.0029024481773376465,1.973609436304494,0.0036882087749602623,delta,0
0.3108508586883545,0.3064175248146057,-0.004433333873748779,3.4263481043404265,-0.006391934675921204,delta,0
0.2105172872543335,0.22733837366104126,0.016821086406707764,2.579373414884129,0.021770314240154236,delta,0
0.24454522132873535,0.254130482673645,0.009585261344909668,1.9156438070805886,0.012851123584281888,delta,0
0.2389046549797058,0.24815726280212402,0.009252607822418213,2.964837561401846,0.01230657338914087,delta,0
0.33395248651504517,0.3270782232284546,-0.006874263286590576,2.2390489792064705,-0.010215545883462119,delta,0
0.2186492681503296,0.23841488361358643,0.019765615463256836,2.7292846677342277,0.025953258589192472,delta,0
0.23268437385559082,0.23853784799575806,0.005853474140167236,3.4663884339009314,0.007687150470657441,delta,0
0.20687341690063477,0.2190532088279724,0.012179791927337646,1.650879264474227,0.015596186660884394,delta,0
0.1705419421195984,0.17932933568954468,0.008787393569946289,3.6245943313067124,0.010707576074172996,delta,0
0.22630518674850464,0.24369663000106812,0.017391443252563477,1.9910035946278126,0.02299532693155663,delta,0
0.21240359544754028,0.2192978858947754,0.006894290447235107,3.1178676236753584,0.008830884818515915,delta,0
0.25540632009506226,0.24929922819137573,-0.0061070919036865234,1.7386203499462363,-0.008135187991046053,delta,0
0.2302093505859375,0.23773229122161865,0.007522940635681152,1.5615046582271612,0.009869158235415088,delta,0
0.2495255470275879,0.25722742080688477,0.007701873779296875,2.4332153552491325,0.010369087382928882,delta,0
0.19770491123199463,0.2152014970779419,0.017496585845947266,5.291787501610808,0.022294367000958628,delta,0
0.20524781942367554,0.22010529041290283,0.014857470989227295,2.526530963706178,0.019050611328153957,delta,0
0.20534825325012207,0.21015101671218872,0.00480276346206665,2.353934371926091,0.0060806097921083,delta,0
0.19279611110687256,0.2006462812423706,0.007850170135498047,3.929969227571251,0.009820646293732053,delta,0
0.23923379182815552,0.24223822355270386,0.00300443172454834,3.161686467604209,0.0039648763212026495,delta,0
0.2655656933784485,0.29030436277389526,0.024738669395446777,1.982025882207249,0.034858139317496165,delta,0
0.25219303369522095,0.25258463621139526,0.0003916025161743164,2.252208230786006,0.0005239422885145232,delta,0
0.26481419801712036,0.26749730110168457,0.002683103084564209,2.5538203894104554,0.0036629258685320857,delta,0
0.1950613260269165,0.21501296758651733,0.01995164155960083,0.8114631735098886,0.02541652375868999,delta,0
0.2706708312034607,0.2749493718147278,0.00427854061126709,2.1966702985765085,0.005901023245750219,delta,0
0.1764470934867859,0.19404149055480957,0.01759439706802368,2.0099266747883813,0.021830400525376173,delta,0
0.189744234085083,0.20332223176956177,0.01357799768447876,2.2722861390360363,0.0170432742395183,delta,0
0.18535417318344116,0.20806759595870972,0.022713422775268555,8.343142252957962,0.028681011989609543,delta,0
0.20007354021072388,0.21718233823776245,0.017108798027038574,2.488998864403921,0.021855406262199242,delta,0
0.17976105213165283,0.197628915309906,0.017867863178253174,5.687334162686235,0.02226882737823786,delta,0
0.1776025891304016,0.19360589981079102,0.016003310680389404,1.939907048658009,0.019845520542169707,delta,0
0.19011127948760986,0.22691798210144043,0.036806702613830566,0.48482627996150857,0.04761034633023915,delta,0
0.21006590127944946,0.23275238275527954,0.022686481475830078,1.8291946167727688,0.029568656801177165,delta,0
0.12746787071228027,0.14555007219314575,0.01808220148086548,3.233149731319021,0.02116238868119245,delta,0
0.2596192955970764,0.26814770698547363,0.008528411388397217,3.209278557388164,0.011653186674142097,delta,0
0.35707926750183105,0.3649834394454956,0.00790417194366455,4.988928560712893,0.012447190254003027,delta,0
0.17325371503829956,0.18533390760421753,0.012080192565917969,1.2203303495086695,0.014828397399469952,delta,0
0.32312244176864624,0.31554895639419556,-0.007573485374450684,2.020693824228764,-0.01106505051778762,delta,0
0.28161031007766724,0.2704901695251465,-0.011120140552520752,2.98983294840445,-0.015243304597118883,delta,0
0.31463682651519775,0.3149109482765198,0.0002741217613220215,4.592248124447205,0.0004001257364023154,delta,0
0.2700479030609131,0.2867663502693176,0.01671844720840454,5.8111656281939865,0.023440351159423622,delta,0
0.3231894373893738,0.31537318229675293,-0.00781625509262085,2.449945469463923,-0.011416811159753345,delta,0
0.15371841192245483,0.17879241704940796,0.025074005126953125,1.0214259671634656,0.030533090107208255,delta,0
0.21290463209152222,0.2334064245223999,0.020501792430877686,1.3017723731343351,0.02674401806472842,delta,0
0.27537983655929565,0.2688942551612854,-0.006485581398010254,1.2243013486092214,-0.008870921127067609,delta,0
0.2713215947151184,0.2700612545013428,-0.0012603402137756348,2.6363284022169626,-0.0017266383262264482,delta,0
0.19184577465057373,0.2026192545890808,0.01077347993850708,0.4893140557864252,0.013511086141107052,delta,0
0.25678229331970215,0.255776047706604,-0.0010062456130981445,2.9199800702636804,-0.0013520736735189779,delta,0
0.2600722908973694,0.26504945755004883,0.004977166652679443,1.8528064066935415,0.0067721109995893085,delta,0
0.18628019094467163,0.20068395137786865,0.014403760433197021,2.070097392515955,0.018020106637451308,delta,0
0.2504865527153015,0.2516378164291382,0.00115126371383667,1.6627244086349269,0.0015383777255330241,delta,0
0.26282596588134766,0.2632909417152405,0.00046497583389282227,2.281529808138486,0.0006311525949950999,delta,0
0.1690865159034729,0.1734963059425354,0.0044097900390625,2.8535588673508947,0.005335475292813269,delta,0
0.14083945751190186,0.15289932489395142,0.01205986738204956,7.8160444775444375,0.014236640031646515,delta,0
0.26010024547576904,0.2647549510002136,0.00465470552444458,1.5798163592081274,0.006330821990269441,delta,0
0.30740898847579956,0.31858766078948975,0.011178672313690186,1.7896856383710729,0.01640515099365809,delta,0
0.14423030614852905,0.15482240915298462,0.010592103004455566,4.12261141638449,0.012532399248589201,delta,0
0.10863536596298218,0.140536367893219,0.031901001930236816,2.6222356566713483,0.03711733776569314,delta,0
0.15502619743347168,0.16609734296798706,0.01107114553451538,3.1612217728275054,0.013276304423731278,delta,0
0.1191064715385437,0.1290307641029358,0.00992429256439209,3.599886675686626,0.011394538584557991,delta,0
0.12241321802139282,0.138960063457489,0.01654684543609619,8.618857739778248,0.019217279865716478,delta,0
0.1523897647857666,0.16961276531219482,0.017223000526428223,4.630901773154677,0.020740926409957918,delta,0
0.15639495849609375,0.16063159704208374,0.00423663854598999,2.402892163203396,0.005047412472354412,delta,0
0.17193138599395752,0.1851590871810913,0.013227701187133789,7.1226185424433135,0.01623347696346407,delta,0
0.08099550008773804,0.10621917247772217,0.02522367238998413,2.9888804647601277,0.028221317366930676,delta,0
0.13724881410598755,0.1575678586959839,0.020319044589996338,7.973461249311241,0.024119503036225703,delta,0
0.16021102666854858,0.16673976182937622,0.006528735160827637,2.03920019973645,0.007835169448576004,delta,0
0.1675342321395874,0.18493372201919556,0.017399489879608154,2.681212100724512,0.02134733131483809,delta,0
0.12897104024887085,0.14508658647537231,0.016115546226501465,3.9769697224061455,0.01885050108181186,delta,0
0.13449925184249878,0.16736537218093872,0.03286612033843994,2.882926125328036,0.03947243993986524,delta,0
0.1884620189666748,0.19292771816253662,0.004465699195861816,5.369024896805377,0.005533208482510077,delta,0
0.16725432872772217,0.16677892208099365,-0.0004754066467285156,1.6517510701883797,-0.0005705648348645445,delta,0
0.2125999927520752,0.22084850072860718,0.008248507976531982,2.623785721992016,0.010586526476873113,delta,0
0.17146068811416626,0.1876753568649292,0.01621466875076294,2.4217410555401426,0.019960823406987068,delta,0
0.17840278148651123,0.18397259712219238,0.005569815635681152,1.6935049621604965,0.006825525240988972,delta,0
0.1728082299232483,0.20892000198364258,0.03611177206039429,2.6482920824100056,0.045648698173313684,delta,0
0.1706784963607788,0.19540929794311523,0.024730801582336426,2.7267696306670635,0.030737120773473656,delta,0
0.1291574239730835,0.14905691146850586,0.019899487495422363,4.3427285700329366,0.023385215490455052,delta,0
0.24414730072021484,0.2523355484008789,0.008188247680664062,5.6646569358014345,0.010951768086808004,delta,0
0.137381911277771,0.1475459337234497,0.010164022445678711,3.420603286513726,0.011923249413395762,delta,0
0.19949465990066528,0.22895437479019165,0.029459714889526367,3.851133271227898,0.03820748594677535,delta,0
0.1729189157485962,0.18512707948684692,0.012208163738250732,4.169717413098289,0.014981678039519141,delta,0
0.13245058059692383,0.1605282425880432,0.028077661991119385,2.0927041666781574,0.03344682146029689,delta,0
0.17751270532608032,0.19557195901870728,0.018059253692626953,5.024295670152101,0.022449806287952272,delta,0
0.12674134969711304,0.13327616453170776,0.0065348148345947266,6.3467932161032445,0.007539673615949371,delta,0
0.2582590579986572,0.2852185368537903,0.026959478855133057,0.7939059662521314,0.037717092909023094,delta,0
0.13640207052230835,0.141676127910614,0.005274057388305664,4.367021669069424,0.006144600610335143,delta,0
0.15850287675857544,0.1665055751800537,0.008002698421478271,4.220073309262254,0.00960138206468152,delta,0
0.12895655632019043,0.1399071216583252,0.010950565338134766,6.507171349634418,0.012731840495236162,delta,0
0.11392974853515625,0.11827856302261353,0.004348814487457275,1.982897091038117,0.004932186408402827,delta,0
0.1393444538116455,0.14170098304748535,0.0023565292358398438,4.645351174350602,0.002745580723378853,delta,0
0.1314302682876587,0.14999651908874512,0.018566250801086426,5.643525034601408,0.02184255855185709,delta,0
0.15430551767349243,0.17426341772079468,0.019957900047302246,7.193271957779419,0.0241698145336062,delta,0
0.1077502965927124,0.1156664490699768,0.007916152477264404,6.517112144457331,0.008951546018964517,delta,0
0.1246950626373291,0.1423690915107727,0.017674028873443604,7.609309978109436,0.02060796631569349,delta,0
0.12579607963562012,0.1386549472808838,0.012858867645263672,2.954426956138523,0.014928822780917436,delta,0
0.12832868099212646,0.14533400535583496,0.017005324363708496,9.881158344539593,0.01989704103155357,delta,0
0.13290131092071533,0.1392475962638855,0.006346285343170166,5.704503856960267,0.007372951054942138,delta,0
0.13805890083312988,0.1565830111503601,0.018524110317230225,3.8874460298308033,0.021963169537876845,delta,0
0.1358545422554016,0.14771968126296997,0.01186513900756836,4.6368208309357355,0.013921639097745412,delta,0
0.12052810192108154,0.12890654802322388,0.008378446102142334,5.10348420372964,0.009618309129897706,delta,0
0.11272895336151123,0.11965996026992798,0.006931006908416748,3.935727399655605,0.00787310197834682,delta,0
0.08046823740005493,0.10450714826583862,0.02403891086578369,1.168280132565847,0.02684433585285609,delta,0
0.13623875379562378,0.14168089628219604,0.005442142486572266,2.782273680722177,0.006340465291987163,delta,0
0.1536080241203308,0.1608281135559082,0.007220089435577393,3.634957923623669,0.008603826644111983,delta,0
0.16569668054580688,0.16953277587890625,0.0038360953330993652,8.225873046587482,0.004619201362412839,delta,0
0.11922770738601685,0.12304466962814331,0.003816962242126465,3.215667877645468,0.004352516154395176,delta,0
0.10355633497238159,0.12904971837997437,0.025493383407592773,4.153229084818597,0.02927076774138402,delta,0
0.12380391359329224,0.13480740785598755,0.011003494262695312,3.848731557422011,0.012717970961156549,delta,0
0.12415903806686401,0.1345474123954773,0.010388374328613281,2.7433569385956686,0.012003400853381415,delta,0
0.1582593321800232,0.17204588651657104,0.013786554336547852,4.161580695763807,0.016651350735542643,delta,0
0.12100458145141602,0.1275286078453064,0.006524026393890381,3.00423759526151,0.007477639327265917,delta,0
0.1255052089691162,0.14069610834121704,0.01519089937210083,7.227135326984846,0.01767814567065049,delta,0
0.13428014516830444,0.14918142557144165,0.014901280403137207,3.973811494130571,0.017514051586315527,delta,0
0.1489366888999939,0.1565229296684265,0.007586240768432617,4.320297394553806,0.008994009482024737,delta,0
0.12118273973464966,0.1426815390586853,0.021498799324035645,7.390904985921585,0.025076795034170252,delta,0
0.12505841255187988,0.1379643678665161,0.01290595531463623,9.946770467502628,0.014971487063353522,delta,0
0.12797504663467407,0.13551592826843262,0.007540881633758545,5.289405841068104,0.008722985050093645,delta,0
0.11009663343429565,0.1221802830696106,0.012083649635314941,4.8272736943367445,0.013765525428808713,delta,0
0.13506126403808594,0.1447082757949829,0.009647011756896973,6.353241950170847,0.011279206244937947,delta,0
0.12045842409133911,0.13255470991134644,0.012096285820007324,3.009697637833633,0.01394472476618217,delta,0
0.14191585779190063,0.1485617756843567,0.006645917892456055,4.076845938967791,0.007805519769561455,delta,0
0.09177178144454956,0.11032533645629883,0.018553555011749268,1.8122351038421733,0.020854314247691182,delta,0
0.11605054140090942,0.12207472324371338,0.006024181842803955,3.9383138078567717,0.0068618389312833025,delta,0
0.1181340217590332,0.12509703636169434,0.006963014602661133,6.6660875268262565,0.007958613574361737,delta,0
0.28940969705581665,0.32148170471191406,0.03207200765609741,0.9729814645639789,0.047267712423996244,beta,0
0.27395737171173096,0.28056269884109497,0.006605327129364014,3.0678136950208716,0.009181240837420895,beta,0
0.32029521465301514,0.32768428325653076,0.007389068603515625,2.910293673127885,0.010990474295776459,beta,0
0.32406169176101685,0.3421921133995056,0.01813042163848877,1.5478382681257083,0.02756187939944827,beta,0
0.3060654401779175,0.3348655104637146,0.02880007028579712,2.468426233024165,0.04329961945872899,beta,0
0.21598291397094727,0.23368960618972778,0.017706692218780518,0.6848967641346163,0.023106423143680402,beta,0
0.2696864604949951,0.2871382236480713,0.017451763153076172,0.8144727802846767,0.02448127215122348,beta,0
0.25718265771865845,0.26586347818374634,0.00868082046508789,1.4707006669959135,0.01182453155117735,beta,0
0.34368962049484253,0.4010472297668457,0.057357609272003174,2.110639159378982,0.09576315883750831,beta,0
0.22662490606307983,0.23074281215667725,0.004117906093597412,2.529340559316358,0.005353094073962842,beta,0
0.24698680639266968,0.2657126188278198,0.018725812435150146,1.0562312176918256,0.025502021300239673,beta,0
0.2965063452720642,0.2961452603340149,-0.0003610849380493164,2.613962687145478,-0.0005130105939482194,beta,0
0.20808380842208862,0.22419404983520508,0.016110241413116455,1.239201319316491,0.020765813164612047,beta,0
0.22830969095230103,0.24736028909683228,0.01905059814453125,0.7425373310483852,0.025311710063332334,beta,0
0.2431592345237732,0.25621241331100464,0.013053178787231445,1.0888634326169655,0.017549605587447715,beta,0
0.23113280534744263,0.25806254148483276,0.026929736137390137,0.6298185949331738,0.03629650427852015,beta,0
0.16936850547790527,0.18534117937088013,0.015972673892974854,0.566721247385466,0.019606580679553638,beta,0
0.1845826506614685,0.21134233474731445,0.026759684085845947,0.41154004782130293,0.03393067139881555,beta,0
0.33318763971328735,0.34979671239852905,0.0166090726852417,3.5827388810387077,0.025544430491132638,beta,0
0.34314727783203125,0.3711180090904236,0.027970731258392334,3.3474076110739084,0.0444769156418952,beta,0
0.32573986053466797,0.3334384560585022,0.0076985955238342285,2.1793147342693584,0.011549714491944816,beta,0
0.2716484069824219,0.28284531831741333,0.011196911334991455,3.856229136987471,0.015612965544227206,beta,0
0.3229285478591919,0.32433491945266724,0.0014063715934753418,1.1694174482287225,0.002081462597321278,beta,0
0.313778817653656,0.30775558948516846,-0.006023228168487549,1.8273008297029518,-0.008701013799458477,beta,0
0.3290467858314514,0.3594738245010376,0.03042703866958618,1.078819324061714,0.047503193208121235,beta,0
0.26674914360046387,0.2895485758781433,0.022799432277679443,1.3956656456200927,0.03209147241257255,beta,0
0.434329092502594,0.44742822647094727,0.013099133968353271,1.8460089405836608,0.023705760221327254,beta,0
0.30849361419677734,0.33095628023147583,0.022462666034698486,1.9937663857599381,0.03357428725654898,beta,0
0.3375179171562195,0.33467763662338257,-0.002840280532836914,1.1545307551026078,-0.004269029104060227,beta,0
0.2297220230102539,0.2375699281692505,0.007847905158996582,1.2479831685238092,0.01029327862180484,beta,0
0.2737763524055481,0.27351099252700806,-0.00026535987854003906,2.235900726784035,-0.0003652634462606155,beta,0
0.3518214225769043,0.37579190731048584,0.023970484733581543,1.262912563657536,0.03840143217352461,beta,0
0.3178721070289612,0.3474840521812439,0.029611945152282715,1.8032331875276169,0.04538118225503935,beta,0
0.26135486364364624,0.25344789028167725,-0.007906973361968994,2.665257756029556,-0.010591321434952918,beta,0
0.2149682641029358,0.23330342769622803,0.018335163593292236,0.6501883718096956,0.02391449793260284,beta,0
0.205885112285614,0.21247029304504395,0.006585180759429932,0.4818504601152419,0.008361818863814088,beta,0
0.3088337182998657,0.3283189535140991,0.0194852352142334,1.7428249305152224,0.029009654680858126,beta,0
0.2361859679222107,0.24425047636032104,0.008064508438110352,1.1802901533798968,0.010670874656025972,beta,0
0.24314165115356445,0.2392292022705078,-0.003912448883056641,2.097504995552643,-0.005142743247681535,beta,0
0.24667882919311523,0.26107436418533325,0.014395534992218018,1.1749650914130387,0.019481710059154892,beta,0
0.32648950815200806,0.34886831045150757,0.02237880229949951,2.3639889211687035,0.03436908794136163,beta,0
0.30719584226608276,0.3039439916610718,-0.0032518506050109863,2.0871747794402298,-0.004671823195336278,beta,0
0.26141661405563354,0.26475924253463745,0.0033426284790039062,1.8164477333754905,0.004546304656079106,beta,0
0.3519839644432068,0.38961702585220337,0.03763306140899658,1.8328327889042642,0.06165483475606285,beta,0
0.21088314056396484,0.2174215316772461,0.00653839111328125,1.5505809116039462,0.008354933566335565,beta,0
0.29060637950897217,0.2959511876106262,0.005344808101654053,1.5737645367923982,0.007591530597878645,beta,0
0.25857865810394287,0.28494757413864136,0.026368916034698486,3.20996785366517,0.03687689892518615,beta,0
0.21552276611328125,0.23036271333694458,0.01483994722366333,0.8753818444237979,0.01928174151749512,beta,0
0.17212224006652832,0.18069297075271606,0.008570730686187744,0.5574153725930766,0.01046095099911674,beta,0
0.23588353395462036,0.2408299446105957,0.004946410655975342,1.5094669057945733,0.006515550265530638,beta,0
0.2885461449623108,0.3068743944168091,0.01832824945449829,1.7781952519258744,0.026442897660773956,beta,0
0.18181198835372925,0.1975020170211792,0.01569002866744995,0.7168129956742733,0.019551486732975423,beta,0
0.237887442111969,0.24883592128753662,0.010948479175567627,0.955026212526427,0.014575349761577955,beta,0
0.18054652214050293,0.19450044631958008,0.013953924179077148,0.8930751790281406,0.017323317083566426,beta,0
0.233870267868042,0.22580379247665405,-0.00806647539138794,2.0616564057637135,-0.010419161593664477,beta,0
0.19071578979492188,0.20476394891738892,0.014048159122467041,0.5063408840763306,0.017665395203527667,beta,0
0.21942222118377686,0.22746050357818604,0.00803828239440918,0.6512637790375769,0.010405011564638762,beta,0
0.20252084732055664,0.21639853715896606,0.013877689838409424,0.5552177530548049,0.017710137737740203,beta,0
0.2406100034713745,0.2456369400024414,0.0050269365310668945,1.0200147542269504,0.006663815870150328,beta,0
0.27384865283966064,0.2796258330345154,0.005777180194854736,2.2827818924272814,0.008019693736646082,beta,0
0.32214123010635376,0.32151949405670166,-0.0006217360496520996,1.6465932571451074,-0.00091636538442279,beta,0
0.40358418226242065,0.4350939393043518,0.03150975704193115,2.1649197161993468,0.05577875550339956,beta,0
0.36892688274383545,0.42527449131011963,0.05634760856628418,2.208650280112657,0.09804264420894032,beta,0
0.2565881609916687,0.25245893001556396,-0.004129230976104736,1.1415902062183851,-0.005523751325382975,beta,0
0.32839465141296387,0.3456549048423767,0.017260253429412842,1.8227205598583418,0.026377906027178318,beta,0
0.2713007926940918,0.2771720290184021,0.005871236324310303,1.924304096433522,0.00812259148789882,beta,0
0.23675775527954102,0.24979108572006226,0.01303333044052124,0.7305069662671376,0.01737293464851832,beta,0
0.48962777853012085,0.5173141360282898,0.027686357498168945,1.4599309166983612,0.05735895654858378,beta,0
0.2760573625564575,0.2904934883117676,0.014436125755310059,1.467921752412067,0.020346713550183037,beta,0
0.2827819585800171,0.28972989320755005,0.006947934627532959,2.650254843058592,0.009782101993436751,beta,0
0.34732139110565186,0.38481199741363525,0.0374906063079834,1.4825781569481533,0.06094170586936988,beta,0
0.24890851974487305,0.25261634588241577,0.0037078261375427246,1.4016620430567628,0.004961074699874799,beta,0
0.4170401692390442,0.4393906593322754,0.0223504900932312,1.2192933368983612,0.039868208522195185,beta,0
0.3005533218383789,0.3052854537963867,0.0047321319580078125,2.9229842734161,0.006811620663288769,beta,0
0.2503522038459778,0.2455807328224182,-0.00477147102355957,2.0279555155639115,-0.0063246940145239156,beta,0
0.20499813556671143,0.22541451454162598,0.02041637897491455,0.37113547529819885,0.026357812479319585,beta,0
0.24545645713806152,0.2334689497947693,-0.011987507343292236,1.722289844468345,-0.01563864547963544,beta,0
0.2749844789505005,0.2737613916397095,-0.0012230873107910156,1.022213657240679,-0.0016841397533966357,beta,0
0.24418699741363525,0.24372375011444092,-0.00046324729919433594,1.271949842973051,-0.0006125371506303884,beta,0
0.22232669591903687,0.22984087467193604,0.00751417875289917,1.4240849972544742,0.009756657430629498,beta,0
0.22690975666046143,0.23106658458709717,0.004156827926635742,3.6402854222789247,0.005405966034658025,beta,0
0.23269426822662354,0.22903752326965332,-0.003656744956970215,1.005653056750863,-0.004743090704593662,beta,0
0.29026806354522705,0.29343533515930176,0.003167271614074707,2.164824596772876,0.0044826351665757285,beta,0
0.225081205368042,0.24595487117767334,0.020873665809631348,0.6613617199553827,0.027682250056083508,beta,0
0.32999348640441895,0.34721797704696655,0.017224490642547607,0.8384336159541896,0.026386282153770157,beta,0
0.21031975746154785,0.2355743646621704,0.02525460720062256,4.325244021444155,0.03303736299929497,beta,0
0.34469908475875854,0.3633939027786255,0.018694818019866943,1.2464420629115571,0.029366382291129665,beta,0
0.25176167488098145,0.27500563859939575,0.023243963718414307,0.4736035154301625,0.032060888961273695,beta,0
0.2705523371696472,0.2588006258010864,-0.011751711368560791,1.5423724630970952,-0.0158549936462939,beta,0
0.3255177140235901,0.3345630168914795,0.009045302867889404,3.028863913917081,0.013593026984516553,beta,0
0.2948821187019348,0.30051732063293457,0.005635201930999756,2.222076968733267,0.008056242273359548,beta,0
0.3055275082588196,0.29558563232421875,-0.00994187593460083,2.089729420123648,-0.014113675686945597,beta,0
0.27416378259658813,0.2938820719718933,0.019718289375305176,1.616641604181969,0.027924923858497895,beta,0
0.3350216746330261,0.3473157286643982,0.01229405403137207,1.6752469588920307,0.018836142636338524,beta,0
0.28309541940689087,0.3096201419830322,0.026524722576141357,3.41200196099312,0.03842047572524841,beta,0
0.2978641986846924,0.2973443865776062,-0.0005198121070861816,2.5136899649985014,-0.0007397821879688055,beta,0
0.26976096630096436,0.2906365394592285,0.02087557315826416,1.1190891911187173,0.029428599469093056,beta,0
0.2638932466506958,0.2905271053314209,0.026633858680725098,1.591191652495373,0.03754034703914482,beta,0
0.3068544864654541,0.32075220346450806,0.013897716999053955,1.4628130192215445,0.020460452091179915,beta,0
0.36094510555267334,0.36416274309158325,0.003217637538909912,2.501128234881973,0.005060473421382677,beta,0
0.2656595706939697,0.2821768522262573,0.016517281532287598,0.9911597499711168,0.023010238083731777,beta,0
0.292765736579895,0.32217442989349365,0.029408693313598633,4.703117002824376,0.043386816034363625,beta,0
0.30572766065597534,0.3168542981147766,0.01112663745880127,2.6672122857703786,0.016287356310807438,beta,0
0.32484400272369385,0.3385370373725891,0.013693034648895264,1.2109191870177296,0.0207011358497003,beta,0
0.28412187099456787,0.3096050024032593,0.025483131408691406,2.7948168553292208,0.03691094445556236,beta,0
0.31578534841537476,0.33970439434051514,0.02391904592514038,1.9849887039208733,0.0362247540648869,beta,0
0.3381121754646301,0.33983731269836426,0.0017251372337341309,1.0514730691125438,0.00261320015038338,beta,0
0.23246967792510986,0.24421662092208862,0.01174694299697876,1.6277217461775373,0.01554273793545254,beta,0
0.2411596179008484,0.26075392961502075,0.019594311714172363,0.6671031648212018,0.026505804358172888,beta,0
0.3277432322502136,0.3549070954322815,0.02716386318206787,3.210788833038328,0.04210845134046324,beta,0
0.25458675622940063,0.27613717317581177,0.021550416946411133,2.9079229443176278,0.029771409924390684,beta,0
0.2554622292518616,0.27824604511260986,0.02278381586074829,4.852044647913845,0.03156728924928867,beta,0
0.34550541639328003,0.36143893003463745,0.015933513641357422,1.2723549698654608,0.024952215834613444,beta,0
0.2770530581474304,0.29589295387268066,0.018839895725250244,3.414074439433211,0.02675714698336301,beta,0
0.28044450283050537,0.30402058362960815,0.023576080799102783,3.130818121534897,0.033874681124988724,beta,0
0.3358689546585083,0.3789421319961548,0.043073177337646484,2.4540125197989076,0.06935453128721944,beta,0
0.29270005226135254,0.31381261348724365,0.021112561225891113,2.5038521783720595,0.03076792380749865,beta,0
0.3454814553260803,0.3815739154815674,0.03609246015548706,1.817878850595334,0.05836180112550104,beta,0
0.30820369720458984,0.3170274496078491,0.008823752403259277,2.438253069026798,0.012919629636934651,beta,0
0.33705300092697144,0.3490692973136902,0.01201629638671875,3.3626185678704115,0.018460177615111706,beta,0
0.29790520668029785,0.28674793243408203,-0.01115727424621582,1.156887378300897,-0.015642820755208925,beta,0
0.2877267599105835,0.29443037509918213,0.006703615188598633,1.9055110454853421,0.009500997423948008,beta,0
0.24366044998168945,0.25991129875183105,0.0162508487701416,1.997690845452475,0.021957974419463965,beta,0
0.1631435751914978,0.17413181066513062,0.010988235473632812,0.5561610181395781,0.013305071699737488,beta,0
0.24563980102539062,0.2655637264251709,0.019923925399780273,0.987602003866567,0.027128188131015966,beta,0
0.30922240018844604,0.327392041683197,0.018169641494750977,1.0320187304014745,0.02701371767919664,beta,0
0.3120805621147156,0.316709041595459,0.004628479480743408,2.7670302176398742,0.006773804663756616,beta,0
0.24444085359573364,0.24773645401000977,0.003295600414276123,1.989233684514005,0.004380912024573865,beta,0
0.27439093589782715,0.28895121812820435,0.014560282230377197,0.913774891382078,0.020477191722413305,beta,0
0.20270425081253052,0.20419257879257202,0.001488327980041504,2.796359987197044,0.0018702112350037633,beta,0
0.30762189626693726,0.31538188457489014,0.007759988307952881,5.445813561646703,0.011334769170012918,beta,0
0.31113576889038086,0.3302686810493469,0.019132912158966064,3.4718654723619387,0.028568041567689936,beta,0
0.2752736806869507,0.2850801944732666,0.009806513786315918,1.7956508822175659,0.013716942390609456,beta,0
0.23638004064559937,0.2480795979499817,0.011699557304382324,1.0936135822832962,0.015559568901821154,beta,0
0.2785208225250244,0.2904014587402344,0.011880636215209961,1.722110501049503,0.01674275738238978,beta,0
0.22678184509277344,0.23984789848327637,0.01306605339050293,1.436619074578803,0.017188735470746404,beta,0
0.2916654348373413,0.28895139694213867,-0.0027140378952026367,1.9523510009072254,-0.003816951307591252,beta,0
0.2675463557243347,0.26684969663619995,-0.0006966590881347656,2.3022610291253205,-0.0009502268292577833,beta,0
0.2602924704551697,0.2727692723274231,0.012476801872253418,1.9581146036748311,0.017156593358182304,beta,0
0.2468041181564331,0.2709583044052124,0.024154186248779297,0.45701818261982685,0.033131419498679204,beta,0
0.23255819082260132,0.2671090364456177,0.03455084562301636,0.5041984214541239,0.04714322776672167,beta,0
0.21557384729385376,0.22901511192321777,0.013441264629364014,0.8541786154854459,0.017433888571918937,beta,0
0.25402188301086426,0.26652097702026367,0.012499094009399414,1.1516065035178449,0.01704083364050716,beta,0
0.26588910818099976,0.27017074823379517,0.00428164005279541,3.334351612118591,0.005866632561566607,beta,0
0.23473197221755981,0.24157923460006714,0.006847262382507324,0.9692915501424241,0.009028316067923857,beta,0
0.23565727472305298,0.2495010495185852,0.013843774795532227,2.0072270989049192,0.018446094810195275,beta,0
0.23582130670547485,0.25610458850860596,0.020283281803131104,1.8738180132883624,0.027266308529133542,beta,0
0.4064098000526428,0.3990861773490906,-0.007323622703552246,1.656669921564302,-0.012187475853433279,beta,0
0.2569016218185425,0.2805604338645935,0.023658812046051025,1.2498042045897912,0.03288505825880332,beta,0
0.25877147912979126,0.2781532406806946,0.01938176155090332,2.3870766777085977,0.026850243906587787,beta,0
0.25397151708602905,0.26654601097106934,0.012574493885040283,1.1621893840717819,0.017144216369575555,beta,0
0.23679405450820923,0.2512094974517822,0.014415442943572998,0.7821182558190589,0.019251636999288366,beta,0
0.27755606174468994,0.29491209983825684,0.017356038093566895,0.9082641625512782,0.024615424671995532,beta,0
0.24094653129577637,0.25765883922576904,0.016712307929992676,0.7505163438366247,0.02251297491380167,beta,0
0.2550697922706604,0.28325355052948,0.02818375825881958,2.4095056428611565,0.039321796821790586,beta,0
0.267717182636261,0.2653370499610901,-0.0023801326751708984,1.6269113172069871,-0.003239761410378514,beta,0
0.22265034914016724,0.24008625745773315,0.017435908317565918,0.46563814325458897,0.022944588762449078,beta,0
0.2468317151069641,0.25620561838150024,0.009373903274536133,0.8751815471407908,0.012602815383114994,beta,0
0.21300911903381348,0.23385339975357056,0.02084428071975708,0.5923345045660342,0.02720664780480989,beta,0
0.21897560358047485,0.2264992594718933,0.007523655891418457,2.890745854888076,0.00972675977825398,beta,0
0.2342435121536255,0.246487557888031,0.012244045734405518,1.805176461412707,0.01624929470320027,beta,0
0.10965418815612793,0.10822111368179321,-0.0014330744743347168,2.3050438569709426,-0.0016069840812797216,beta,0
0.21845734119415283,0.22450917959213257,0.006051838397979736,2.9152848914324108,0.007803881411254859,beta,0
0.12623828649520874,0.12450170516967773,-0.0017365813255310059,2.3980361753087522,-0.0019835347890284215,beta,0
0.09235870838165283,0.10035467147827148,0.007995963096618652,2.0674132558135834,0.008887905981524287,beta,0
0.126916766166687,0.1265859603881836,-0.00033080577850341797,4.023372778409623,-0.0003787502415812352,beta,0
0.1753314733505249,0.18507933616638184,0.009747862815856934,4.299630502542334,0.011961732286920079,beta,0
0.11835670471191406,0.11964541673660278,0.0012887120246887207,2.3161399847603232,0.0014638556431563953,beta,0
0.1778416633605957,0.1865425705909729,0.008700907230377197,6.303070227436591,0.010696204762304973,beta,0
0.04273015260696411,0.040834665298461914,-0.0018954873085021973,1.255386644278132,-0.0019761841258493906,beta,0
0.046282291412353516,0.049286484718322754,0.0030041933059692383,1.0535632450872783,0.0031599354144861993,beta,0
0.10005271434783936,0.10607379674911499,0.006021082401275635,1.2275077260706728,0.006735547497521769,beta,0
0.10948026180267334,0.10795015096664429,-0.0015301108360290527,1.6857931909583201,-0.0017152750350074198,beta,0
0.0424809455871582,0.04332458972930908,0.0008436441421508789,2.1534075987386623,0.000881849928506232,beta,0
0.11133581399917603,0.12209999561309814,0.01076418161392212,4.570085136687979,0.012261284383338726,beta,0
0.1281130313873291,0.12879735231399536,0.0006843209266662598,1.3921515643915465,0.0007854899528644453,beta,0
0.08244657516479492,0.08163183927536011,-0.0008147358894348145,1.681161919854339,-0.0008871560712557214,beta,0
0.136588454246521,0.13795685768127441,0.001368403434753418,4.884201848261414,0.00158739553460478,beta,0
0.10402846336364746,0.10545217990875244,0.0014237165451049805,1.4466316705786162,0.0015915488396805388,beta,0
0.11827301979064941,0.11882030963897705,0.0005472898483276367,1.816563896139203,0.000621087678613439,beta,0
0.03738117218017578,0.03674417734146118,-0.0006369948387145996,1.1631260240885204,-0.0006612935252823338,beta,0
0.14243078231811523,0.1424252986907959,-5.4836273193359375e-06,2.8136795373688006,-6.3943436192374105e-06,beta,0
0.2569946050643921,0.29810142517089844,0.04110682010650635,0.6917851363401515,0.05856518531401071,beta,0
0.10954546928405762,0.10978841781616211,0.0002429485321044922,3.805241023634382,0.00027291099887568167,beta,0
0.11171436309814453,0.10948222875595093,-0.0022321343421936035,2.1814106421141926,-0.0025065578860659033,beta,0
0.10521697998046875,0.10202789306640625,-0.0031890869140625,3.625829154156105,-0.0035514320427531246,beta,0
0.14925533533096313,0.1577434539794922,0.008488118648529053,2.5814383540768233,0.010077830429022725,beta,0
0.13835543394088745,0.1365717053413391,-0.0017837285995483398,1.901465085081982,-0.002065867670289287,beta,0
0.20932358503341675,0.21315723657608032,0.0038336515426635742,7.98897645282787,0.004872195209601432,beta,0
0.21511805057525635,0.21295702457427979,-0.0021610260009765625,6.130536057427224,-0.0027457534956177453,beta,0
0.2147761583328247,0.2143869400024414,-0.0003892183303833008,4.830965550873225,-0.000495432612060332,beta,0
0.10310709476470947,0.10418534278869629,0.0010782480239868164,2.8765012356833655,0.0012036507946224422,beta,0
0.11847752332687378,0.11764943599700928,-0.000828087329864502,0.8740400489202699,-0.0009385015022914352,beta,0
0.12611109018325806,0.12546676397323608,-0.0006443262100219727,1.7237744972779678,-0.0007367658351663309,beta,0
0.1199309229850769,0.1176193356513977,-0.0023115873336791992,1.022107272439651,-0.0026197166677328276,beta,0
0.190077543258667,0.19346225261688232,0.003384709358215332,9.305192827444282,0.00419659137987939,beta,0
0.154524564743042,0.15579795837402344,0.0012733936309814453,2.8437299541316046,0.0015083991369279606,beta,0
0.11950981616973877,0.12066811323165894,0.001158297061920166,2.0047122513995532,0.0013172467407921008,beta,0
0.14949476718902588,0.15133970975875854,0.001844942569732666,2.319727677372538,0.002173947091607432,beta,0
0.12621331214904785,0.12285220623016357,-0.0033611059188842773,1.0519254871357824,-0.0038318581460928024,beta,0
0.1452992558479309,0.14315247535705566,-0.002146780490875244,1.6987556800628065,-0.002505440500361865,beta,0
0.12543469667434692,0.12390464544296265,-0.0015300512313842773,1.2875543048704612,-0.0017464437214803937,beta,0
0.1351364254951477,0.13509231805801392,-4.410743713378906e-05,1.7055668972305085,-5.099669947982677e-05,beta,0
0.16003644466400146,0.15586084127426147,-0.00417560338973999,0.6740722400360332,-0.004946581788769554,beta,0
0.21274423599243164,0.22436374425888062,0.011619508266448975,1.5389424436264088,0.014980615179400749,beta,0
0.16189360618591309,0.1628769040107727,0.0009832978248596191,0.8732096748857641,0.0011746155727523648,beta,0
0.18852847814559937,0.18606168031692505,-0.0024667978286743164,5.038365842520447,-0.0030306938118294015,beta,0
0.1655442714691162,0.16436433792114258,-0.0011799335479736328,2.540049676677698,-0.001412019138865192,beta,0
0.1088947057723999,0.10843628644943237,-0.0004584193229675293,1.76583230837807,-0.0005141744958887099,beta,0
0.2618544101715088,0.27879416942596436,0.016939759254455566,7.063961637106187,0.02348810635789308,beta,0
0.16722917556762695,0.16941112279891968,0.0021819472312927246,4.417368218691187,0.002626988262406612,beta,0
0.14330202341079712,0.14333665370941162,3.463029861450195e-05,1.693023165236177,4.042462977370696e-05,beta,0
0.18553423881530762,0.1873568892478943,0.00182265043258667,1.87943099868596,0.0022428670205544435,beta,0
0.13458162546157837,0.13366234302520752,-0.0009192824363708496,0.9757539857439975,-0.0010611133303161928,beta,0
0.1324794888496399,0.13122612237930298,-0.001253366470336914,1.1880226145796762,-0.0014426843424085185,beta,0
0.24388957023620605,0.25707608461380005,0.013186514377593994,3.173166363237444,0.017749481615138403,beta,0
0.1202736496925354,0.11744856834411621,-0.0028250813484191895,1.8264530886904486,-0.003201038769059205,beta,0
0.14777380228042603,0.14526844024658203,-0.002505362033843994,2.3380043316491523,-0.00293116827763651,beta,0
0.1289392113685608,0.12929028272628784,0.0003510713577270508,1.9028051517477695,0.0004032013778671195,beta,0
0.11994552612304688,0.1187436580657959,-0.0012018680572509766,1.5356072625379111,-0.0013638120942347895,beta,0
0.14481443166732788,0.14406532049179077,-0.0007491111755371094,1.7771447444281219,-0.0008751966633336121,beta,0
0.14011353254318237,0.13959389925003052,-0.0005196332931518555,0.9362000219296899,-0.0006039395730677865,beta,0
0.18264198303222656,0.18092697858810425,-0.0017150044441223145,2.2440732216555284,-0.0020938358354985697,beta,0
0.12596124410629272,0.1267898678779602,0.0008286237716674805,2.603036224713538,0.0009489397124307212,beta,0
0.1351017951965332,0.1344524621963501,-0.0006493330001831055,1.7019277637638683,-0.0007501991188500234,beta,0
0.12394833564758301,0.11959266662597656,-0.004355669021606445,1.3732477708754887,-0.0049473338720544555,beta,0
0.19694435596466064,0.19279778003692627,-0.004146575927734375,5.998514511801199,-0.0051369728987168345,beta,0
0.21960872411727905,0.2228856086730957,0.0032768845558166504,4.06599842908276,0.00421673384560727,beta,0
0.15926045179367065,0.15920764207839966,-5.2809715270996094e-05,0.7175951754605817,-6.280946154356023e-05,beta,0
0.1792539358139038,0.18767714500427246,0.008423209190368652,5.220874312062481,0.01036928745580223,beta,0
0.19583553075790405,0.19382864236831665,-0.0020068883895874023,7.228194760840005,-0.0024894067130877802,beta,0
0.24202901124954224,0.24679672718048096,0.004767715930938721,7.530089186835412,0.006329919296674579,beta,0
0.2749491333961487,0.2907746434211731,0.015825510025024414,2.223135806556375,0.022313796141417975,beta,0
0.195964515209198,0.19533449411392212,-0.0006300210952758789,14.929467304914604,-0.0007829602371013968,beta,0
0.15099883079528809,0.14985746145248413,-0.001141369342803955,2.9039058851805257,-0.0013425623246120651,beta,0
0.15479683876037598,0.15216058492660522,-0.002636253833770752,1.5047226251973767,-0.0031093787183066263,beta,0
0.18562471866607666,0.18518877029418945,-0.00043594837188720703,2.9174509279760397,-0.0005350299013976614,beta,0
0.14921557903289795,0.14972913265228271,0.0005135536193847656,1.0556765090728948,0.0006039882572793694,beta,0
0.14671432971954346,0.1485772728919983,0.001862943172454834,2.317137808017738,0.0021880355235320403,beta,0
0.1290067434310913,0.12916749715805054,0.00016075372695922852,1.5677133512644994,0.00018459775724334016,beta,0
0.1469704508781433,0.145704448223114,-0.0012660026550292969,2.324289855221408,-0.001481925842170293,beta,0
0.13218528032302856,0.1335153579711914,0.0013300776481628418,1.9417866007881395,0.001535027378037036,beta,0
0.2830316424369812,0.31003719568252563,0.027005553245544434,2.4357386415830886,0.039140592908133494,beta,0
0.1680775284767151,0.16393828392028809,-0.004139244556427002,2.2078426953169084,-0.00495088397999599,beta,0
0.20397037267684937,0.20165753364562988,-0.0023128390312194824,3.717393028927718,-0.002897051238901344,beta,0
0.1716395616531372,0.17620891332626343,0.004569351673126221,2.803846325858186,0.005546735995379758,beta,0
0.19940263032913208,0.20090436935424805,0.0015017390251159668,6.1204890397356335,0.0018792982560828248,beta,0
0.17653673887252808,0.17456293106079102,-0.0019738078117370605,2.4571216851057534,-0.002391227491483576,beta,0
0.16245031356811523,0.16295504570007324,0.0005047321319580078,3.684500682172027,0.000602992861213944,beta,0
0.20051491260528564,0.20237243175506592,0.0018575191497802734,3.4480152543665623,0.0023288051011921265,beta,0
0.15885710716247559,0.15817242860794067,-0.0006846785545349121,1.8723017818762686,-0.0008133239843911466,beta,0
0.1615051031112671,0.1564871072769165,-0.005017995834350586,3.6510626475372208,-0.005948926065790368,beta,0
0.16164010763168335,0.15962284803390503,-0.0020172595977783203,1.8341323804679892,-0.00240042175475483,beta,0
0.16289210319519043,0.16053122282028198,-0.0023608803749084473,0.9178116638090101,-0.002812350428136313,beta,0
0.15394920110702515,0.15137523412704468,-0.0025739669799804688,1.5773424958485136,-0.003033103773883743,beta,0
0.19561785459518433,0.20023924112319946,0.004621386528015137,7.590725281504333,0.005778461216958808,beta,0
0.22348791360855103,0.236516535282135,0.013028621673583984,7.83027171359554,0.017064707063955256,beta,0
0.13979649543762207,0.1381009817123413,-0.0016955137252807617,4.922168633806035,-0.0019671837295385853,beta,0
0.22496747970581055,0.2283872365951538,0.0034197568893432617,4.5027554102336245,0.0044319599824309795,beta,0
0.15010589361190796,0.1538698673248291,0.0037639737129211426,1.6205423962023398,0.0044484572379200815,beta,0
0.14336639642715454,0.14586573839187622,0.0024993419647216797,1.8668648158759686,0.0029261698974772845,beta,0
0.11672651767730713,0.11612367630004883,-0.0006028413772583008,2.3104153342611577,-0.0006820426807392873,beta,0
0.1373390555381775,0.138511061668396,0.0011720061302185059,1.3058593978177868,0.0013604424596423289,beta,0
0.1185489296913147,0.11659574508666992,-0.0019531846046447754,1.43321995123798,-0.0022109748665817787,beta,0
0.1564486026763916,0.1538354754447937,-0.0026131272315979004,4.390864436830784,-0.003088202300813206,beta,0
0.14585727453231812,0.14109963178634644,-0.00475764274597168,1.0605622935780672,-0.005539225411984227,beta,0
0.14551067352294922,0.14493221044540405,-0.000578463077545166,1.666267200749197,-0.0006765113650772495,beta,0
0.17791491746902466,0.17740672826766968,-0.0005081892013549805,2.9931246343371307,-0.0006177891539092771,beta,0
0.11132973432540894,0.11468648910522461,0.003356754779815674,1.9926329287927558,0.0037916000812221236,beta,0
0.1907760500907898,0.20167911052703857,0.01090306043624878,2.6576082593098302,0.013657491091642113,beta,0
0.16392964124679565,0.16200214624404907,-0.001927495002746582,1.780184584906083,-0.0023001192593840748,beta,0
0.22214198112487793,0.22291666269302368,0.000774681568145752,4.2856476548555555,0.000996909251497339,beta,0
0.21656805276870728,0.21880149841308594,0.002233445644378662,6.162888392916197,0.002858998884203793,beta,0
0.11349219083786011,0.11471951007843018,0.0012273192405700684,0.8917056233766456,0.00138636201129746,beta,0
0.149635910987854,0.1495952010154724,-4.07099723815918e-05,2.2090005495415324,-4.787128721545759e-05,beta,0
0.138214111328125,0.14009767770767212,0.0018835663795471191,1.0219979714273653,0.002190442252238495,beta,0
0.08745110034942627,0.08669227361679077,-0.000758826732635498,0.9319704190177138,-0.000830855483551561,beta,0
0.12831133604049683,0.12547868490219116,-0.002832651138305664,0.941031957531332,-0.003239087589293181,beta,0
0.10885345935821533,0.10969364643096924,0.0008401870727539062,1.7692879364114555,0.0009437055788558534,beta,0
0.22149920463562012,0.22138768434524536,-0.00011152029037475586,4.553881569063989,-0.00014322954843191203,beta,0
0.15232336521148682,0.1525898575782776,0.0002664923667907715,1.1309476282245576,0.0003144786136606668,beta,0
0.14725404977798462,0.14936035871505737,0.002106308937072754,2.970598375612809,0.00247614716602091,beta,0
0.1339430809020996,0.13737821578979492,0.0034351348876953125,1.5165948031051946,0.003982202803793596,beta,0
0.13986462354660034,0.1387351155281067,-0.0011295080184936523,1.1407463068915884,-0.0013114525378405961,beta,0
0.12835007905960083,0.12701725959777832,-0.0013328194618225098,0.9952033193045524,-0.0015267420535810606,beta,0
0.14921361207962036,0.14561736583709717,-0.0035962462425231934,2.86543999249132,-0.0042091752555887115,beta,0
0.13071107864379883,0.1291922926902771,-0.0015187859535217285,3.160217620301432,-0.0017441117490954144,beta,0
0.17169463634490967,0.17433834075927734,0.0026437044143676758,2.661298217281296,0.0032019222217473716,beta,0
0.1850864291191101,0.1842758059501648,-0.0008106231689453125,1.8795953493186683,-0.0009937466301211473,beta,0
0.1335606575012207,0.13063234090805054,-0.002928316593170166,0.6138611957394602,-0.0033683293397741287,beta,0
0.16592133045196533,0.17158102989196777,0.005659699440002441,2.564226370681433,0.006831928823725962,beta,0
0.11221027374267578,0.11042332649230957,-0.001786947250366211,1.4998384052206448,-0.0020087613620983313,beta,0
0.11974024772644043,0.11752569675445557,-0.0022145509719848633,2.1842483416917307,-0.0025094792719065435,beta,0
0.1269984245300293,0.12746500968933105,0.0004665851593017578,0.9381873675854859,0.0005347466456739215,beta,0
0.11442434787750244,0.1130596399307251,-0.0013647079467773438,1.5954574821221987,-0.0015386693493920523,beta,0
0.19414007663726807,0.19078963994979858,-0.0033504366874694824,2.5134883655084006,-0.004140377895386349,beta,0
0.1333315372467041,0.13199090957641602,-0.001340627670288086,2.911596563445698,-0.00154448574914563,beta,0
0.10787850618362427,0.1061544418334961,-0.0017240643501281738,1.7003989750103166,-0.0019288168234170699,beta,0
0.1401752233505249,0.14047390222549438,0.0002986788749694824,1.7186288726919865,0.0003474925028371158,beta,0
0.07216525077819824,0.07439261674880981,0.0022273659706115723,3.7735739616782524,0.0024063831068286893,beta,0
0.12845379114151,0.12802982330322266,-0.0004239678382873535,1.0116156597578354,-0.00048621827858085783,beta,0
0.12556368112564087,0.12413418292999268,-0.0014294981956481934,1.308725811996402,-0.0016320972548400465,beta,0
0.1310213804244995,0.13022124767303467,-0.0008001327514648438,0.51702501992253,-0.0009199267622072925,beta,0
0.18983054161071777,0.18829745054244995,-0.0015330910682678223,3.206818352393384,-0.001888735065933163,beta,0
0.13949555158615112,0.13565325736999512,-0.003842294216156006,1.3651111188991414,-0.004445315782026092,beta,0
0.1442641019821167,0.1439341902732849,-0.0003299117088317871,2.118799426740965,-0.0003853812464921429,beta,0
0.14973801374435425,0.14743083715438843,-0.0023071765899658203,1.7592866051037566,-0.0027061459533267427,beta,0
0.21552807092666626,0.21647858619689941,0.0009505152702331543,4.270679569602168,0.0012131324728184383,beta,0
0.12322187423706055,0.12322455644607544,2.682209014892578e-06,1.0482229178311417,3.059174426715811e-06,beta,0
0.18531394004821777,0.1894056797027588,0.004091739654541016,4.522325624503542,0.005047826702067926,beta,0
0.11690425872802734,0.11898279190063477,0.002078533172607422,1.5524551166873422,0.0023592424228483346,beta,0
0.17605441808700562,0.17825865745544434,0.0022042393684387207,2.001008197679627,0.002682400476058809,beta,0
0.1490800380706787,0.14776790142059326,-0.0013121366500854492,2.56691037241463,-0.0015396470659491252,beta,0
0.14865809679031372,0.14792436361312866,-0.0007337331771850586,2.4532874441267083,-0.0008611127297294518,beta,0
0.13767707347869873,0.13527685403823853,-0.002400219440460205,1.3153725227377866,-0.0027757085625256805,beta,0
0.11569356918334961,0.11598414182662964,0.0002905726432800293,2.172042555353194,0.0003286961886412711,beta,0
0.2995545268058777,0.29416126012802124,-0.005393266677856445,1.8874565377541281,-0.007640933223408292,beta,0
0.0845680832862854,0.08330178260803223,-0.0012663006782531738,1.2605141456084954,-0.0013813713763465526,beta,0
0.1243014931678772,0.12178826332092285,-0.0025132298469543457,1.3558638046915785,-0.002861758437046201,beta,0
0.12875455617904663,0.12670278549194336,-0.0020517706871032715,2.4354195100810068,-0.002349452915934318,beta,0
0.16032761335372925,0.1607862114906311,0.00045859813690185547,1.063853912444969,0.0005464616325196803,beta,0
0.11229860782623291,0.1141655445098877,0.0018669366836547852,1.391071659446691,0.0021075457971679945,beta,0
0.12353169918060303,0.12280809879302979,-0.0007236003875732422,0.7969716082705338,-0.0008249054586318066,beta,0
0.19630062580108643,0.19873672723770142,0.0024361014366149902,3.021656990939717,0.0030403258447335322,beta,0
0.1774623990058899,0.1772870421409607,-0.00017535686492919922,3.1376120234878235,-0.00021314464936292426,beta,0
0.22629857063293457,0.2214832901954651,-0.004815280437469482,5.331220006330356,-0.006185198566487382,beta,0
0.15173548460006714,0.14884483814239502,-0.002890646457672119,0.9375877460465855,-0.0033961451298297044,beta,0
0.2244359254837036,0.22804993391036987,0.0036140084266662598,5.004081303220976,0.004681660881219022,beta,0
0.17552399635314941,0.1861933469772339,0.010669350624084473,3.4643332698216636,0.013110424428769077,beta,0
0.16140931844711304,0.16208165884017944,0.0006723403930664062,1.4278313622950043,0.0008023936940391752,beta,0
0.1820034384727478,0.18453216552734375,0.0025287270545959473,0.9361169480408905,0.0031009525424521684,beta,0
0.1627715826034546,0.1615486741065979,-0.0012229084968566895,1.8735154487867463,-0.0014585324861328514,beta,0
0.20275503396987915,0.2027333378791809,-2.1696090698242188e-05,1.7769207873575394,-2.7213091590369707e-05,beta,0
0.21504467725753784,0.21520113945007324,0.0001564621925354004,4.35970112530938,0.00019936597821480488,beta,0
0.17010074853897095,0.17265528440475464,0.0025545358657836914,2.855369165723449,0.0030876318149270984,beta,0
0.2238295078277588,0.22760659456253052,0.0037770867347717285,7.823061105978263,0.00489010743512557,beta,0
0.23650199174880981,0.24048155546188354,0.0039795637130737305,10.052379776679098,0.005239587980636612,beta,0
0.2304360270500183,0.24843382835388184,0.017997801303863525,11.679354068264542,0.02394706146026215,beta,0
0.23821306228637695,0.24332916736602783,0.005116105079650879,5.856072928880752,0.006761335126189165,beta,0
0.19742590188980103,0.19316697120666504,-0.004258930683135986,3.7003439260724136,-0.005278577513745887,beta,0
0.2014802098274231,0.2006591558456421,-0.0008210539817810059,8.934363187277235,-0.0010271638035081502,beta,0
0.08305585384368896,0.08405417203903198,0.0009983181953430176,1.337864697857539,0.001089931483792467,beta,0
0.17454570531845093,0.17286771535873413,-0.0016779899597167969,3.8901817356374604,-0.002028683912930028,beta,0
0.20199763774871826,0.19873160123825073,-0.0032660365104675293,2.1207535741558647,-0.004076083014773504,beta,0
0.13251662254333496,0.12881314754486084,-0.003703474998474121,1.9880386575308024,-0.004251068514219603,beta,0
0.10853254795074463,0.10864460468292236,0.00011205673217773438,1.012027843594294,0.00012571498727269494,beta,0
0.18091481924057007,0.1764582395553589,-0.004456579685211182,2.3165639193619296,-0.0054114799021303004,beta,0
0.16007214784622192,0.16352522373199463,0.003453075885772705,1.4745694128123146,0.004128129124441577,beta,0
0.2886691689491272,0.303297758102417,0.014628589153289795,1.380873373096569,0.0209969026559272,beta,0
0.19649046659469604,0.2013171911239624,0.004826724529266357,4.011037934964499,0.00604335598015295,beta,0
0.19019663333892822,0.18810421228408813,-0.002092421054840088,5.116683483145177,-0.0025772039792528656,beta,0
0.16650539636611938,0.16509580612182617,-0.0014095902442932129,2.736502926197677,-0.0016883257439941608,beta,0
0.16844797134399414,0.16733425855636597,-0.0011137127876281738,3.078428521400721,-0.0013375268516479068,beta,0
0.15378522872924805,0.1491532325744629,-0.004631996154785156,2.864118481678935,-0.005443983960590802,beta,0
0.0670730471611023,0.06910711526870728,0.0020340681076049805,1.2925117435504858,0.0021850721398435926,beta,0
0.13231748342514038,0.13227349519729614,-4.398822784423828e-05,1.6643973823575302,-5.069365474117901e-05,beta,0
0.12419295310974121,0.12298792600631714,-0.0012050271034240723,1.8960093198787207,-0.0013740142686253965,beta,0
0.129608154296875,0.1312805414199829,0.0016723871231079102,2.1953161016935043,0.0019251176045274089,beta,0
0.11472636461257935,0.11345481872558594,-0.0012715458869934082,1.0257814835212793,-0.001434270823248459,beta,0
0.11659866571426392,0.11805790662765503,0.0014592409133911133,2.566810844926715,0.0016545767849806437,beta,0
0.053163230419158936,0.06403505802154541,0.010871827602386475,1.566085244751567,0.011615635495284115,beta,0
0.08049041032791138,0.0770878791809082,-0.003402531147003174,0.9944502124842339,-0.003686733623113976,beta,0
0.13898640871047974,0.14291006326675415,0.003923654556274414,3.9753582752697434,0.004577879622795738,beta,0
0.026292800903320312,0.02780383825302124,0.0015110373497009277,1.1910523985392092,0.0015542515072119636,beta,0
0.08085757493972778,0.08219528198242188,0.0013377070426940918,1.0435348979796373,0.0014575072631828328,beta,0
0.10958671569824219,0.1079024076461792,-0.0016843080520629883,3.4425765446796475,-0.0018880311599304973,beta,0
0.13532209396362305,0.13690215349197388,0.00158005952835083,1.7642905619560527,0.001830684127811848,beta,0
0.15188056230545044,0.15188205242156982,1.4901161193847656e-06,2.073010278388774,1.7569680297880577e-06,beta,0
0.1401016116142273,0.14174234867095947,0.0016407370567321777,2.276801222108243,0.0019117068798529693,beta,0
0.09787595272064209,0.09799379110336304,0.00011783838272094727,1.5776110888631434,0.0001306403232690504,beta,0
0.15796440839767456,0.1595579981803894,0.0015935897827148438,7.135460360942462,0.0018961329624942829,beta,0
0.16541630029678345,0.169874370098114,0.004458069801330566,1.7864489548934805,0.005370355571189235,beta,0
0.11318987607955933,0.11266672611236572,-0.0005231499671936035,1.4653631923429045,-0.0005895755096634093,beta,0
0.1315373182296753,0.12937605381011963,-0.002161264419555664,2.2552071340120743,-0.0024824316273564786,beta,0
0.1219375729560852,0.12126022577285767,-0.0006773471832275391,1.7269130734933296,-0.000770816575161026,beta,0
0.04612290859222412,0.04833775758743286,0.0022148489952087402,1.0205177837231605,0.002327347767411532,beta,0
0.11561644077301025,0.11429804563522339,-0.0013183951377868652,1.2809943600820424,-0.0014885313635018625,beta,0
0.14450037479400635,0.14252638816833496,-0.0019739866256713867,1.8297042250509281,-0.002302096062705321,beta,0
0.12028896808624268,0.1213604211807251,0.0010714530944824219,2.642466940962271,0.0012194455158988534,beta,0
0.037798285484313965,0.03663069009780884,-0.001167595386505127,1.165703451041703,-0.0012119914704607627,beta,0
0.07518172264099121,0.07727700471878052,0.0020952820777893066,1.0832884531538027,0.002270759576280772,beta,0
0.08379954099655151,0.0922168493270874,0.008417308330535889,0.9887228514328026,0.009272377796719833,beta,0
0.15182220935821533,0.14862799644470215,-0.0031942129135131836,1.5392542026337388,-0.0037518416158556648,beta,0
0.15086692571640015,0.14989638328552246,-0.0009705424308776855,3.114228784632092,-0.0011416754520215853,beta,0
0.03970670700073242,0.04042518138885498,0.0007184743881225586,1.111585458140967,0.0007487424369497871,beta,0
0.20933222770690918,0.2221582531929016,0.012826025485992432,7.5646158906327745,0.016489248023317055,beta,0
0.17999738454818726,0.18178308010101318,0.0017856955528259277,4.77800481397553,0.0021824231562534557,beta,0
0.17886769771575928,0.1865050196647644,0.007637321949005127,4.462223916944767,0.009388284050453317,beta,0
0.043002963066101074,0.041320741176605225,-0.0016822218894958496,1.0910647997484275,-0.001754728574769076,beta,0
0.11108368635177612,0.11258536577224731,0.0015016794204711914,4.425519456509231,0.0016921959167125807,beta,0
0.21371597051620483,0.21824723482131958,0.004531264305114746,3.7318993230609423,0.005796288170568943,beta,0
0.11820971965789795,0.1147078275680542,-0.00350189208984375,0.7862043217940626,-0.003955634307963959,beta,0
0.0506821870803833,0.05272406339645386,0.0020418763160705566,1.1275486077017158,0.0021555243168022357,beta,0
0.1681104302406311,0.1640300154685974,-0.004080414772033691,2.5380025199594924,-0.004881054161676559,beta,0
0.10770982503890991,0.10873287916183472,0.0010230541229248047,2.1187144820814003,0.0011478647635545045,beta,0
0.12122178077697754,0.11701583862304688,-0.004205942153930664,1.1596983948622657,-0.004763326838583136,beta,0
0.11415207386016846,0.11455100774765015,0.00039893388748168945,2.1973261650042617,0.000450544176990824,beta,0
0.14434033632278442,0.14277607202529907,-0.0015642642974853516,1.6280485854298603,-0.0018248024191078313,beta,0
0.14359509944915771,0.14075130224227905,-0.002843797206878662,2.827429367815671,-0.0033096322569935587,beta,0
0.17206162214279175,0.16867077350616455,-0.0033908486366271973,4.949343954191414,-0.004078827651625143,beta,0
0.2049649953842163,0.20215201377868652,-0.002812981605529785,7.440834239209368,-0.003525711230847799,beta,0
0.17861729860305786,0.17738759517669678,-0.001229703426361084,2.80698790046692,-0.0014948758603089917,beta,0
0.20590424537658691,0.20319759845733643,-0.0027066469192504883,7.927476426857981,-0.0033968859958381603,beta,0
0.13125616312026978,0.1326286792755127,0.00137251615524292,0.8705803191101981,0.00158238590837486,beta,0
0.14391517639160156,0.14402788877487183,0.00011271238327026367,2.568850355820039,0.0001316776350446064,beta,0
0.12798768281936646,0.12607574462890625,-0.001911938190460205,1.3962862410043955,-0.0021877619012283167,beta,0
0.1228519082069397,0.1243826150894165,0.0015307068824768066,5.310156427051049,0.0017481458327065077,beta,0
0.17851591110229492,0.18178504705429077,0.0032691359519958496,4.3637288161922525,0.0039954488001306,beta,0
0.12349158525466919,0.12249338626861572,-0.0009981989860534668,1.1716212415993756,-0.0011375401283972863,beta,0
0.16552186012268066,0.15844601392745972,-0.007075846195220947,2.3355915811760513,-0.008408071629775422,beta,0
0.14423727989196777,0.1512039303779602,0.006966650485992432,0.9877224240575608,0.008207684666936088,beta,0
0.13686633110046387,0.13612902164459229,-0.000737309455871582,1.6876271604786386,-0.0008534948786857421,beta,0
0.15803033113479614,0.15975821018218994,0.0017278790473937988,0.9730519172916141,0.0020564069394459128,beta,0
0.12290221452713013,0.12566202878952026,0.0027598142623901367,1.3106064117503855,0.0031564616352750914,beta,0
0.1059533953666687,0.10317176580429077,-0.0027816295623779297,1.0441243950995838,-0.0031016302300880864,beta,0
0.12086272239685059,0.11917251348495483,-0.001690208911895752,1.2604351634898963,-0.0019188875662622523,beta,0
0.14321094751358032,0.14087122678756714,-0.0023397207260131836,0.8889228434909188,-0.0027233644116755142,beta,0
0.14631420373916626,0.14528942108154297,-0.001024782657623291,1.2260947425404924,-0.0011989820681990876,beta,0
0.14690840244293213,0.1477915644645691,0.0008831620216369629,3.1824314931818285,0.0010363216143032946,beta,0
0.17176491022109985,0.17981356382369995,0.008048653602600098,8.637774623574332,0.00981320008182875,beta,0
0.15419530868530273,0.15183132886886597,-0.0023639798164367676,3.2735385418731933,-0.002787157669103857,beta,0
0.12095773220062256,0.11807519197463989,-0.002882540225982666,1.0602241763100169,-0.003268464839351449,beta,0
0.11749756336212158,0.11961501836776733,0.002117455005645752,1.1683700097586291,0.002405146668585819,beta,0
0.12866109609603882,0.14543116092681885,0.01677006483078003,1.1535487853335187,0.01962400694245759,beta,0
0.12152016162872314,0.11988502740859985,-0.001635134220123291,1.2964094618691158,-0.0018578643370977103,beta,0
0.18022513389587402,0.17731422185897827,-0.002910912036895752,2.057899823207523,-0.0035383035835059424,beta,0
0.17200499773025513,0.17554432153701782,0.0035393238067626953,2.4418637930452065,0.004292921862532371,beta,0
0.1477290391921997,0.1596771478652954,0.011948108673095703,1.3954239134768112,0.014218474057611858,beta,0
0.17772209644317627,0.17809069156646729,0.0003685951232910156,2.391803352095497,0.0004484620377320178,beta,0
0.10715001821517944,0.1065792441368103,-0.0005707740783691406,0.8186401074094067,-0.0006388636872642164,beta,0
0.11289602518081665,0.11131280660629272,-0.0015832185745239258,1.5094190700558499,-0.0017815251376335818,beta,0
0.15548229217529297,0.15239089727401733,-0.0030913949012756348,2.045850531453605,-0.003647194079598068,beta,0
0.17917543649673462,0.18260222673416138,0.003426790237426758,3.4657778460950612,0.0041923165801337195,beta,0
0.16601431369781494,0.16500645875930786,-0.00100785493850708,1.5815832130680048,-0.0012070212387625637,beta,0
0.08501327037811279,0.08639150857925415,0.0013782382011413574,2.536026845273339,0.0015085654457940396,beta,0
0.08956193923950195,0.0918535590171814,0.0022916197776794434,2.124778564639315,0.002523403356841211,beta,0
0.10552966594696045,0.10528135299682617,-0.00024831295013427734,0.9858683110239992,-0.00027753188219111353,beta,0
0.21565592288970947,0.2198989987373352,0.004243075847625732,6.352012783818466,0.005439136523037307,beta,0
0.09046769142150879,0.0880698561668396,-0.0023978352546691895,1.5120174684667596,-0.0026294067269124932,beta,0
0.14640164375305176,0.15204894542694092,0.00564730167388916,1.5130620107241664,0.006659938263456209,beta,0
0.1718916893005371,0.17316687107086182,0.001275181770324707,2.552821212797853,0.0015422480373715089,beta,0
0.13991689682006836,0.13694804906845093,-0.0029688477516174316,1.7709040214234901,-0.0034399409542067052,beta,0
0.14250367879867554,0.1497354507446289,0.007231771945953369,3.183957517464797,0.008505319846966073,beta,0
0.21745842695236206,0.23268413543701172,0.015225708484649658,6.143054998266484,0.019842817264466704,beta,0
0.18118011951446533,0.18990182876586914,0.008721709251403809,3.411885384020055,0.01076623742788712,beta,0
0.10324859619140625,0.10268783569335938,-0.000560760498046875,1.5972899000759864,-0.0006249335742374323,beta,0
0.18333280086517334,0.18877607583999634,0.005443274974822998,11.493562797922547,0.006709953704162922,beta,0
0.13542801141738892,0.13608455657958984,0.0006565451622009277,1.9309993198226192,0.0007599646090380524,beta,0
0.1347253918647766,0.1359105110168457,0.0011851191520690918,1.9060318241394676,0.0013715236294144946,beta,0
0.1023818850517273,0.10106617212295532,-0.0013157129287719727,1.2033974984842066,-0.001463637130976825,beta,0
0.14659345149993896,0.1452733874320984,-0.0013200640678405762,3.5830570909769284,-0.0015444284153907832,beta,0
0.10281050205230713,0.10294520854949951,0.0001347064971923828,0.9983853187075817,0.0001501652947804537,beta,0
0.10783886909484863,0.11022478342056274,0.0023859143257141113,1.5333227529949491,0.0026814798628425293,beta,0
0.13993299007415771,0.1415143609046936,0.0015813708305358887,2.679212270324577,0.00184204692369971,beta,0
0.11610037088394165,0.11476439237594604,-0.0013359785079956055,1.1641732018481687,-0.0015091784565482314,beta,0
0.09606385231018066,0.09780699014663696,0.0017431378364562988,1.0033941287135284,0.0019321118845064182,beta,0
0.22357183694839478,0.2308974266052246,0.007325589656829834,4.297462347046125,0.009524853914472154,beta,0
0.30920571088790894,0.33183854818344116,0.022632837295532227,1.8200745775458562,0.03387330597118312,beta,0
0.1699957251548767,0.16857999563217163,-0.0014157295227050781,2.7574761443957856,-0.0017027850127103094,beta,0
0.14690113067626953,0.14691400527954102,1.2874603271484375e-05,2.068745761642996,1.5091800066068546e-05,beta,0
0.19067811965942383,0.1953083872795105,0.00463026762008667,3.726114057892625,0.005754089575300443,beta,0
0.21108877658843994,0.21877628564834595,0.007687509059906006,5.38596670552642,0.009840342681207459,beta,0
0.22407293319702148,0.22390389442443848,-0.0001690387725830078,6.4006035101186916,-0.00021780649505726712,beta,0
0.1757776141166687,0.1737881302833557,-0.0019894838333129883,3.3733217697990074,-0.002407958425960761,beta,0
0.2755395770072937,0.28230607509613037,0.00676649808883667,3.5656163788364994,0.00942811114047398,beta,0
0.12487167119979858,0.12258338928222656,-0.0022882819175720215,1.589633404748326,-0.0026079765183611983,beta,0
0.135506272315979,0.13506758213043213,-0.000438690185546875,2.5911885030770487,-0.0005071959108983584,beta,0
0.12083828449249268,0.1216168999671936,0.0007786154747009277,1.3898576390594874,0.0008864190063217832,beta,0
0.2553444504737854,0.29305124282836914,0.03770679235458374,1.6521776585755268,0.0533373769627116,beta,0
0.16681355237960815,0.17030346393585205,0.0034899115562438965,4.5692575306680006,0.0042062506043463515,beta,0
0.10541248321533203,0.10838741064071655,0.0029749274253845215,1.2815571616550894,0.003336569560466073,beta,0
0.17182648181915283,0.1727411150932312,0.0009146332740783691,2.865479064944922,0.0011056191607799382,beta,0
0.20969635248184204,0.2242998480796814,0.014603495597839355,6.859705828057829,0.018826212115193003,beta,0
0.1151004433631897,0.11473512649536133,-0.00036531686782836914,1.6353006368239236,-0.00041266391422731057,beta,0
0.21732747554779053,0.2371506690979004,0.019823193550109863,4.056787721569723,0.025985725813861764,beta,0
0.17331695556640625,0.17346304655075073,0.00014609098434448242,3.8018408011151,0.00017675069908831687,beta,0
0.17576384544372559,0.17481493949890137,-0.0009489059448242188,4.017635469315734,-0.0011499310763672696,beta,0
0.14951694011688232,0.14900213479995728,-0.0005148053169250488,1.852272768904298,-0.0006049431355553804,beta,0
0.21145039796829224,0.21575170755386353,0.004301309585571289,4.975849433333861,0.005484627288323628,beta,0
0.1206926703453064,0.12090593576431274,0.00021326541900634766,1.132131850149732,0.00024259681379121528,beta,0
0.1393619179725647,0.15350329875946045,0.014141380786895752,1.2916479026900307,0.01670577187858096,beta,0
0.11782139539718628,0.11915898323059082,0.001337587833404541,2.3032679864148338,0.0015185349091829375,beta,0
0.18139314651489258,0.18440210819244385,0.0030089616775512695,3.9217381827318176,0.003689271033894785,beta,0
0.1553483009338379,0.15168613195419312,-0.0036621689796447754,5.07473416080336,-0.004316997655692017,beta,0
0.3142353892326355,0.3230358362197876,0.0088004469871521,4.700221589944924,0.012999871275326931,beta,0
0.11693143844604492,0.11413151025772095,-0.0027999281883239746,2.5978388078122086,-0.0031606589699770702,beta,0
0.14189773797988892,0.1387816071510315,-0.003116130828857422,1.8461358321467698,-0.0036182817909276776,beta,0
0.16801124811172485,0.17410039901733398,0.006089150905609131,2.897199821523592,0.00737274954287928,beta,0
0.10461944341659546,0.10202360153198242,-0.002595841884613037,1.643200789109829,-0.0028907684979712646,beta,0
0.1373004913330078,0.13614457845687866,-0.0011559128761291504,0.783233736352114,-0.001338086035351056,beta,0
0.1577875018119812,0.16171562671661377,0.003928124904632568,3.603911776571639,0.004685909734004604,beta,0
0.12175965309143066,0.11984628438949585,-0.0019133687019348145,1.6302582584757337,-0.002173902885370015,beta,0
0.14758557081222534,0.14688104391098022,-0.0007045269012451172,1.0645402009808431,-0.00082582492888788,beta,0
0.20364463329315186,0.2213631272315979,0.017718493938446045,5.5255521225233,0.02275578585875195,beta,0
0.17161834239959717,0.17244255542755127,0.0008242130279541016,2.7774879992097787,0.0009959586894658715,beta,0
0.2886357307434082,0.30272066593170166,0.014084935188293457,1.4039576507405178,0.020199846030305325,beta,0
0.15826910734176636,0.15554529428482056,-0.0027238130569458008,3.3266681708513195,-0.0032255288987216536,beta,0
0.20346951484680176,0.20074158906936646,-0.0027279257774353027,3.196461921331475,-0.003413071092062684,beta,0
0.16180050373077393,0.1608080267906189,-0.0009924769401550293,2.0443958142824323,-0.0011826578087483722,beta,0
0.10630035400390625,0.1055249571800232,-0.0007753968238830566,1.2514937446986185,-0.0008668736261645637,beta,0
0.1339983344078064,0.1346437931060791,0.0006454586982727051,2.710111517350384,0.0007458878703713143,beta,0
0.17393845319747925,0.17314857244491577,-0.0007898807525634766,4.55244076020215,-0.0009552874025979175,beta,0
0.2947806119918823,0.3396751880645752,0.04489457607269287,1.6325182884799252,0.06798862508453378,beta,0
0.15160411596298218,0.15063118934631348,-0.0009729266166687012,2.26238879016833,-0.001145470147320247,beta,0
0.14970213174819946,0.14925634860992432,-0.0004457831382751465,1.5561065969969288,-0.0005239923184225442,beta,0
0.1453668475151062,0.14547312259674072,0.00010627508163452148,4.281143096452561,0.00012436716087558386,beta,0
0.13556170463562012,0.13365113735198975,-0.001910567283630371,2.0496973005659993,-0.002205309392097185,beta,0
0.26424098014831543,0.27214545011520386,0.007904469966888428,5.325987542065634,0.010859958171779701,beta,0
0.12836432456970215,0.12997806072235107,0.0016137361526489258,2.7016464060372583,0.0018548223668804935,beta,0
0.14970940351486206,0.14572232961654663,-0.00398707389831543,3.376189215390548,-0.004667187305183549,beta,0
0.11880898475646973,0.11866766214370728,-0.00014132261276245117,1.32405672148827,-0.00016035110331500714,beta,0
0.16621428728103638,0.1666988730430603,0.0004845857620239258,3.0090104932270427,0.0005815253890193844,beta,0
0.11937308311462402,0.12247925996780396,0.0031061768531799316,2.72768136079769,0.003539719019137903,beta,0
0.2431226372718811,0.2628200054168701,0.019697368144989014,4.21806333079191,0.02671988970092404,beta,0
0.17547231912612915,0.17941153049468994,0.003939211368560791,6.29328612796437,0.004800471265378047,beta,0
0.13635098934173584,0.13441389799118042,-0.00193709135055542,1.892595891887986,-0.0022378956247794315,beta,0
0.08687031269073486,0.08967101573944092,0.0028007030487060547,1.136717566842763,0.003076583407899515,beta,0
0.18047338724136353,0.17927879095077515,-0.001194596290588379,3.390845832171435,-0.001455544559366602,beta,0
0.14913594722747803,0.14475274085998535,-0.004383206367492676,1.1294249269808008,-0.0051250750243855385,beta,0
0.11109590530395508,0.11045753955841064,-0.0006383657455444336,2.203726213547127,-0.0007176338105631677,beta,0
0.11939507722854614,0.12078267335891724,0.0013875961303710938,2.380503255885663,0.001578217453552918,beta,0
0.14310294389724731,0.14629316329956055,0.0031902194023132324,2.0289812729305803,0.0037369027225357234,beta,0
0.09913307428359985,0.09933370351791382,0.00020062923431396484,1.6372702550525122,0.00022275645829937553,beta,0
0.11978161334991455,0.11912637948989868,-0.0006552338600158691,6.945675273822517,-0.0007438454788059524,beta,0
0.15256208181381226,0.15214449167251587,-0.0004175901412963867,2.4988978847249683,-0.0004925251262684402,beta,0
0.13787150382995605,0.14019060134887695,0.0023190975189208984,3.4797422620863796,0.002697222806076696,beta,0
0.1007799506187439,0.1008063554763794,2.6404857635498047e-05,1.003126624808452,2.936504032953541e-05,beta,0
0.11265981197357178,0.10742843151092529,-0.005231380462646484,2.0275489163392106,-0.005861020726329037,beta,0
0.19896960258483887,0.19677555561065674,-0.002194046974182129,6.040553596716874,-0.0027315490576860714,beta,0
0.12247210741043091,0.1250687837600708,0.0025966763496398926,3.3958105000379026,0.0029678634176515833,beta,0
0.1504213809967041,0.14655780792236328,-0.0038635730743408203,4.269821261666052,-0.004527047186330524,beta,0
0.1757071614265442,0.17335397005081177,-0.002353191375732422,4.080447268723275,-0.0028466735343506896,beta,0
0.1758272647857666,0.17873048782348633,0.0029032230377197266,6.9466544272273705,0.0035350429970615336,beta,0
0.17687678337097168,0.17816084623336792,0.0012840628623962402,2.0613317816617918,0.0015624260008922138,beta,0
0.18180924654006958,0.18780207633972168,0.0059928297996521,6.671744719489966,0.007378533760151236,beta,0
0.1708332896232605,0.1729978322982788,0.0021645426750183105,2.3299119359004714,0.0026173361564863595,beta,0
0.19286280870437622,0.2018376588821411,0.008974850177764893,6.014902593407064,0.011244391918059237,beta,0
0.20092767477035522,0.19757139682769775,-0.0033562779426574707,4.879586667494798,-0.0041826499322043615,beta,0
0.2156018614768982,0.21637755632400513,0.0007756948471069336,4.219673253174814,0.0009898833977599305,beta,0
0.20110070705413818,0.2038673758506775,0.0027666687965393066,7.596543856199174,0.003475135564875923,beta,0
0.19474422931671143,0.19751965999603271,0.002775430679321289,4.591546697182471,0.003458565326731329,beta,0
0.15095824003219604,0.15134787559509277,0.0003896355628967285,2.2928474863930193,0.00045912282747179737,beta,0
0.15483206510543823,0.15171778202056885,-0.0031142830848693848,2.9203735370769768,-0.0036712818197314834,beta,0
0.18123847246170044,0.1758750081062317,-0.00536346435546875,2.8241715590364724,-0.006508071479720534,beta,0
0.18248319625854492,0.18447518348693848,0.0019919872283935547,3.822132881484366,0.002442583215199621,beta,0
0.21150898933410645,0.21306252479553223,0.0015535354614257812,8.241355132052368,0.0019741536149643023,beta,0
0.14983201026916504,0.14610964059829712,-0.00372236967086792,2.9023014727521077,-0.004359306355766893,beta,0
0.20245927572250366,0.20320600271224976,0.0007467269897460938,9.805851594174925,0.0009371644268002994,beta,0
0.19613176584243774,0.20892208814620972,0.012790322303771973,6.280933641907891,0.016168220743010612,beta,0
0.1375541090965271,0.13507163524627686,-0.002482473850250244,2.4772981935072895,-0.0028701496579512636,beta,0
0.16004395484924316,0.15914541482925415,-0.0008985400199890137,2.2827721123795053,-0.0010686033421659395,beta,0
0.16314160823822021,0.15955859422683716,-0.0035830140113830566,2.789727011455378,-0.004263252603656371,beta,0
0.20767295360565186,0.20698648691177368,-0.0006864666938781738,6.782092352210644,-0.0008656431227821982,beta,0
0.21142107248306274,0.20977437496185303,-0.0016466975212097168,4.856759340980118,-0.00208383209685237,beta,0
0.15736234188079834,0.15273547172546387,-0.004626870155334473,2.896005221267003,-0.005460951097241314,beta,0
0.12339597940444946,0.12051934003829956,-0.0028766393661499023,2.833756707063747,-0.0032708386859526552,beta,0
0.12376981973648071,0.1242946982383728,0.0005248785018920898,1.8816577854688283,0.0005993780108858645,beta,0
0.14722561836242676,0.14629757404327393,-0.000928044319152832,3.350838577837779,-0.0010870817405875268,beta,0
0.12201666831970215,0.11973565816879272,-0.002281010150909424,4.401120768372522,-0.002591278599521884,beta,0
0.11642783880233765,0.1142314076423645,-0.0021964311599731445,1.3306274265366007,-0.0024796895926586654,beta,0
0.1736384630203247,0.17058277130126953,-0.0030556917190551758,4.406300525293781,-0.0036841430504756197,beta,0
0.1450176239013672,0.1455923318862915,0.0005747079849243164,3.3563984595735104,0.0006726390766050938,beta,0
0.11127102375030518,0.11304551362991333,0.0017744898796081543,1.448073420037973,0.002000654945520777,beta,0
0.17432904243469238,0.17115634679794312,-0.0031726956367492676,3.715209537263921,-0.0038278577925912193,beta,0
0.1483912467956543,0.14233416318893433,-0.006057083606719971,2.255603407104958,-0.0070622885356389446,beta,0
0.17327624559402466,0.16780507564544678,-0.005471169948577881,2.135574153146197,-0.006574385145188546,beta,0
0.15823239088058472,0.15759027004241943,-0.0006421208381652832,3.9960122411517247,-0.0007622429031032406,beta,0
0.29343199729919434,0.3403986692428589,0.04696667194366455,1.389113980699052,0.07120463491144355,beta,0
0.10506939888000488,0.10269170999526978,-0.0023776888847351074,1.4083484288039931,-0.002649801535570983,beta,0
0.25303685665130615,0.25761961936950684,0.004582762718200684,5.754143007622244,0.006173065503574607,beta,0
0.14380943775177002,0.1410738229751587,-0.002735614776611328,2.69689095418864,-0.0031849242109339166,beta,0
0.15297037363052368,0.15013748407363892,-0.0028328895568847656,2.2715972175881602,-0.0033333503993841634,beta,0
0.1456499695777893,0.14776790142059326,0.002117931842803955,2.2962969271108853,0.0024851584988811785,beta,0
0.1682121753692627,0.17240917682647705,0.0041970014572143555,5.761550749962545,0.005071348472812102,beta,0
0.18523657321929932,0.19092673063278198,0.005690157413482666,8.519435095869358,0.007032932156976313,beta,0
0.15628749132156372,0.15729206800460815,0.0010045766830444336,1.5251969016705405,0.001192081674923557,beta,0
0.17382383346557617,0.17000281810760498,-0.0038210153579711914,4.7423252650222025,-0.0046036485922268675,beta,0
0.17364501953125,0.17443561553955078,0.0007905960083007812,4.251159495083876,0.0009576430659826469,beta,0
0.13252007961273193,0.1314811110496521,-0.001038968563079834,1.5380858119681498,-0.0011962532724365774,beta,0
0.12628066539764404,0.12368804216384888,-0.002592623233795166,0.8114529719062592,-0.0029585619716944716,beta,0
0.13267046213150024,0.14318746328353882,0.010517001152038574,1.2990662182598223,0.01227456497350352,beta,0
0.1708804965019226,0.17076480388641357,-0.0001156926155090332,3.058466568526598,-0.00013951725162083682,beta,0
0.18843746185302734,0.18750423192977905,-0.000933229923248291,6.380804475587902,-0.0011485966572660788,beta,0
0.1150854229927063,0.1139490008354187,-0.0011364221572875977,0.9492865520973301,-0.0012825696922175815,beta,0
0.13427019119262695,0.13245344161987305,-0.0018167495727539062,2.0294880884169104,-0.0020941234279646275,beta,0
0.20728522539138794,0.20018887519836426,-0.007096350193023682,4.357682375869808,-0.00887253249294785,beta,0
0.12823528051376343,0.12601399421691895,-0.0022212862968444824,2.3905820111186933,-0.0025415581967519448,beta,0
0.1330430507659912,0.13471800088882446,0.001674950122833252,1.796639429067929,0.001935727455966695,beta,0
0.2445414662361145,0.26240503787994385,0.017863571643829346,11.317993380629687,0.024218673609814792,beta,0
0.15483224391937256,0.1546892523765564,-0.0001429915428161621,4.898197242620182,-0.00016915855289688077,beta,0
0.33549726009368896,0.3753775358200073,0.03988027572631836,3.1961516360999953,0.06384700841439216,beta,0
0.17498737573623657,0.1763080358505249,0.00132066011428833,6.568567237250241,0.0016033422344383468,beta,0
0.10772311687469482,0.10514187812805176,-0.0025812387466430664,4.706022618245556,-0.0028845229020700944,beta,0
0.21381568908691406,0.21490871906280518,0.0010930299758911133,4.306886173673372,0.0013922329828785255,beta,0
0.14114713668823242,0.1408897042274475,-0.0002574324607849121,2.1033143123140574,-0.00029965007060405054,beta,0
0.10670089721679688,0.10831397771835327,0.0016130805015563965,2.4405479937317875,0.0018090229758551616,beta,0
0.1333581805229187,0.1348063349723816,0.0014481544494628906,5.123414284177768,0.001673792247908638,beta,0
0.22035253047943115,0.23967289924621582,0.019320368766784668,8.090217897151053,0.02541060123679737,beta,0
0.109286367893219,0.10852336883544922,-0.0007629990577697754,1.672893960359848,-0.0008558822868671913,beta,0
0.12500447034835815,0.12347143888473511,-0.0015330314636230469,2.5330069507262856,-0.001748980616983513,beta,0
0.17196547985076904,0.17364847660064697,0.0016829967498779297,7.241455214677804,0.0020366595839923,beta,0
0.22203510999679565,0.23783057928085327,0.015795469284057617,5.590417859633028,0.020724354526259745,beta,0
0.1413920521736145,0.13986605405807495,-0.0015259981155395508,3.2512851501806774,-0.0017741400891560487,beta,0
0.18926680088043213,0.19328075647354126,0.004013955593109131,4.44987409739855,0.004975653705200701,beta,0
0.12350219488143921,0.12197726964950562,-0.0015249252319335938,3.684395448198845,-0.0017367719299531859,beta,0
0.12143021821975708,0.1305452585220337,0.009115040302276611,2.8455081460525737,0.010483628264286836,beta,0
0.14741289615631104,0.1582852005958557,0.010872304439544678,1.2759173880587356,0.012916850751871366,beta,0
0.12791693210601807,0.12668341398239136,-0.001233518123626709,0.49669767506229767,-0.001412452418030496,beta,0
0.17413544654846191,0.17292791604995728,-0.0012075304985046387,1.2622814051151132,-0.0014600063548724207,beta,0
0.19607067108154297,0.21221059560775757,0.0161399245262146,1.1252783749939355,0.02048761310602559,beta,0
0.18007296323776245,0.17983794212341309,-0.00023502111434936523,0.9904913874642387,-0.0002865544828516437,beta,0
0.17880189418792725,0.176935613155365,-0.0018662810325622559,1.1021248683683986,-0.0022674787809942535,beta,0
0.19621634483337402,0.19453656673431396,-0.0016797780990600586,0.8082981633114954,-0.0020854802709659144,beta,0
0.2936587333679199,0.34572404623031616,0.05206531286239624,6.401929174531509,0.07957699280008097,beta,0
0.20365899801254272,0.20424312353134155,0.0005841255187988281,2.3601013343606843,0.0007340502307576785,beta,0
0.1988314986228943,0.20279771089553833,0.003966212272644043,2.537393612703724,0.004975164179595487,beta,0
0.22176110744476318,0.22739660739898682,0.005635499954223633,13.091826096425352,0.007294169308849917,beta,0
0.17184334993362427,0.1787247657775879,0.006881415843963623,2.681345971038257,0.008378939918331989,beta,0
0.20994466543197632,0.21514010429382324,0.005195438861846924,1.3065033777456474,0.0066195748951758246,beta,0
0.24265778064727783,0.2423079013824463,-0.00034987926483154297,2.509017422885314,-0.00046176971552153547,beta,0
0.1756623387336731,0.17750108242034912,0.0018387436866760254,0.8030191509379376,0.002235557576278465,beta,0
0.15700817108154297,0.15679633617401123,-0.00021183490753173828,1.0975970715078232,-0.00025122626551520114,beta,0
0.18036144971847534,0.17758285999298096,-0.0027785897254943848,0.9967668653642566,-0.0033785649524165685,beta,0
0.17877095937728882,0.18569159507751465,0.00692063570022583,0.7016616949038572,0.008498789473853718,beta,0
0.19669479131698608,0.19343715906143188,-0.0032576322555541992,3.443085368976263,-0.004038906939679256,beta,0
0.15844154357910156,0.15898066759109497,0.0005391240119934082,1.1457624733159268,0.0006410364081039758,beta,0
0.2239360213279724,0.226124107837677,0.00218808650970459,1.3336237445981691,0.0028274385232375625,beta,0
0.13459903001785278,0.13525539636611938,0.0006563663482666016,0.9414782856842148,0.0007590291347391823,beta,0
0.14096325635910034,0.13510537147521973,-0.005857884883880615,0.7794185199524893,-0.006772946311242792,beta,0
0.13392335176467896,0.13007020950317383,-0.003853142261505127,1.1409651918685566,-0.004429256594724221,beta,0
0.14489179849624634,0.14661186933517456,0.0017200708389282227,0.9902940758892683,0.002015578582734933,beta,0
0.19629979133605957,0.19486504793167114,-0.0014347434043884277,1.0902946714132784,-0.0017819912061980217,beta,0
0.21256011724472046,0.21228653192520142,-0.00027358531951904297,0.6483408042167823,-0.0003473157824604622,beta,0
0.14252930879592896,0.14211177825927734,-0.00041753053665161133,0.831423399006258,-0.00048669573269628184,beta,0
0.17730003595352173,0.17637091875076294,-0.0009291172027587891,2.186818242070349,-0.0011280772181447905,beta,0
0.24622803926467896,0.24685543775558472,0.0006273984909057617,2.5566581281757235,0.0008330385989060018,beta,0
0.1687975525856018,0.17046940326690674,0.0016718506813049316,0.9782986584438915,0.0020154177409357934,beta,0
0.18759530782699585,0.19382452964782715,0.006229221820831299,2.2885948399389853,0.007726880871369233,beta,0
0.21550387144088745,0.21749264001846313,0.0019887685775756836,10.046763151119308,0.00254153338266698,beta,0
0.16608697175979614,0.1660570502281189,-2.9921531677246094e-05,1.089530973781108,-3.587959066676073e-05,beta,0
0.15183472633361816,0.1469130516052246,-0.004921674728393555,1.1846852608232898,-0.005769253342410761,beta,0
0.17864632606506348,0.17646872997283936,-0.002177596092224121,0.7457659013469139,-0.002644217859696211,beta,0
0.17988872528076172,0.17673206329345703,-0.0031566619873046875,0.6564931425077949,-0.003834306969287317,beta,0
0.17642498016357422,0.17430323362350464,-0.00212174654006958,1.1021863930064524,-0.0025696437560010026,beta,0
0.2077956199645996,0.2041919231414795,-0.003603696823120117,1.7656889073562014,-0.004528349143358576,beta,0
0.2073129415512085,0.2137281894683838,0.006415247917175293,2.084723050827072,0.008159071495692817,beta,0
0.2034435272216797,0.20147454738616943,-0.001968979835510254,2.0250976083987307,-0.0024657696621505926,beta,0
0.22262823581695557,0.2235199213027954,0.0008916854858398438,8.221004379944816,0.0011483687866608676,beta,0
0.18464690446853638,0.18011689186096191,-0.004530012607574463,0.5111150858218433,-0.005525193241090961,beta,0
0.2074592113494873,0.2153952717781067,0.007936060428619385,6.296691733063363,0.010114724195716285,beta,0
0.16693437099456787,0.16768306493759155,0.0007486939430236816,1.152224771656483,0.0008995298683518236,beta,0
0.21363186836242676,0.2286577820777893,0.015025913715362549,4.137736363129618,0.019480216907922315,beta,0
0.20765960216522217,0.2059178352355957,-0.0017417669296264648,1.0010353601675646,-0.00219343413932893,beta,0
0.1280035376548767,0.12333446741104126,-0.004669070243835449,1.1881500177913613,-0.0053259425291271615,beta,0
0.15793925523757935,0.1580289602279663,8.970499038696289e-05,1.1780154964717517,0.00010654165778819518,beta,0
0.11922967433929443,0.11810868978500366,-0.0011209845542907715,1.146651233410675,-0.001271114185281502,beta,0
0.17459523677825928,0.17068326473236084,-0.0039119720458984375,0.7335789255031153,-0.004717102500814669,beta,0
0.19444715976715088,0.1870144009590149,-0.007432758808135986,1.3139195609848222,-0.009142546703045939,beta,0
0.1354842185974121,0.1345614790916443,-0.0009227395057678223,1.174593158832995,-0.0010662103470958561,beta,0
0.1316143274307251,0.12687814235687256,-0.004736185073852539,0.6366513232083282,-0.005424426192510196,beta,0
0.17035484313964844,0.16968953609466553,-0.0006653070449829102,1.2189209291288632,-0.0008012750337429967,beta,0
0.16574984788894653,0.16573083400726318,-1.901388168334961e-05,1.2777927220175136,-2.2791063673945185e-05,beta,0
0.23061883449554443,0.23081070184707642,0.00019186735153198242,1.2367527150202386,0.0002494410049551119,beta,0
0.24930047988891602,0.241965651512146,-0.0073348283767700195,2.031032701106636,-0.009676116117167672,beta,0
0.1618661880493164,0.16050750017166138,-0.0013586878776550293,1.5837656792508008,-0.0016184633905995075,beta,0
0.13451528549194336,0.13730347156524658,0.0027881860733032227,3.4800626959543552,0.003231943077784271,beta,0
0.12957096099853516,0.12701064348220825,-0.0025603175163269043,0.6161036693020084,-0.002932816416616557,beta,0
0.13647735118865967,0.13361984491348267,-0.002857506275177002,0.8272241383101937,-0.0032982129823733663,beta,0
0.12842613458633423,0.12604886293411255,-0.0023772716522216797,0.8822981082187094,-0.0027201425244469434,beta,0
0.17367684841156006,0.1738879680633545,0.0002111196517944336,1.2174766369351395,0.0002555581369508783,beta,0
0.19956958293914795,0.19752299785614014,-0.0020465850830078125,0.9559904267438298,-0.0025503348725761012,beta,0
0.15555673837661743,0.15560263395309448,4.589557647705078e-05,1.0259702920268652,5.435305499816223e-05,beta,0
0.12030893564224243,0.12334954738616943,0.003040611743927002,1.1012641412291022,0.0034684425643779467,beta,0
0.2605769634246826,0.2768300175666809,0.01625305414199829,5.651233350266792,0.022474735590255125,beta,0
0.14057224988937378,0.13968431949615479,-0.0008879303932189941,0.9179723454138903,-0.0010320983487119243,beta,0
0.18001651763916016,0.17554688453674316,-0.004469633102416992,3.263224874919902,-0.0054213308417247275,beta,0
0.23142647743225098,0.22932219505310059,-0.0021042823791503906,2.3586997246907813,-0.0027304307528298135,beta,0
0.15782320499420166,0.16354936361312866,0.005726158618927002,0.8439043723075947,0.006845781890562834,beta,0
0.13526463508605957,0.13069403171539307,-0.004570603370666504,1.0207922069597406,-0.005257761406706584,beta,0
0.17755591869354248,0.17471468448638916,-0.0028412342071533203,0.9473362021552876,-0.003442729627856152,beta,0
0.17815250158309937,0.17732977867126465,-0.0008227229118347168,0.9430452364103449,-0.0010000640481502981,beta,0
0.13746267557144165,0.13580560684204102,-0.0016570687294006348,1.0290650837882092,-0.001917472205929659,beta,0
0.10691052675247192,0.1059800386428833,-0.000930488109588623,0.8746537322011744,-0.001040791201324127,beta,0
0.2023424506187439,0.19624847173690796,-0.0060939788818359375,1.7889032841048405,-0.0075819188736163685,beta,0
0.1304578185081482,0.1294148564338684,-0.0010429620742797852,1.2286109951435307,-0.0011980012316860304,beta,0
0.11901384592056274,0.11703711748123169,-0.0019767284393310547,1.4303820156922193,-0.00223874466126161,beta,0
0.14494061470031738,0.14589613676071167,0.0009555220603942871,1.015719300750649,0.0011187422297451724,beta,0
0.13352704048156738,0.13309526443481445,-0.0004317760467529297,1.4558004306190384,-0.0004980663146007962,beta,0
0.1503760814666748,0.14809072017669678,-0.0022853612899780273,0.9688451253716903,-0.0026826345763624505,beta,0
0.17431151866912842,0.1752573847770691,0.0009458661079406738,0.9022863641572249,0.0011468621730974854,beta,0
0.1685740351676941,0.1639695167541504,-0.004604518413543701,1.3233280907266585,-0.00550759632073088,beta,0
0.19254648685455322,0.18504667282104492,-0.007499814033508301,1.482274505629042,-0.009202752824471163,beta,0
0.15575873851776123,0.15636008977890015,0.000601351261138916,1.4543532028351183,0.0007128056103715088,beta,0
0.20357710123062134,0.20686519145965576,0.003288090229034424,2.0877815849311663,0.004145688971948795,beta,0
0.11955630779266357,0.11923670768737793,-0.00031960010528564453,0.6957971256563134,-0.0003628671949377793,beta,0
0.15889394283294678,0.1535056233406067,-0.005388319492340088,0.7889777024011754,-0.006365452200172386,beta,0
0.16161185503005981,0.16765928268432617,0.006047427654266357,1.856941909428464,0.007265567487518225,beta,0
0.17647713422775269,0.1800541877746582,0.0035770535469055176,2.184174942027489,0.004362548711843964,beta,0
0.1701861023902893,0.16649788618087769,-0.003688216209411621,1.0847351862485473,-0.0044249632343607926,beta,0
0.20212697982788086,0.20689159631729126,0.0047646164894104,2.5971982252005463,0.006007522385699666,beta,0
0.15591245889663696,0.153608500957489,-0.0023039579391479492,1.13596542649627,-0.00272209484825205,beta,0
0.14510858058929443,0.14567267894744873,0.0005640983581542969,1.2337821058925056,0.0006602836456866608,beta,0
0.18272781372070312,0.18504637479782104,0.00231856107711792,2.177384133572468,0.0028450221036107623,beta,0
0.1921716332435608,0.19692742824554443,0.004755795001983643,2.4511983783370206,0.005921999043739918,beta,0
0.1914650797843933,0.19013148546218872,-0.0013335943222045898,1.271632128572623,-0.0016466800452980528,beta,0
0.2658958435058594,0.3383522033691406,0.07245635986328125,3.0955873409544075,0.10950895662651991,beta,0
0.1546383500099182,0.15415257215499878,-0.0004857778549194336,1.2296088067345226,-0.0005743090762326594,beta,0
0.23312807083129883,0.2464950680732727,0.013366997241973877,1.6474961706956448,0.01773976078403919,beta,0
0.1599927544593811,0.1625646948814392,0.0025719404220581055,1.158682975453183,0.0030712108820083483,beta,0
0.20865720510482788,0.21315884590148926,0.004501640796661377,2.5796117980524365,0.005721155754516854,beta,0
0.1498834490776062,0.17618900537490845,0.026305556297302246,1.1004561094255638,0.03193154311963711,beta,0
0.11968189477920532,0.11441218852996826,-0.0052697062492370605,1.2806293285634005,-0.005950518041220113,beta,0
0.1513029932975769,0.14948105812072754,-0.0018219351768493652,0.7882497464042535,-0.0021421453269737773,beta,0
0.2416442632675171,0.23642998933792114,-0.005214273929595947,1.0909593648836289,-0.0068288092208790875,beta,0
0.1914762258529663,0.1962682008743286,0.004791975021362305,1.2780465583069127,0.00596215681222914,beta,0
0.18632078170776367,0.18084633350372314,-0.005474448204040527,0.8169524594458734,-0.006683054020201238,beta,0
0.1487746238708496,0.14682799577713013,-0.0019466280937194824,1.2256986419319236,-0.002281636157872539,beta,0
0.18524396419525146,0.1889801025390625,0.003736138343811035,1.6857139200535691,0.004606716007224699,beta,0
0.17562609910964966,0.17356383800506592,-0.0020622611045837402,1.181795831388391,-0.0024953664897790153,beta,0
0.14864516258239746,0.14634305238723755,-0.002302110195159912,1.064277630456119,-0.0026967626768548245,beta,0
0.1368858814239502,0.13377225399017334,-0.0031136274337768555,2.2252847778576177,-0.0035944674459106206,beta,0
0.16846036911010742,0.16673964262008667,-0.001720726490020752,0.8678489360323403,-0.0020650526270460877,beta,0
0.11933404207229614,0.12262946367263794,0.003295421600341797,1.2260202747117348,0.003756020362999993,beta,0
0.12661117315292358,0.1270962953567505,0.0004851222038269043,0.779282935199159,0.0005557568392096249,beta,0
0.16042065620422363,0.1646093726158142,0.004188716411590576,0.9162258100504499,0.005014081166683042,beta,0
0.15339767932891846,0.1602497696876526,0.006852090358734131,3.9185964611150763,0.008159676665031073,beta,0
0.18071997165679932,0.1913568377494812,0.010636866092681885,1.6030424158016077,0.013153967768772857,beta,0
0.16657936573028564,0.16367113590240479,-0.0029082298278808594,0.6410777510417314,-0.0034773758897091995,beta,0
0.1325400471687317,0.13308554887771606,0.000545501708984375,1.0036293694538507,0.000629245144406329,beta,0
0.20516479015350342,0.2120732069015503,0.006908416748046875,1.3503444622375549,0.008767840881359245,beta,0
0.1674765944480896,0.16538357734680176,-0.002093017101287842,2.0942373480194263,-0.002507759306525816,beta,0
0.12612760066986084,0.1268656849861145,0.0007380843162536621,1.3652428894184823,0.000845327349483366,beta,0
0.1165657639503479,0.11084294319152832,-0.00572282075881958,0.9934425898520909,-0.006436231613974921,beta,0
0.14229708909988403,0.14670276641845703,0.004405677318572998,1.034807452386935,0.005163121530443801,beta,0
0.1638091802597046,0.16575229167938232,0.0019431114196777344,0.9010358043294872,0.0023291780130739763,beta,0
0.14736342430114746,0.145035982131958,-0.002327442169189453,0.8386367318642379,-0.002722269148815428,beta,0
0.15283805131912231,0.1491411328315735,-0.003696918487548828,1.099723744026354,-0.004344925615985885,beta,0
0.16518598794937134,0.1696707010269165,0.004484713077545166,1.1831736230653545,0.005401125894379099,beta,0
0.130112886428833,0.12867248058319092,-0.0014404058456420898,0.796438798582295,-0.0016531164384732992,beta,0
0.1497328281402588,0.14445894956588745,-0.005273878574371338,0.9975788920216396,-0.0061643781694581505,beta,0
0.23548996448516846,0.23359131813049316,-0.001898646354675293,0.9672374338078373,-0.0024773288711238367,beta,0
0.18297874927520752,0.18055510520935059,-0.0024236440658569336,0.9353529306953998,-0.0029576657091458514,beta,0
0.18014788627624512,0.18673491477966309,0.006587028503417969,1.6869149995037716,0.008099485177865903,beta,0
0.1541910171508789,0.15306633710861206,-0.0011246800422668457,1.2407849472339372,-0.0013279434878373424,beta,0
0.16642040014266968,0.16523993015289307,-0.0011804699897766113,1.5525171729967011,-0.0014141428566328334,beta,0
0.182600200176239,0.17810672521591187,-0.0044934749603271484,1.2266457970328504,-0.005467224392981664,beta,0
0.1099863052368164,0.11182725429534912,0.0018409490585327148,1.0408748519406454,0.002072737614879365,beta,0
0.18380844593048096,0.1860487461090088,0.002240300178527832,0.8379715963740534,0.002752376346640367,beta,0
0.18980318307876587,0.19123750925064087,0.001434326171875,0.7643151340423162,0.0017734825591948814,beta,0
0.3448944687843323,0.33747798204421997,-0.007416486740112305,4.334491253253451,-0.011194324926733706,beta,0
0.261746883392334,0.27734673023223877,0.015599846839904785,3.082545465178648,0.021586904110899686,beta,0
0.24583762884140015,0.24939626455307007,0.003558635711669922,1.65992103377127,0.004741031177457455,beta,0
0.2162286639213562,0.22842401266098022,0.012195348739624023,4.007936278453833,0.01580576500531445,beta,0
0.32109546661376953,0.3911610245704651,0.07006555795669556,5.107058185845246,0.115080605520145,beta,0
0.1697649359703064,0.17195868492126465,0.002193748950958252,0.8888605352663449,0.0026493230603471234,beta,0
0.20010238885879517,0.19726401567459106,-0.0028383731842041016,0.9629961148643388,-0.0035358738609299676,beta,0
0.25231069326400757,0.24909061193466187,-0.003220081329345703,1.933063597245695,-0.004288242204085371,beta,0
0.17982304096221924,0.17656850814819336,-0.003254532814025879,0.7664375096349932,-0.003952402654295859,beta,0
0.2607272267341614,0.2568092942237854,-0.0039179325103759766,10.493577783163563,-0.005271772749477471,beta,0
0.10841429233551025,0.10781735181808472,-0.0005969405174255371,0.9940549020694213,-0.0006690788244335161,beta,0
0.16038227081298828,0.1619875431060791,0.0016052722930908203,1.3349914224915562,0.0019155709200800368,beta,0
0.18982625007629395,0.18760627508163452,-0.002219974994659424,0.8487460358461619,-0.002732634345350835,beta,0
0.19058489799499512,0.18767940998077393,-0.0029054880142211914,0.876312870194526,-0.0035767750441391914,beta,0
0.20925754308700562,0.21942365169525146,0.01016610860824585,1.6831110885713638,0.013023849147267336,beta,0
0.17477118968963623,0.1738051176071167,-0.0009660720825195312,0.8332066659866203,-0.001169302912796465,beta,0
0.15117347240447998,0.14940011501312256,-0.0017733573913574219,0.689477821788361,-0.0020848314497300693,beta,0
0.23323982954025269,0.2385573387145996,0.005317509174346924,2.443553865548397,0.006983466312972764,beta,0
0.14765560626983643,0.14993029832839966,0.0022746920585632324,1.851442490368719,0.00267588887604183,beta,0
0.15466296672821045,0.15370875597000122,-0.0009542107582092285,0.9617764026088014,-0.0011275205373333678,beta,0
0.13570022583007812,0.13699555397033691,0.001295328140258789,1.187885946560206,0.0015009518736758237,beta,0
0.1538534164428711,0.15339291095733643,-0.00046050548553466797,1.4977064104910596,-0.0005439423925157582,beta,0
0.1596861481666565,0.15680080652236938,-0.0028853416442871094,1.1659589633753524,-0.0034218980124815015,beta,0
0.16435402631759644,0.16119670867919922,-0.003157317638397217,1.0047724206752537,-0.0037640739742754526,beta,0
0.1664334535598755,0.1664806604385376,4.7206878662109375e-05,2.9092832714172276,5.663561290245073e-05,beta,0
0.13396614789962769,0.13276439905166626,-0.0012017488479614258,1.1056357774524983,-0.0013857236103399092,beta,0
0.19218862056732178,0.2048332691192627,0.012644648551940918,1.001537323688531,0.01590188329174126,beta,0
0.19721472263336182,0.20873069763183594,0.011515974998474121,3.0341203421270397,0.014553799779680996,beta,0
0.13083285093307495,0.1289007067680359,-0.0019321441650390625,0.8639910068994727,-0.0022180527295234,beta,0
0.19888466596603394,0.2092362642288208,0.010351598262786865,2.334138711942244,0.013090633516080048,beta,0
0.16005545854568481,0.15695875883102417,-0.0030966997146606445,0.9273515698159559,-0.0036732481917097037,beta,0
0.1716599464416504,0.17371392250061035,0.002053976058959961,1.2164293383804037,0.0024857928929118115,beta,0
0.15384626388549805,0.15550076961517334,0.001654505729675293,1.319127054821528,0.0019591559946376238,beta,0
0.11727237701416016,0.11616945266723633,-0.0011029243469238281,1.041162566171185,-0.0012478911825940491,beta,0
0.11330252885818481,0.11306250095367432,-0.00024002790451049805,1.3158968312338335,-0.0002706255004085256,beta,0
0.12481909990310669,0.1259579062461853,0.0011388063430786133,0.9129318205288518,0.0013029193344541285,beta,0
0.17043185234069824,0.1713992953300476,0.0009674429893493652,0.889462477848667,0.0011675623540951686,beta,0
0.17313820123672485,0.1725146770477295,-0.0006235241889953613,1.1348622385714717,-0.0007535169164943924,beta,0
0.1697879433631897,0.1710052490234375,0.0012173056602478027,1.4949827231871824,0.0014684117828415763,beta,0
0.14152169227600098,0.1464247703552246,0.004903078079223633,1.9543579140995186,0.005744166312398852,beta,0
0.14838361740112305,0.14998257160186768,0.001598954200744629,1.2120947091226386,0.0018810840193687283,beta,0
0.20283293724060059,0.2119646668434143,0.00913172960281372,2.4727463268742116,0.011587969750335053,beta,0
0.20418381690979004,0.20576387643814087,0.00158005952835083,2.5377469986021053,0.001989407786269957,beta,0
0.23185354471206665,0.2291622757911682,-0.0026912689208984375,1.2737448599527277,-0.0034913560096720584,beta,0
0.1718440055847168,0.17151570320129395,-0.00032830238342285156,1.0750581581942753,-0.0003962686857088591,beta,0
0.1276487112045288,0.14538490772247314,0.017736196517944336,1.2687660255575488,0.02075343236763797,beta,0
0.1140066385269165,0.12683773040771484,0.01283109188079834,1.3746967429052532,0.014694968309601486,beta,0
0.1971144676208496,0.19664400815963745,-0.0004704594612121582,1.9019496792203627,-0.0005856176663777778,beta,0
0.18397188186645508,0.1919500231742859,0.00797814130783081,1.0730927708723965,0.009873326572165216,beta,0
0.14996683597564697,0.15945684909820557,0.009490013122558594,1.7323352927932547,0.011290334246822466,beta,0
0.16326367855072021,0.1792290210723877,0.01596534252166748,1.3527485450773433,0.01945164111738841,beta,0
0.12489759922027588,0.1261124610900879,0.0012148618698120117,0.8286374009887965,0.0013901810195479285,beta,0
0.11664485931396484,0.12413269281387329,0.007487833499908447,1.6433104731157608,0.00854905011121421,beta,0
0.17125147581100464,0.1711786389350891,-7.283687591552734e-05,2.579631370697939,-8.788006600353893e-05,beta,0
0.11238569021224976,0.11189937591552734,-0.0004863142967224121,0.7762014087459314,-0.0005475891847545372,beta,0
0.15031689405441284,0.15868687629699707,0.008369982242584229,2.0177257589032616,0.009948712324543469,beta,0
0.13910692930221558,0.13851863145828247,-0.0005882978439331055,0.7448432109379622,-0.000682890965975217,beta,0
0.188839852809906,0.18699419498443604,-0.0018456578254699707,1.9681361183374166,-0.002270165617617746,beta,0
0.16594117879867554,0.16516906023025513,-0.0007721185684204102,1.0029514521476055,-0.000924880154338037,beta,0
0.16101229190826416,0.1620658040046692,0.0010535120964050293,2.3322531402641307,0.0012572730668350713,beta,0
0.11814761161804199,0.11747986078262329,-0.0006677508354187012,0.8969588901910879,-0.0007566409034142449,beta,0
0.1558191180229187,0.15566694736480713,-0.00015217065811157227,2.9848295553512982,-0.00018022586897035753,beta,0
0.10951149463653564,0.10782212018966675,-0.0016893744468688965,0.8934363209195643,-0.0018935399376053103,beta,0
0.16117805242538452,0.16236156225204468,0.0011835098266601562,1.976894527818777,0.0014129125089365506,beta,0
0.1858615279197693,0.18064618110656738,-0.005215346813201904,1.0683840261368487,-0.006365194977971081,beta,0
0.11432206630706787,0.11187613010406494,-0.0024459362030029297,1.0778738806201773,-0.002754048490206135,beta,0
0.2405533790588379,0.24802446365356445,0.0074710845947265625,1.2194036746858359,0.009935276127499752,beta,0
0.1774255633354187,0.1765241026878357,-0.0009014606475830078,1.2563472377562246,-0.0010947019220907215,beta,0
0.1295856237411499,0.1318318247795105,0.0022462010383605957,1.779541330840635,0.002587287927008066,beta,0
0.1318650245666504,0.1318809986114502,1.5974044799804688e-05,0.8143241592559857,1.840075470558106e-05,beta,0
0.1424504518508911,0.14951956272125244,0.007069110870361328,3.1835435282639923,0.00831190296743346,beta,0
0.12197154760360718,0.12320613861083984,0.001234591007232666,1.0206530649399619,0.0014080744193129102,beta,0
0.17123401165008545,0.17447364330291748,0.0032396316528320312,0.946047589630034,0.003924322496248024,beta,0
0.16820240020751953,0.1652590036392212,-0.00294339656829834,0.9313775681979182,-0.0035261195761687385,beta,0
0.10412991046905518,0.1025855541229248,-0.001544356346130371,0.9369593641063094,-0.0017208953491059712,beta,0
0.1773574948310852,0.18835687637329102,0.01099938154220581,2.2673946633782522,0.01355199252234982,beta,0
0.1264744997024536,0.12262558937072754,-0.0038489103317260742,0.8636587149059465,-0.004386850454147107,beta,0
0.11564940214157104,0.11612868309020996,0.000479280948638916,0.7388770969555538,0.0005422519539547775,beta,0
0.1910228729248047,0.19113373756408691,0.00011086463928222656,1.2743589137868252,0.00013706176710641388,beta,0
0.1495952010154724,0.1482909917831421,-0.0013042092323303223,0.8084910054132002,-0.0015312850043242127,beta,0
0.1461217999458313,0.146298348903656,0.00017654895782470703,1.2314152926815263,0.0002068040486954414,beta,0
0.21430760622024536,0.2188723087310791,0.00456470251083374,1.266892029510395,0.005843734080683408,beta,0
0.1451438069343567,0.14357680082321167,-0.0015670061111450195,1.0778102333114865,-0.001829710022628133,beta,0
0.1950414776802063,0.20918065309524536,0.014139175415039062,1.0748358817018562,0.017879147077495522,beta,0
0.18227946758270264,0.1791001558303833,-0.003179311752319336,1.121538044451039,-0.003872959380977075,beta,0
0.1554911732673645,0.15466153621673584,-0.0008296370506286621,1.0251003276448614,-0.0009814258858110735,beta,0
0.1882561445236206,0.1880204677581787,-0.00023567676544189453,0.7584012204994919,-0.0002902496381789412,beta,0
0.16254305839538574,0.17050421237945557,0.007961153984069824,1.4381590522518803,0.009597582173270397,beta,0
0.13817721605300903,0.1364462971687317,-0.0017309188842773438,0.9236843412637233,-0.0020044137134752715,beta,0
0.1527787446975708,0.15178072452545166,-0.0009980201721191406,1.0210296251422728,-0.001176606333970404,beta,0
0.175723135471344,0.17802268266677856,0.0022995471954345703,0.9393549670375679,0.0027975798686210667,beta,0
0.2256290316581726,0.2276187539100647,0.00198972225189209,0.46561423454813045,0.0025760882491188924,beta,0
0.20535492897033691,0.20667880773544312,0.0013238787651062012,6.2687917561016056,0.001668780284725728,beta,0
0.1745409369468689,0.17380404472351074,-0.0007368922233581543,1.5188342833692958,-0.0008919097444764794,beta,0
0.19779318571090698,0.1943138837814331,-0.003479301929473877,1.309260820854048,-0.00431843351825863,beta,0
0.19526463747024536,0.1913623809814453,-0.003902256488800049,1.9948105009828596,-0.0048257172273734016,beta,0
0.18346357345581055,0.18019014596939087,-0.0032734274864196777,1.1872211161483035,-0.00399291063693101,beta,0
0.19907915592193604,0.20257747173309326,0.0034983158111572266,1.1701392832900257,0.004387029068216015,beta,0
0.14552432298660278,0.14109498262405396,-0.004429340362548828,0.8521055212610367,-0.005156961797802712,beta,0
0.16789531707763672,0.16571128368377686,-0.0021840333938598633,0.856365874655321,-0.0026178388262319994,beta,0
0.21251678466796875,0.2193029522895813,0.006786167621612549,4.716091134843379,0.00869244688642619,beta,0
0.16749393939971924,0.1643296480178833,-0.0031642913818359375,0.892646918451112,-0.003786530626975807,beta,0
0.20521587133407593,0.19884562492370605,-0.006370246410369873,0.4382614937012994,-0.007951334485021359,beta,0
0.18208807706832886,0.18254685401916504,0.00045877695083618164,1.6773058789385564,0.0005612272129501812,beta,0
0.16720962524414062,0.169502854347229,0.002293229103088379,2.5991834965775427,0.002761272708873551,beta,0
0.223893404006958,0.223507821559906,-0.00038558244705200195,0.9082846418751858,-0.000496569647136181,beta,0
0.19697779417037964,0.19684571027755737,-0.00013208389282226562,1.6862985303049889,-0.00016445643696669007,beta,0
0.15932083129882812,0.15565180778503418,-0.0036690235137939453,1.0777768606728109,-0.004345391566681811,beta,0
0.18879765272140503,0.19102048873901367,0.0022228360176086426,0.8293774058788153,0.002747703726320368,beta,0
0.20289641618728638,0.2001885175704956,-0.0027078986167907715,3.871468073777868,-0.0033856710940999104,beta,0
0.1885891556739807,0.18975120782852173,0.0011620521545410156,1.548273379620393,0.0014341917763637752,beta,0
0.16959315538406372,0.16793256998062134,-0.0016605854034423828,0.9181706067748775,-0.001995734171933287,beta,0
0.19563448429107666,0.19912880659103394,0.0034943222999572754,1.6041514301334705,0.004363151438976648,beta,0
0.19746434688568115,0.18885600566864014,-0.008608341217041016,1.8187030468842686,-0.01061259317359185,beta,0
0.15001505613327026,0.14921891689300537,-0.0007961392402648926,1.4744019991464727,-0.000935774497191976,beta,0
0.23644912242889404,0.24506664276123047,0.008617520332336426,1.116514444760704,0.011414941795466173,beta,0
0.26951485872268677,0.28300678730010986,0.013491928577423096,3.065022684062733,0.01881737279857679,beta,0
0.2758835554122925,0.3073185086250305,0.03143495321273804,1.2221854465394943,0.045381540584172105,beta,0
0.28845900297164917,0.2699342966079712,-0.01852470636367798,0.7790607238175136,-0.025374026306959153,beta,0
0.18608349561691284,0.21564114093780518,0.029557645320892334,1.1262615718452018,0.03768382925671602,beta,0
0.2662331461906433,0.2624240517616272,-0.0038090944290161133,0.8771568779386201,-0.005164341974699363,beta,0
0.27703481912612915,0.2791106104850769,0.002075791358947754,0.46782485188182954,0.002879486630181263,beta,0
0.15886324644088745,0.18017053604125977,0.021307289600372314,0.9100494471253965,0.02598990465344467,beta,0
0.23643219470977783,0.2393416166305542,0.002909421920776367,2.5639879012456186,0.00382487327345117,beta,0
0.2431085705757141,0.2556841969490051,0.012575626373291016,0.8297146982685912,0.016895552024749134,beta,0
0.21580195426940918,0.22185295820236206,0.006051003932952881,1.0312480557192776,0.007776170322480623,beta,0
0.22035831212997437,0.2221752405166626,0.0018169283866882324,0.7618000521487864,0.0023359096821437128,beta,0
0.2045193910598755,0.22195327281951904,0.017433881759643555,0.5652004396499055,0.022407242586600425,beta,0
0.15241622924804688,0.17456907033920288,0.022152841091156006,2.5584826169240684,0.02683791010867439,beta,0
0.2031436562538147,0.23814046382904053,0.03499680757522583,0.7277670198529251,0.045936036649376046,beta,0
0.24907928705215454,0.28128474950790405,0.03220546245574951,0.831030418259241,0.04480976636254595,beta,0
0.21153748035430908,0.240725576877594,0.029188096523284912,1.7136155185494195,0.03844209107328164,beta,0
0.25131934881210327,0.2581180930137634,0.006798744201660156,0.8591736388592686,0.009164186560740976,beta,0
0.1967504620552063,0.21229636669158936,0.015545904636383057,1.048486319682861,0.01973572798069899,beta,0
0.24168550968170166,0.25936681032180786,0.0176813006401062,1.7119881827382646,0.02387322211118947,beta,0
0.22254729270935059,0.22162598371505737,-0.0009213089942932129,0.7093227816334258,-0.0011836327716725136,beta,0
0.2363104224205017,0.2408122420310974,0.004501819610595703,1.376644202619384,0.00592978425078886,beta,0
0.22132140398025513,0.22502529621124268,0.003703892230987549,0.547121869213844,0.004779371781917099,beta,0
0.268623948097229,0.27362698316574097,0.005003035068511963,1.3290408070015114,0.006887693998211302,beta,0
0.1872401237487793,0.19882965087890625,0.011589527130126953,0.9263967140354558,0.01446574644561046,beta,0
0.25884008407592773,0.2713450789451599,0.012504994869232178,1.4414004323740635,0.017161751753668627,beta,0
0.23472440242767334,0.2511851191520691,0.016460716724395752,1.6208720608098228,0.021982357917027812,beta,0
0.2642757296562195,0.2680436372756958,0.0037679076194763184,0.8495511573719922,0.005147721655772427,beta,0
0.2271745204925537,0.2581191062927246,0.0309445858001709,0.7624579098867056,0.041710989004632236,beta,0
0.1698685884475708,0.1963573694229126,0.026488780975341797,0.8140375718864208,0.032960895760744395,beta,0
0.2593252658843994,0.30152982473373413,0.04220455884933472,0.9163245308353091,0.06042428201497049,beta,0
0.1604190468788147,0.1817578673362732,0.021338820457458496,0.8837600037421192,0.026078858085676355,beta,0
0.17614179849624634,0.19911664724349976,0.022974848747253418,1.39014117611903,0.028686885135242243,beta,0
0.2058923840522766,0.2275363802909851,0.021643996238708496,0.7610708176655244,0.02801943766214095,beta,0
0.2597450017929077,0.27178847789764404,0.012043476104736328,0.5334167600601014,0.01653843112776719,beta,0
0.18031048774719238,0.20068830251693726,0.020377814769744873,1.4171475872345054,0.02549420311739736,beta,0
0.1635991930961609,0.18707895278930664,0.023479759693145752,1.2439765148978243,0.028883198157692986,beta,0
0.207392156124115,0.2185077667236328,0.011115610599517822,1.1265118870981412,0.014223571426828107,beta,0
0.22388708591461182,0.24103915691375732,0.017152070999145508,1.5355673916304275,0.022599414917636895,beta,0
0.17910391092300415,0.19481974840164185,0.015715837478637695,1.06137395355205,0.019518409011448416,beta,0
0.23188310861587524,0.24911439418792725,0.017231285572052002,1.6379683863196235,0.022947950311840905,beta,0
0.22251838445663452,0.23433971405029297,0.011821329593658447,1.650999607870423,0.01543939239188245,beta,0
0.22082650661468506,0.2523203492164612,0.03149384260177612,3.826117798960919,0.04212210746777957,beta,0
0.23294371366500854,0.24218684434890747,0.009243130683898926,1.4072977891938743,0.012197110349657994,beta,0
0.1834692358970642,0.2204323410987854,0.03696310520172119,0.8205585196316618,0.0474148776949264,beta,0
0.2512913942337036,0.26623040437698364,0.01493901014328003,1.4235835101238135,0.020359265677390017,beta,0
0.26628977060317993,0.2729946970939636,0.006704926490783691,0.789042184800912,0.009222665177244637,beta,0
0.20479649305343628,0.22200167179107666,0.01720517873764038,1.027441571200808,0.022114673147498216,beta,0
0.19916456937789917,0.21891695261001587,0.0197523832321167,1.2446116310684707,0.025288454663201267,beta,0
0.23483657836914062,0.2597332000732422,0.024896621704101562,0.7765463106692065,0.033631957703040095,beta,0
0.21698546409606934,0.21495354175567627,-0.0020319223403930664,1.834388166052983,-0.002588282921417483,beta,0
0.22953778505325317,0.24418801069259644,0.014650225639343262,0.7979943725568697,0.019383425834205346,beta,0
0.219404399394989,0.23592859506607056,0.016524195671081543,0.6123181589434785,0.02162650710964693,beta,0
0.3269333243370056,0.32936185598373413,0.0024285316467285156,4.9869921730952695,0.003621225050195793,beta,0
0.13260126113891602,0.14798307418823242,0.015381813049316406,2.4641819702398964,0.018053412535978943,beta,0
0.2521210312843323,0.272940456867218,0.020819425582885742,1.9351256991107635,0.02863510393272359,beta,0
0.23747414350509644,0.24925464391708374,0.011780500411987305,0.9435014232318465,0.015691739304859856,beta,0
0.22607558965682983,0.2511298656463623,0.02505427598953247,0.6965031308961854,0.03345610252057553,beta,0
0.1889660358428955,0.2037651538848877,0.014799118041992188,1.187358173949435,0.018586373246785366,beta,0
0.24827498197555542,0.2600565552711487,0.011781573295593262,1.5804080337712154,0.015922261869500798,beta,0
0.26096898317337036,0.27967292070388794,0.018703937530517578,0.8514262609116952,0.025965895310772792,beta,0
0.2847380042076111,0.297419011592865,0.012681007385253906,1.0722985338198736,0.018049175247402873,beta,0
0.20602351427078247,0.21909523010253906,0.013071715831756592,0.8405527351593,0.01673919322259104,beta,0
0.20376121997833252,0.2104063630104065,0.006645143032073975,1.0437444417940829,0.008415902460168325,beta,0
0.14230340719223022,0.14452773332595825,0.0022243261337280273,5.96174261898705,0.0026001148375924574,beta,0
0.18431109189987183,0.2126125693321228,0.028301477432250977,0.7379682207785616,0.03594352199430605,beta,0
0.3598446846008301,0.40902554988861084,0.04918086528778076,3.8952117930281505,0.08321995185834338,beta,0
0.15510356426239014,0.1542414426803589,-0.00086212158203125,5.385944630947873,-0.0010193471583231344,beta,0
0.37971603870391846,0.3921915292739868,0.01247549057006836,1.6827340020275665,0.020525364766908683,beta,0
0.1900266408920288,0.20096713304519653,0.010940492153167725,0.8529328747920742,0.013692167876476804,beta,0
0.24482250213623047,0.27215927839279175,0.02733677625656128,2.3246496634592964,0.03755873427388972,beta,0
0.15854710340499878,0.17897802591323853,0.020430922508239746,5.199070589212138,0.024884745053219134,beta,0
0.1431901454925537,0.14445918798446655,0.0012690424919128418,2.3633927206368437,0.0014833219807751272,beta,0
0.4377519488334656,0.4656859040260315,0.027933955192565918,1.8307958183041486,0.05228002667915174,beta,0
0.1781245470046997,0.19716978073120117,0.019045233726501465,5.089396212008608,0.02372261689881015,beta,0
0.29537051916122437,0.2901703119277954,-0.005200207233428955,6.34574652337087,-0.007325992869574067,beta,0
0.14893406629562378,0.1638563871383667,0.01492232084274292,4.272151149721267,0.01784660028876199,beta,0
0.20882999897003174,0.22845035791397095,0.01962035894393921,1.5086059750679686,0.025429807589427287,beta,0
0.14270871877670288,0.14931005239486694,0.0066013336181640625,2.6320447480300535,0.007759976048557025,beta,0
0.31478190422058105,0.31164467334747314,-0.00313723087310791,6.521113760351473,-0.004557574775173556,beta,0
0.2530410885810852,0.27394187450408936,0.02090078592300415,2.8621988002442653,0.02878665658996453,beta,0
0.27688777446746826,0.2733783721923828,-0.0035094022750854492,2.7334113538181017,-0.004829752020558643,beta,0
0.2651507258415222,0.2790036201477051,0.013852894306182861,1.4726846326371654,0.019213542111016977,beta,0
0.2118130922317505,0.23436546325683594,0.02255237102508545,1.2822417278826264,0.0294557911677001,beta,0
0.24787044525146484,0.26469677686691284,0.016826331615447998,0.9728648102955006,0.022883527619737488,beta,0
0.2404899001121521,0.26728981733322144,0.026799917221069336,1.487996296255415,0.036576422513370996,beta,0
0.27243125438690186,0.2757919430732727,0.0033606886863708496,1.1866986028781026,0.004640501654500195,beta,0
0.26725900173187256,0.27732449769973755,0.01006549596786499,2.1811807730901194,0.013928099037295033,beta,0
0.2551155090332031,0.25411349534988403,-0.0010020136833190918,1.479703513285595,-0.0013433862619476153,beta,0
0.2276308536529541,0.2270006537437439,-0.0006301999092102051,0.6776934550526883,-0.0008152657725551145,beta,0
0.2694479823112488,0.2679263949394226,-0.0015215873718261719,3.466318290993415,-0.002078462276618024,beta,0
0.2660159468650818,0.26238101720809937,-0.003634929656982422,3.1118263263796857,-0.00492792314430975,beta,0
0.23047572374343872,0.2565939426422119,0.026118218898773193,1.0025314797266998,0.03513318009756673,beta,0
0.2659255862236023,0.2827874422073364,0.01686185598373413,0.8859840030687667,0.023510263171672832,beta,0
0.25109797716140747,0.2473306655883789,-0.0037673115730285645,1.6613198511202203,-0.005005267785984078,beta,0
0.2725415825843811,0.2778078317642212,0.005266249179840088,3.266295719288013,0.007292033078543135,beta,0
0.272335410118103,0.28213316202163696,0.009797751903533936,3.92767114078059,0.013648425286124229,beta,0
0.2615170478820801,0.277579128742218,0.01606208086013794,0.8124050776461266,0.022233688835945183,beta,0
0.1334790587425232,0.14698076248168945,0.01350170373916626,0.5024884744906294,0.015828135105659252,beta,0
0.2609878182411194,0.2718812823295593,0.010893464088439941,0.9727828781815758,0.014961109808154273,beta,0
0.28072530031204224,0.27992427349090576,-0.0008010268211364746,1.50766239721821,-0.0011124202519918688,beta,0
0.3043617606163025,0.30824971199035645,0.003887951374053955,4.329723724502313,0.005620455013095353,beta,0
0.12336194515228271,0.1324446201324463,0.009082674980163574,0.9405760576903498,0.010469273997874569,beta,0
0.27758175134658813,0.28154414892196655,0.003962397575378418,0.8623311527591309,0.005515158056591638,beta,0
0.2757109999656677,0.2784101963043213,0.0026991963386535645,2.3925055651918936,0.0037406242782664317,beta,0
0.2666049003601074,0.259366512298584,-0.0072383880615234375,0.8795337349975049,-0.009773238965993893,beta,0
0.1873740553855896,0.19077575206756592,0.0034016966819763184,0.9700449922638076,0.004203651448492361,beta,0
0.2369215488433838,0.23923492431640625,0.002313375473022461,4.348813501478877,0.0030408539337110764,beta,0
0.24603289365768433,0.24397647380828857,-0.002056419849395752,0.9144455546720519,-0.0027200474299450407,beta,0
0.2544127106666565,0.258949339389801,0.004536628723144531,2.3425664213840345,0.00612188742859896,beta,0
0.12695550918579102,0.12694817781448364,-7.331371307373047e-06,1.707409106746238,-8.397406798854594e-06,beta,0
0.1144336462020874,0.11381471157073975,-0.0006189346313476562,1.1949254883736524,-0.0006984257574899503,beta,0
0.15537810325622559,0.1644960641860962,0.009117960929870605,5.565730870799962,0.010913127442048936,beta,0
0.0939871072769165,0.09473097324371338,0.000743865966796875,2.4923516802751284,0.0008217070780188484,beta,0
0.08353430032730103,0.08479660749435425,0.0012623071670532227,1.1851789758330264,0.0013792640820498659,beta,0
0.06721746921539307,0.07226508855819702,0.005047619342803955,1.5696658967803077,0.005440799177169472,beta,0
0.11217457056045532,0.11597824096679688,0.0038036704063415527,3.541522214175493,0.00430268866967865,beta,0
0.3323531150817871,0.3438926935195923,0.011539578437805176,1.214831853632916,0.01758794380710004,beta,0
0.04221534729003906,0.05772507190704346,0.015509724617004395,0.8281958222467303,0.01645987190638096,beta,0
0.1068834662437439,0.11437743902206421,0.0074939727783203125,2.267334698542195,0.008461813314743475,beta,0
0.08848541975021362,0.09038829803466797,0.0019028782844543457,1.2604615376349684,0.0020919676828507535,beta,0
0.09112966060638428,0.10695213079452515,0.01582247018814087,1.7065621646060072,0.01771738193857153,beta,0
0.12235152721405029,0.12130093574523926,-0.0010505914688110352,1.5459703615389504,-0.0011956214721840625,beta,0
0.13830339908599854,0.14099180698394775,0.0026884078979492188,1.4018316239399227,0.003129665025091304,beta,0
0.09574264287948608,0.09254169464111328,-0.0032009482383728027,1.1571121754356177,-0.0035273777533028072,beta,0
0.12691587209701538,0.1366274356842041,0.00971156358718872,3.507220004341093,0.011248404209931,beta,0
0.08632749319076538,0.095927894115448,0.009600400924682617,1.6684410121175428,0.010619065517223874,beta,0
0.15413039922714233,0.17102855443954468,0.016898155212402344,4.82324430994913,0.020384484052979355,beta,0
0.12470757961273193,0.1412023901939392,0.016494810581207275,1.225364813730707,0.019206865963369693,beta,0
0.09437620639801025,0.09634512662887573,0.0019689202308654785,1.7682164032128724,0.002178840936828388,beta,0
0.13467079401016235,0.13689643144607544,0.002225637435913086,2.7530922100113266,0.002578644692249391,beta,0
0.09271562099456787,0.09405136108398438,0.001335740089416504,1.9507085938576592,0.0014744103937445524,beta,0
0.13384759426116943,0.1414475440979004,0.007599949836730957,2.061971984230166,0.00885205066328245,beta,0
0.0737227201461792,0.08954989910125732,0.015827178955078125,0.6982946668336071,0.017383905981727572,beta,0
0.16566187143325806,0.16160762310028076,-0.004054248332977295,2.24235668879578,-0.004835740930719635,beta,0
0.10634452104568481,0.10681277513504028,0.00046825408935546875,1.807821456217384,0.0005242507688421805,beta,0
0.06825333833694458,0.07058429718017578,0.002330958843231201,1.4570261866755636,0.0025079830652302623,beta,0
0.10052871704101562,0.09949272871017456,-0.0010359883308410645,1.2901726529889102,-0.0011504497119242416,beta,0
0.10256141424179077,0.10511547327041626,0.0025540590286254883,3.119161487355991,0.002854065471396036,beta,0
0.10875117778778076,0.11726564168930054,0.008514463901519775,1.9183026845890483,0.009645556243912402,beta,0
0.04117870330810547,0.04375177621841431,0.002573072910308838,1.9784198218689701,0.0026908001984394243,beta,0
0.1482304334640503,0.1678749918937683,0.019644558429718018,1.8805072578811712,0.02360770105254442,beta,0
0.11514824628829956,0.11495769023895264,-0.00019055604934692383,3.361294444592793,-0.00021530727655084882,beta,0
0.11213910579681396,0.11325985193252563,0.00112074613571167,2.6460107753475,0.001263894657475675,beta,0
0.061148107051849365,0.07485073804855347,0.013702630996704102,0.6742134436633713,0.014811265122560558,beta,0
0.11809033155441284,0.11803174018859863,-5.8591365814208984e-05,2.767967734397041,-6.643251065150356e-05,beta,0
0.09902369976043701,0.10145962238311768,0.002435922622680664,1.6426963362942448,0.00271097736213173,beta,0
0.1086968183517456,0.12572234869003296,0.017025530338287354,2.36303940378131,0.019473825406353788,beta,0
0.14698201417922974,0.1492140293121338,0.0022320151329040527,3.5976551701982658,0.0026234743047060982,beta,0
0.10930514335632324,0.13563954830169678,0.026334404945373535,1.6287519503094914,0.030466924873334335,beta,0
0.09511393308639526,0.10569775104522705,0.010583817958831787,2.07427581282956,0.011834721394474584,beta,0
0.16209828853607178,0.1900789737701416,0.027980685234069824,8.331801447730141,0.03454742416593196,beta,0
0.07520020008087158,0.08699017763137817,0.011789977550506592,1.400137740238017,0.01291330855556389,beta,0
0.11325544118881226,0.11646908521652222,0.003213644027709961,2.4467794459498493,0.003637274003589916,beta,0
0.13635361194610596,0.15360689163208008,0.01725327968597412,4.836424092977231,0.020384475624149655,beta,0
0.09490227699279785,0.12024182081222534,0.02533954381942749,3.5662516478538193,0.02880285107757895,beta,0
0.22052788734436035,0.2236640453338623,0.003136157989501953,0.7608993135386954,0.004039691799216815,beta,0
0.14660966396331787,0.15981024503707886,0.013200581073760986,4.638891756347723,0.01571142827651302,beta,0
0.11860740184783936,0.15205639600753784,0.033448994159698486,2.798301878309298,0.039447192009241024,beta,0
0.12163752317428589,0.13825935125350952,0.016621828079223633,3.367874252630671,0.019288666611470818,beta,0
0.1574089527130127,0.17519664764404297,0.017787694931030273,2.606762737865802,0.021565982825144617,beta,0
0.12231498956680298,0.1260862946510315,0.0037713050842285156,2.2174794654671803,0.004315420459875463,beta,0
0.11694210767745972,0.1285880208015442,0.011645913124084473,4.900281301682314,0.013364417063438402,beta,0
0.048567235469818115,0.062127888202667236,0.013560652732849121,0.8638814331903908,0.014458957209913794,beta,0
0.08575576543807983,0.10071027278900146,0.01495450735092163,3.6243348356466747,0.01662924294409613,beta,0
0.1433851718902588,0.15368926525115967,0.010304093360900879,2.525376775264867,0.012175307411123439,beta,0
0.07228511571884155,0.0717545747756958,-0.000530540943145752,1.3007136376477653,-0.0005715524458604795,beta,0
0.14770567417144775,0.17128372192382812,0.02357804775238037,6.1663166307477715,0.028451290720529546,beta,0
0.11487334966659546,0.1418396234512329,0.02696627378463745,3.244295841483894,0.031423349902365276,beta,0
0.12051671743392944,0.13763445615768433,0.017117738723754883,3.858457598696062,0.01984974799374043,beta,0
0.10769760608673096,0.12446480989456177,0.01676720380783081,1.9438667188304002,0.019150805127331985,beta,0
0.15934759378433228,0.16401642560958862,0.004668831825256348,4.766642040322603,0.005584836793786051,beta,0
0.12364059686660767,0.1206885576248169,-0.0029520392417907715,7.398680627743991,-0.0033572169080579306,beta,0
0.15148842334747314,0.15774476528167725,0.0062563419342041016,3.953535683261463,0.007428083170413804,beta,0
0.17928892374038696,0.1846979260444641,0.0054090023040771484,3.703062581915964,0.006634353667021506,beta,0
0.07000994682312012,0.08450448513031006,0.014494538307189941,3.722077374207168,0.01583245146673719,beta,0
0.12136709690093994,0.14731627702713013,0.025949180126190186,2.772096444769948,0.030432362465790636,beta,0
0.1133042573928833,0.12556201219558716,0.012257754802703857,3.2403009941825354,0.014017866302310705,beta,0
0.14114505052566528,0.16834014654159546,0.027195096015930176,1.6935539511748674,0.03269978213189094,beta,0
0.09694069623947144,0.10727846622467041,0.010337769985198975,2.4251034188279794,0.011580061188263744,beta,0
0.10782891511917114,0.11912769079208374,0.011298775672912598,3.9059440439481863,0.012826803107334025,beta,0
0.24169564247131348,0.24418020248413086,0.002484560012817383,2.672619871702966,0.003287238599707647,beta,0
0.12681174278259277,0.13692790269851685,0.010116159915924072,2.191656139107087,0.011721106437751464,beta,0
0.2947075366973877,0.2840358018875122,-0.010671734809875488,1.3597891559676165,-0.014905402865128757,beta,0
0.14932221174240112,0.15003979206085205,0.0007175803184509277,4.577133638806495,0.0008442516623111163,beta,0
0.11595982313156128,0.1419188380241394,0.025959014892578125,2.245019660086884,0.030252400405578885,beta,0
0.10591042041778564,0.11417889595031738,0.008268475532531738,1.2096953699475201,0.009334249878142424,beta,0
0.11122459173202515,0.12442344427108765,0.0131988525390625,2.7981395610158066,0.015074470019442825,beta,0
0.11537766456604004,0.136421799659729,0.021044135093688965,3.3058192206740817,0.024368534413440567,beta,0
0.18406355381011963,0.18079739809036255,-0.00326615571975708,5.821252053294397,-0.003986993830516855,beta,0
0.1482338309288025,0.15064501762390137,0.002411186695098877,4.671080791992313,0.002838844470369153,beta,0
0.17908799648284912,0.17026156187057495,-0.00882643461227417,4.541851698555025,-0.01063761085020072,beta,0
0.18797338008880615,0.2275388240814209,0.039565443992614746,7.766769406020063,0.05121997742548698,beta,0
0.14711344242095947,0.1536792516708374,0.00656580924987793,3.357462345314693,0.0077580624873493775,beta,0
0.18244391679763794,0.212757408618927,0.030313491821289062,2.9552127431292883,0.0385059093006002,beta,0
0.061714112758636475,0.07728618383407593,0.015572071075439453,0.4261647102929553,0.01687638225700877,beta,0
0.2179974913597107,0.24505245685577393,0.027054965496063232,2.2724282631817245,0.0358368813061951,beta,0
0.2402418851852417,0.23997747898101807,-0.0002644062042236328,2.176546695729403,-0.00034789259122102926,beta,0
0.17947977781295776,0.20098942518234253,0.021509647369384766,4.723808659622177,0.026920353806698355,beta,0
0.15868747234344482,0.1606273055076599,0.0019398331642150879,3.700436882369711,0.002311051070571596,beta,0
0.14108628034591675,0.15928298234939575,0.018196702003479004,5.045532792312203,0.021644265099248196,beta,0
0.13112717866897583,0.13336509466171265,0.0022379159927368164,1.7938757677313566,0.0025823053963690227,beta,0
0.18638217449188232,0.20953106880187988,0.02314889430999756,4.436966696428861,0.029285014750561535,beta,0
0.12336587905883789,0.13140302896499634,0.008037149906158447,2.403525000061394,0.00925302548152054,beta,0
0.1555161476135254,0.18684053421020508,0.03132438659667969,4.608861883798526,0.03852182494888053,beta,0
0.14074212312698364,0.1345536708831787,-0.006188452243804932,2.760292011874524,-0.007150590435943244,beta,0
0.2177162766456604,0.25159549713134766,0.033879220485687256,6.828843923413906,0.04526859519929048,beta,0
0.3631839156150818,0.3784779906272888,0.015294075012207031,0.7067475301597905,0.024607455217302784,beta,0
0.17313659191131592,0.19799768924713135,0.02486109733581543,3.8516749487580824,0.030998785168682888,beta,0
0.46283596754074097,0.4669263958930969,0.004090428352355957,0.5741930952497166,0.007673289993806669,beta,0
0.04800325632095337,0.056066811084747314,0.008063554763793945,1.3763099884269117,0.008542505824019607,beta,0
0.11256176233291626,0.12551915645599365,0.012957394123077393,5.198359227740314,0.014817241816944776,beta,0
0.10159188508987427,0.11584305763244629,0.014251172542572021,4.106880521599479,0.0161183743062752,beta,0
0.2635657787322998,0.25427162647247314,-0.00929415225982666,0.7433642139839214,-0.012463187119812048,beta,0
0.14946967363357544,0.16140568256378174,0.011936008930206299,5.209435834961158,0.014233352983713877,beta,0
0.1458873152732849,0.15677893161773682,0.010891616344451904,6.134178706269667,0.01291667956701757,beta,0
0.09816116094589233,0.11911237239837646,0.02095121145248413,0.9710269193978737,0.02378420447285383,beta,0
0.24441617727279663,0.2554829716682434,0.011066794395446777,1.0299185539627578,0.01486439392829497,beta,0
0.19863176345825195,0.23459374904632568,0.03596198558807373,2.7620500255931653,0.04698418067956216,beta,0
0.1338263750076294,0.15873414278030396,0.02490776777267456,4.462921651596733,0.029607486811591727,beta,0
0.16670656204223633,0.1676774024963379,0.0009708404541015625,2.976173298414146,0.0011664232798837243,beta,0
0.20012694597244263,0.20738238096237183,0.007255434989929199,1.331802765359482,0.009153764457997444,beta,0
0.1654878854751587,0.18486511707305908,0.01937723159790039,8.189902472286558,0.023771810044886935,beta,0
0.12013280391693115,0.12363463640213013,0.0035018324851989746,3.6114729240448535,0.003995859068211452,beta,0
0.12638813257217407,0.1609472632408142,0.03455913066864014,2.2787492324379923,0.04118827000329403,beta,0
0.18760132789611816,0.1896374225616455,0.0020360946655273438,2.50792872808741,0.0025125724240174854,beta,0
0.20811045169830322,0.20785081386566162,-0.00025963783264160156,1.9296601598033547,-0.0003277638065988877,beta,0
0.23505949974060059,0.23401963710784912,-0.0010398626327514648,2.1023476206834273,-0.001357557821489317,beta,0
0.11818867921829224,0.11921817064285278,0.0010294914245605469,2.372307226134807,0.0011688381733668798,beta,0
0.14973080158233643,0.14999550580978394,0.00026470422744750977,4.126816998027692,0.0003114150916339433,beta,0
0.11596447229385376,0.11328709125518799,-0.0026773810386657715,1.9392554276987835,-0.0030194452029076047,beta,0
0.13933902978897095,0.1412031650543213,0.0018641352653503418,3.4962295778058254,0.002170635928657391,beta,0
0.21033155918121338,0.23014503717422485,0.019813477993011475,9.311239554255812,0.025736637353463987,beta,0
0.17011135816574097,0.1881871223449707,0.018075764179229736,11.517157087466225,0.02226592442268553,beta,0
0.13689976930618286,0.1352941393852234,-0.0016056299209594727,1.8616985321877542,-0.001856850975680822,beta,0
0.1451272964477539,0.1546473503112793,0.00952005386352539,1.5471309352557405,0.011261636036784062,beta,0
0.1707594394683838,0.16820567846298218,-0.0025537610054016113,2.748750466980429,-0.0030701832643948387,beta,0
0.1216200590133667,0.1202513575553894,-0.001368701457977295,1.7162678302308159,-0.0015557869508886102,beta,0
0.12412738800048828,0.12432432174682617,0.00019693374633789062,3.7951291826584894,0.00022489347509427283,beta,0
0.06658691167831421,0.0666511058807373,6.41942024230957e-05,1.7536722578954138,6.877835590481025e-05,beta,0
0.11811751127243042,0.11633807420730591,-0.0017794370651245117,2.272013087303223,-0.0020137079726822646,beta,0
0.06823807954788208,0.07414329051971436,0.005905210971832275,1.414672577181744,0.006378104636890375,beta,0
0.091483473777771,0.09280997514724731,0.0013265013694763184,2.3436552549676803,0.001462208945354778,beta,0
0.1274755597114563,0.1279546022415161,0.00047904253005981445,5.234794822966915,0.0005493321004745294,beta,0
0.10779285430908203,0.11194151639938354,0.004148662090301514,3.3482593727174836,0.004671609096600081,beta,0
0.14796197414398193,0.1655590534210205,0.017597079277038574,4.507906301747248,0.02108846569572436,beta,0
0.10753881931304932,0.1063227653503418,-0.0012160539627075195,1.9418224125877683,-0.0013607306033528318,beta,0
0.10250729322433472,0.11174046993255615,0.009233176708221436,3.431705185650226,0.010394683530747345,beta,0
0.14839762449264526,0.16679978370666504,0.018402159214019775,2.370772917037024,0.022086119103383844,beta,0
0.1313822865486145,0.13401377201080322,0.0026314854621887207,6.326778655530092,0.0030387151401922163,beta,0
0.1012955904006958,0.11405187845230103,0.012756288051605225,4.511345695071111,0.014398459392092557,beta,0
0.11889845132827759,0.13644659519195557,0.01754814386367798,3.4061731124234536,0.020320855393510584,beta,0
0.11715173721313477,0.13017523288726807,0.0130234956741333,3.741435262702847,0.014972550985600318,beta,0
0.11747795343399048,0.1172216534614563,-0.0002562999725341797,2.9560084090141663,-0.00029033332493842403,beta,0
0.10722792148590088,0.10753285884857178,0.00030493736267089844,2.1175618611991487,0.00034167909227165435,beta,0
0.0971832275390625,0.12136292457580566,0.024179697036743164,1.8466693781578931,0.027519550122636842,beta,0
0.11885207891464233,0.12110030651092529,0.002248227596282959,5.700597472658112,0.0025580024807585235,beta,0
0.07069873809814453,0.07374817132949829,0.0030494332313537598,1.4965666133121576,0.0032922291076399523,beta,0
0.09627163410186768,0.1008804440498352,0.004608809947967529,4.003237065900872,0.005125914476520384,beta,0
0.06425338983535767,0.07438504695892334,0.010131657123565674,2.376347299564241,0.01094586587033675,beta,0
0.13189911842346191,0.14742273092269897,0.01552361249923706,2.2559445578643134,0.01820786579970334,beta,0
0.11185282468795776,0.11687320470809937,0.0050203800201416016,2.16296839846198,0.005684778275221749,beta,0
0.13444900512695312,0.1517629623413086,0.01731395721435547,4.593286922736407,0.02041169678483452,beta,0
0.1962762475013733,0.1992359757423401,0.002959728240966797,3.9546024960264834,0.0036961303846168446,beta,0
0.07412922382354736,0.07514381408691406,0.0010145902633666992,2.0471895096235513,0.0010970248983792233,beta,0
0.12228125333786011,0.12378740310668945,0.0015061497688293457,3.388758040248943,0.001718931882706929,beta,0
0.1281222105026245,0.12968528270721436,0.0015630722045898438,4.631298264173381,0.0017959850310838822,beta,0
0.15006297826766968,0.15370160341262817,0.003638625144958496,3.9946624504560098,0.004299458866554575,beta,0
0.1258144974708557,0.1480579376220703,0.0222434401512146,3.7936648698680226,0.026109099589623496,beta,0
0.11059820652008057,0.11255079507827759,0.0019525885581970215,3.5372183299400817,0.002200225711362545,beta,0
0.12382560968399048,0.12651562690734863,0.0026900172233581543,3.449760343758915,0.003079639780885721,beta,0
0.12655091285705566,0.14496952295303345,0.018418610095977783,3.272591129077174,0.021541466170411205,beta,0
0.1115831732749939,0.13414710760116577,0.022563934326171875,2.007067147257637,0.026059778195876654,beta,0
0.10715824365615845,0.13296526670455933,0.02580702304840088,1.7912143794523603,0.02976469345156808,beta,0
0.10452914237976074,0.10956430435180664,0.0050351619720458984,3.1386076949714834,0.005654717119556341,beta,0
0.1344481110572815,0.16023904085159302,0.025790929794311523,2.141594983527122,0.0307122277040193,beta,0
0.09011417627334595,0.10258740186691284,0.012473225593566895,0.8747686200234667,0.013899097939470985,beta,0
0.09498327970504761,0.10535240173339844,0.01036912202835083,0.7287851760419535,0.011590174777690367,beta,0
0.12801474332809448,0.13345980644226074,0.00544506311416626,4.374585890650777,0.006283682112667569,beta,0
0.12697839736938477,0.12320387363433838,-0.0037745237350463867,1.7925748361811846,-0.004304904665457256,beta,0
0.10428160429000854,0.1081666350364685,0.003885030746459961,2.6236470119059394,0.004356229424785903,beta,0
0.12668299674987793,0.12741202116012573,0.0007290244102478027,2.184474939401048,0.0008354738180292805,beta,0
0.11127221584320068,0.11071598529815674,-0.0005562305450439453,2.286006977660349,-0.0006254813263796682,beta,0
0.13884127140045166,0.1648738980293274,0.026032626628875732,4.064940994667733,0.031172090738686944,beta,0
0.11328405141830444,0.11420661211013794,0.0009225606918334961,2.5544324578736566,0.0010415077651812475,beta,0
0.13755333423614502,0.13960540294647217,0.0020520687103271484,7.632939284138083,0.0023850320740676184,beta,0
0.09603077173233032,0.09587901830673218,-0.00015175342559814453,1.9849578666466066,-0.00016784637086281936,beta,0
0.08239579200744629,0.10981506109237671,0.02741926908493042,1.2867879492121912,0.03080176701099611,beta,0
0.12637734413146973,0.13582730293273926,0.009449958801269531,4.945165021396592,0.010935266565745269,beta,0
0.10471242666244507,0.12640702724456787,0.021694600582122803,2.639761674895419,0.02483376270037413,beta,0
0.11370313167572021,0.12792187929153442,0.014218747615814209,2.3406627417184174,0.016304442547260642,beta,0
0.11169975996017456,0.1123509407043457,0.0006511807441711426,2.9624653009866515,0.0007336015707467224,beta,0
0.11875897645950317,0.12178397178649902,0.0030249953269958496,3.530175743976,0.0034444774745792392,beta,0
0.10996830463409424,0.11580163240432739,0.005833327770233154,2.8267531739342364,0.006597306649745622,beta,0
0.11399275064468384,0.13640624284744263,0.02241349220275879,4.069715428782488,0.025953745053299816,beta,0
0.11909019947052002,0.14805269241333008,0.02896249294281006,3.008632603966541,0.03399563879701992,beta,0
0.1443169116973877,0.14358335733413696,-0.0007335543632507324,3.1587270374648755,-0.0008565391267588127,beta,0
0.11437541246414185,0.115303635597229,0.0009282231330871582,2.3015607486748877,0.0010491996694411317,beta,0
0.1397344470024109,0.1427065134048462,0.0029720664024353027,6.2240173439270166,0.0034668015666831074,beta,0
0.10882723331451416,0.10936969518661499,0.0005424618721008301,2.6952388344738756,0.0006090763689143644,beta,0
0.13179707527160645,0.13204771280288696,0.0002506375312805176,5.301857418175698,0.00028876878945719917,beta,0
0.09764522314071655,0.1126706600189209,0.015025436878204346,2.980750357554997,0.016933325881599653,beta,0
0.09818249940872192,0.10573440790176392,0.007551908493041992,3.8441864272618838,0.008444816125959598,beta,0
0.11560076475143433,0.11273711919784546,-0.002863645553588867,1.0991670531527953,-0.003227505191020624,beta,0
0.1049773097038269,0.10851949453353882,0.003542184829711914,2.658076709719237,0.003973373290825344,beta,0
0.10730636119842529,0.10822826623916626,0.0009219050407409668,2.808650067228502,0.0010337903813715345,beta,0
0.07956445217132568,0.08642023801803589,0.006855785846710205,3.1407849727677064,0.007504310112821383,beta,0
0.06872379779815674,0.07029777765274048,0.0015739798545837402,2.52850012166774,0.0016929935378769399,beta,0
0.20293432474136353,0.2173277735710144,0.014393448829650879,1.1974661001397495,0.018390136181684023,ductal,0
0.18719631433486938,0.20170468091964722,0.014508366584777832,1.684656536174884,0.018174184713361054,ductal,0
0.14777010679244995,0.15706723928451538,0.00929713249206543,1.0574417370068232,0.011029506652670596,ductal,0
0.18655842542648315,0.19288522005081177,0.006326794624328613,1.1033221568986684,0.007838779293233752,ductal,0
0.16363143920898438,0.15590369701385498,-0.0077277421951293945,1.6127250759631848,-0.009155048029224976,ductal,0
0.17835432291030884,0.18973475694656372,0.011380434036254883,0.5829103242774881,0.014045319275165247,ductal,0
0.15916848182678223,0.17470407485961914,0.015535593032836914,0.4757043526633077,0.018824269646302138,ductal,0
0.20062047243118286,0.20605331659317017,0.005432844161987305,0.9713686409373783,0.006842832491817888,ductal,0
0.16087067127227783,0.1708894968032837,0.01001882553100586,1.110611076823774,0.012083824161408283,ductal,0
0.161807119846344,0.16786640882492065,0.00605928897857666,0.36567703118257994,0.007281630068580896,ductal,0
0.14617037773132324,0.1566789746284485,0.010508596897125244,0.40650733507601133,0.012460968695160128,ductal,0
0.3043610453605652,0.31389617919921875,0.009535133838653564,1.6929845542480624,0.01389750872910852,ductal,0
0.283882737159729,0.3002415895462036,0.01635885238647461,1.1953443194815585,0.02337785747493313,ductal,0
0.34981197118759155,0.33760255575180054,-0.012209415435791016,1.417569647347305,-0.01843215963740368,ductal,0
0.2420823574066162,0.25597941875457764,0.013897061347961426,1.5693031191103564,0.0186783291998442,ductal,0
0.38172876834869385,0.3822328448295593,0.0005040764808654785,2.290516047255994,0.0008159651685049602,ductal,0
0.21018832921981812,0.21755635738372803,0.007368028163909912,0.8292621444771995,0.00941668864389171,ductal,0
0.21279895305633545,0.21988660097122192,0.007087647914886475,1.2261758099354054,0.009085407228885468,ductal,0
0.1912679672241211,0.2025941014289856,0.011326134204864502,1.1492407609400428,0.014203725135669826,ductal,0
0.22781330347061157,0.23910796642303467,0.011294662952423096,1.0657394150624995,0.014843975825751136,ductal,0
0.21460580825805664,0.22534215450286865,0.010736346244812012,1.5807048434900572,0.013859468805769385,ductal,0
0.18844503164291382,0.20116710662841797,0.01272207498550415,0.4271647136871056,0.015925827655655134,ductal,0
0.20477056503295898,0.20498746633529663,0.00021690130233764648,0.6674837228070327,0.0002728275255458106,ductal,0
0.389651358127594,0.41548699140548706,0.025835633277893066,3.3282686469305434,0.044200270820346624,ductal,0
0.224795401096344,0.23459088802337646,0.00979548692703247,0.5017595629481848,0.012797714024773246,ductal,0
0.2871284484863281,0.3163796663284302,0.02925121784210205,1.0805013790457578,0.042788688986180955,ductal,0
0.170945942401886,0.18231385946273804,0.01136791706085205,0.9346128058303477,0.013902543405447405,ductal,0
0.17095506191253662,0.179979145526886,0.009024083614349365,0.7053997510816631,0.011004700142836717,ductal,0
0.20484930276870728,0.20366525650024414,-0.0011840462684631348,1.7000959124078905,-0.0014868700356579353,ductal,0
0.19230860471725464,0.20113623142242432,0.008827626705169678,1.310496642514785,0.011050227901670632,ductal,0
0.24827158451080322,0.2541619539260864,0.005890369415283203,1.0557951418107439,0.007897652105963309,ductal,0
0.18525564670562744,0.18702101707458496,0.0017653703689575195,1.4161143700938388,0.0021714834036730313,ductal,0
0.23946630954742432,0.2401200532913208,0.0006537437438964844,1.0718734484516,0.0008603250378274753,ductal,0
0.1809961199760437,0.18789422512054443,0.006898105144500732,1.0711344133850107,0.008494096899538301,ductal,0
0.1962205171585083,0.19813060760498047,0.001910090446472168,1.6125475599497348,0.002382046832797944,ductal,0
0.23092389106750488,0.23326176404953003,0.0023378729820251465,1.4272024195840836,0.0030491149031156043,ductal,0
0.1411358118057251,0.13915270566940308,-0.0019831061363220215,1.3671616174159773,-0.002303667734547628,ductal,0
0.2060423493385315,0.21421998739242554,0.008177638053894043,1.094908569861708,0.0104070324043455,ductal,0
0.1749894618988037,0.18258291482925415,0.0075934529304504395,0.9800998092198224,0.009289569631229672,ductal,0
0.20240700244903564,0.20939552783966064,0.006988525390625,1.3321637704612619,0.008839471109401573,ductal,0
0.20123887062072754,0.21688240766525269,0.015643537044525146,0.8045156617273285,0.019975974486649308,ductal,0
0.20987480878829956,0.21595096588134766,0.006076157093048096,2.4733466509434328,0.007749715679298412,ductal,0
0.25687623023986816,0.2663339376449585,0.009457707405090332,0.8702847994646804,0.012891024800481344,ductal,0
0.210676908493042,0.21188676357269287,0.001209855079650879,1.5253284108004914,0.0015351284862761873,ductal,0
0.14155083894729614,0.14883184432983398,0.007281005382537842,0.7827492969867519,0.008554132733977992,ductal,0
0.18891435861587524,0.2081332802772522,0.019218921661376953,0.7123341799853947,0.024270399528983834,ductal,0
0.161243736743927,0.16541516780853271,0.004171431064605713,1.3865850561816373,0.004998210971139143,ductal,0
0.19898825883865356,0.2111063003540039,0.012118041515350342,1.5277450295351718,0.015360804023137878,ductal,0
0.1870296597480774,0.19651567935943604,0.009486019611358643,1.6790277058072396,0.011806104198518868,ductal,0
0.19916218519210815,0.19649893045425415,-0.002663254737854004,1.1540001208272044,-0.003314562778814542,ductal,0
0.14009857177734375,0.14668279886245728,0.006584227085113525,1.0434101393740818,0.0077160369864057625,ductal,0
0.20156967639923096,0.20606833696365356,0.004498660564422607,0.8211321509804815,0.005666307031033044,ductal,0
0.24845564365386963,0.2606130838394165,0.012157440185546875,1.4068550081469366,0.016442595777427127,ductal,0
0.17146235704421997,0.18360507488250732,0.012142717838287354,0.6667964165515284,0.014873583194481293,ductal,0
0.18093377351760864,0.19283229112625122,0.011898517608642578,0.7934461989621528,0.014741072366788222,ductal,0
0.16047900915145874,0.16834276914596558,0.007863759994506836,0.5339089465087767,0.009455530118377601,ductal,0
0.20473235845565796,0.21469324827194214,0.00996088981628418,0.6332340162034734,0.012684075101054924,ductal,0
0.15047943592071533,0.15279358625411987,0.002314150333404541,0.20212543987296744,0.002731507098928398,ductal,0
0.18916231393814087,0.2054365873336792,0.01627427339553833,1.5538183298491748,0.020482032190390773,ductal,0
0.2885242700576782,0.34193700551986694,0.05341273546218872,1.1806363873527042,0.08116659941406454,ductal,0
0.20419591665267944,0.20816153287887573,0.003965616226196289,2.406913175768428,0.005008112627584289,ductal,0
0.19584029912948608,0.20378291606903076,0.007942616939544678,2.045523579657348,0.009975441496848477,ductal,0
0.17162072658538818,0.166317880153656,-0.005302846431732178,0.9599001118936896,-0.006360753464053596,ductal,0
0.2023283839225769,0.19473391771316528,-0.007594466209411621,1.251435297880956,-0.009431002219594892,ductal,0
0.2042282223701477,0.21020293235778809,0.005974709987640381,1.0688467941762776,0.007564867270875967,ductal,0
0.13236695528030396,0.13472670316696167,0.002359747886657715,0.9865337605658231,0.002727170589101223,ductal,0
0.14793884754180908,0.16096192598342896,0.013023078441619873,1.081384016996813,0.01552143918723129,ductal,0
0.23532181978225708,0.24991267919540405,0.014590859413146973,1.6688817474388118,0.01945221444017451,ductal,0
0.12753093242645264,0.1265164017677307,-0.0010145306587219238,0.9733844618875369,-0.0011614764842466435,ductal,0
0.2828814387321472,0.2902628183364868,0.0073813796043396,2.6791785268510275,0.010400159094157639,ductal,0
0.23945605754852295,0.23870199918746948,-0.0007540583610534668,1.3365433260839332,-0.0009904903996183665,ductal,0
0.22976183891296387,0.231883704662323,0.002121865749359131,1.198486337261103,0.002762427723820548,ductal,0
0.2688031792640686,0.2634151577949524,-0.005388021469116211,1.0334691493371777,-0.007314868784139756,ductal,0
0.2022181749343872,0.2164067029953003,0.014188528060913086,1.3152264588965983,0.018107005400823366,ductal,0
0.3163093328475952,0.3119794726371765,-0.004329860210418701,2.328559958270723,-0.006293213702525732,ductal,0
0.3152660131454468,0.3147035837173462,-0.0005624294281005859,3.9926019977842073,-0.0008207097173387366,ductal,0
0.31315314769744873,0.31904923915863037,0.005896091461181641,1.866593296182833,0.008658616452526675,ductal,0
0.14547443389892578,0.14515388011932373,-0.0003205537796020508,1.3923385853089039,-0.00037498418972387135,ductal,0
0.16401249170303345,0.17158567905426025,0.007573187351226807,0.6459986106870633,0.009141787098249407,ductal,0
0.21994787454605103,0.23596906661987305,0.01602119207382202,1.2661117801877486,0.020969297673515828,ductal,0
0.19701147079467773,0.1998128890991211,0.0028014183044433594,0.6674514035163419,0.00350095404722206,ductal,0
0.17872744798660278,0.1865917444229126,0.007864296436309814,1.0170421923254815,0.009668326307716591,ductal,0
0.2554529905319214,0.2894865870475769,0.03403359651565552,1.6353655132497926,0.04790000567932199,ductal,0
0.21028369665145874,0.23453092575073242,0.02424722909927368,0.8407570740810885,0.03167630138820972,ductal,0
0.2510610818862915,0.2575458288192749,0.0064847469329833984,1.4814233499753693,0.008734204998364685,ductal,0
0.17610293626785278,0.1883680820465088,0.012265145778656006,0.7479866988886471,0.01511170951677486,ductal,0
0.2555501461029053,0.24015659093856812,-0.015393555164337158,1.425032550927244,-0.02025885199603359,ductal,0
0.18391692638397217,0.19511538743972778,0.011198461055755615,0.5578661854817144,0.01391312603198392,ductal,0
0.23955261707305908,0.25358134508132935,0.014028728008270264,1.5955232112167193,0.018794717838072825,ductal,0
0.2150300145149231,0.2323061227798462,0.017276108264923096,2.3313916826844023,0.022503902633013675,ductal,0
0.15115290880203247,0.16080623865127563,0.009653329849243164,1.012170784544986,0.011503100110907227,ductal,0
0.14589214324951172,0.1620466709136963,0.01615452766418457,0.6235390801596126,0.019278552997455494,ductal,0
0.27697044610977173,0.2925482988357544,0.015577852725982666,1.898393781842479,0.0220196696118567,ductal,0
0.2366924285888672,0.259960412979126,0.02326798439025879,1.151666645787922,0.031441540153178966,ductal,0
0.1582634449005127,0.16750037670135498,0.009236931800842285,0.6055258550940426,0.011095418595197002,ductal,0
0.19432580471038818,0.20056188106536865,0.006236076354980469,0.7532725724358413,0.0078005741873942115,ductal,0
0.139123797416687,0.14159458875656128,0.0024707913398742676,0.5571483184304946,0.002878350144945167,ductal,0
0.24128443002700806,0.25535279512405396,0.014068365097045898,0.766798311788373,0.01889265816741984,ductal,0
0.24817049503326416,0.2754257917404175,0.02725529670715332,2.0798442894156186,0.037615604304519996,ductal,0
0.12319815158843994,0.1340283751487732,0.010830223560333252,0.3912942074305585,0.012506441607938222,ductal,0
0.21854937076568604,0.21357965469360352,-0.0049697160720825195,1.0963843767098402,-0.0063194144222531185,ductal,0
0.32823777198791504,0.3527070879936218,0.024469316005706787,0.9444156084716017,0.037802539703177956,ductal,0
0.17383837699890137,0.18631058931350708,0.012472212314605713,0.9384910428293619,0.01532797668349053,ductal,0
0.24145454168319702,0.24089676141738892,-0.0005577802658081055,1.4485729949859116,-0.000734788415406561,ductal,0
0.20861870050430298,0.21414804458618164,0.005529344081878662,1.9239647939869085,0.00703611417365118,ductal,0
0.22970503568649292,0.228704035282135,-0.0010010004043579102,1.1617906125022048,-0.0012978162082360558,ductal,0
0.16499966382980347,0.16476768255233765,-0.0002319812774658203,0.87496862068499,-0.0002777446138275855,ductal,0
0.20621269941329956,0.21926909685134888,0.013056397438049316,1.8121309380146156,0.016723300416819006,ductal,0
0.23581957817077637,0.2374095916748047,0.0015900135040283203,0.6596969613217387,0.002085016395000713,ductal,0
0.18286073207855225,0.19858086109161377,0.015720129013061523,0.8409186979282447,0.01961536510654578,ductal,0
0.20706117153167725,0.21243494749069214,0.005373775959014893,1.1010588724802184,0.006823278841402606,ductal,0
0.22853487730026245,0.2197217345237732,-0.008813142776489258,1.3764228589554606,-0.011294871543179968,ductal,0
0.2766038775444031,0.28580373525619507,0.009199857711791992,1.0074730053448733,0.01288141392771376,ductal,0
0.1814117431640625,0.18878698348999023,0.007375240325927734,1.175195207191522,0.009091619803707537,ductal,0
0.14157789945602417,0.15136343240737915,0.00978553295135498,0.9013530141762477,0.011530887690963164,ductal,0
0.1409902572631836,0.15174245834350586,0.010752201080322266,0.35538010343262844,0.012675632755737314,ductal,0
0.16278988122940063,0.1633421778678894,0.0005522966384887695,0.7527765783336012,0.0006601224824281394,ductal,0
0.1700056791305542,0.18393474817276,0.01392906904220581,0.32439760212520174,0.01706857265521039,ductal,0
0.1504639983177185,0.1614973545074463,0.011033356189727783,0.4877444512937356,0.013158403553093816,ductal,0
0.1478288173675537,0.15505939722061157,0.007230579853057861,0.7512783668127933,0.008557500763098901,ductal,0
0.1623287796974182,0.16010546684265137,-0.0022233128547668457,1.1370166337057455,-0.002647133380436378,ductal,0
0.21703732013702393,0.22833514213562012,0.011297821998596191,2.102686350676257,0.014640840364123182,ductal,0
0.2237977385520935,0.28375500440597534,0.059957265853881836,1.7307162884060139,0.0837105546603585,ductal,0
0.21191120147705078,0.22111225128173828,0.0092010498046875,1.5416212930459205,0.011813062690777656,ductal,0
0.3135455846786499,0.30934154987335205,-0.0042040348052978516,1.5217722116816097,-0.006086995394796004,ductal,0
0.21204209327697754,0.20528221130371094,-0.0067598819732666016,0.8258405028876856,-0.008506015681813273,ductal,0
0.28084421157836914,0.3125985860824585,0.031754374504089355,1.6290804494287001,0.04619480533669445,ductal,0
0.15467166900634766,0.17430037260055542,0.019628703594207764,5.02092891358903,0.023772208370771233,ductal,0
0.18794071674346924,0.17832374572753906,-0.009616971015930176,0.8745154124354866,-0.011704087791176777,ductal,0
0.17233169078826904,0.17418110370635986,0.0018494129180908203,1.0307534731158483,0.002239489706994082,ductal,0
0.1905357837677002,0.1923772692680359,0.0018414855003356934,0.876714185932828,0.002280130846077994,ductal,0
0.18454331159591675,0.18973755836486816,0.005194246768951416,0.9364729055223383,0.006410573293350835,ductal,0
0.1611209511756897,0.1621628999710083,0.0010419487953186035,1.4290249878682635,0.0012436173992325583,ductal,0
0.217704176902771,0.23920732736587524,0.021503150463104248,1.8287043173614632,0.028264139806516507,ductal,0
0.14540702104568481,0.1409406065940857,-0.004466414451599121,0.9416823894260951,-0.005199191680904762,ductal,0
0.17487335205078125,0.17523860931396484,0.00036525726318359375,0.9439862467821042,0.0004428641632700257,ductal,0
0.15092229843139648,0.1655842661857605,0.014661967754364014,0.793813649552684,0.01757153797585043,ductal,0
0.19012928009033203,0.1909763216972351,0.0008470416069030762,0.6266693739447898,0.001046992355872783,ductal,0
0.14611554145812988,0.15834784507751465,0.012232303619384766,0.45353316785213443,0.014533680627849564,ductal,0
0.19047313928604126,0.19425106048583984,0.003777921199798584,1.4595257291063692,0.004688707629049497,ductal,0
0.2474890947341919,0.250705361366272,0.003216266632080078,1.6467970763636068,0.0042923924264888025,ductal,0
0.28056108951568604,0.29692745208740234,0.01636636257171631,2.2110193382585557,0.023278341076333548,ductal,0
0.31066662073135376,0.3209407925605774,0.010274171829223633,1.1504883546640376,0.015130008866185898,ductal,0
0.29011183977127075,0.29276400804519653,0.0026521682739257812,1.440448317300457,0.003750047090498288,ductal,0
0.22012555599212646,0.21884077787399292,-0.001284778118133545,1.652307207010937,-0.0016447070990685945,ductal,0
0.26033133268356323,0.25990742444992065,-0.0004239082336425781,1.034462683806326,-0.0005727773087407412,ductal,0
0.24044758081436157,0.2636551856994629,0.02320760488510132,1.2474561155255757,0.03151730606963873,ductal,0
0.27219319343566895,0.2778584361076355,0.005665242671966553,1.197550101242906,0.007845058303292676,ductal,0
0.24794071912765503,0.2506002187728882,0.0026594996452331543,0.7011450611379372,0.0035488396338711646,ductal,0
0.23352760076522827,0.2366349697113037,0.0031073689460754395,1.2663994189831749,0.004070619982291128,ductal,0
0.22021502256393433,0.2327136993408203,0.012498676776885986,1.5700655700235693,0.01628945644689382,ductal,0
0.2224583625793457,0.24373626708984375,0.021277904510498047,1.004482367443755,0.028135561160151323,ductal,0
0.30663347244262695,0.3017383813858032,-0.0048950910568237305,1.8554415057286457,-0.007010396857468353,ductal,0
0.24980199337005615,0.2628225088119507,0.013020515441894531,1.4880514253530928,0.0176626600751339,ductal,0
0.23724216222763062,0.23932015895843506,0.0020779967308044434,1.6953680672745457,0.0027317625874758757,ductal,0
0.22599351406097412,0.22915971279144287,0.00316619873046875,1.6351910029298142,0.004107464001310182,ductal,0
0.3192107081413269,0.3198953866958618,0.0006846785545349121,1.1769657980504205,0.001006725349514323,ductal,0
0.25936830043792725,0.2655988335609436,0.006230533123016357,1.5997269899708642,0.008483827923676633,ductal,0
0.23123884201049805,0.25039124488830566,0.019152402877807617,2.2348257176986235,0.02554986550944678,ductal,0
0.22689968347549438,0.23082083463668823,0.003921151161193848,1.552634840907131,0.005097838498188836,ductal,0
0.2620750665664673,0.27114808559417725,0.009073019027709961,1.9324117433098922,0.012448370990568777,ductal,0
0.2159138321876526,0.24335330724716187,0.027439475059509277,0.8092133075173615,0.036264580711611594,ductal,0
0.2972281575202942,0.28503113985061646,-0.012197017669677734,1.6563643711100278,-0.017059508951381915,ductal,0
0.21005547046661377,0.2053678035736084,-0.004687666893005371,1.1055455521761293,-0.005899165568783493,ductal,0
0.2870716452598572,0.29274803400039673,0.005676388740539551,1.3221440719305915,0.008025978029649952,ductal,0
0.27928316593170166,0.27946341037750244,0.00018024444580078125,1.89725453110291,0.00025015307813197195,ductal,0
0.24483144283294678,0.2748839259147644,0.030052483081817627,1.4679479146634242,0.041445065356922474,ductal,0
0.21456295251846313,0.22287988662719727,0.00831693410873413,1.4222268917773422,0.010702250483052808,ductal,0
0.20516979694366455,0.20474892854690552,-0.0004208683967590332,1.2917232320379337,-0.0005292270728916043,ductal,0
0.26713407039642334,0.29741472005844116,0.030280649662017822,1.04694376615518,0.04309889564514727,ductal,0
0.1860230565071106,0.19110476970672607,0.0050817131996154785,0.8726318566676057,0.006282288495845187,ductal,0
0.1062125563621521,0.10671442747116089,0.0005018711090087891,1.094177259532037,0.0005618260547833783,ductal,0
0.19409364461898804,0.20502841472625732,0.010934770107269287,0.8977709199304251,0.013754919433383243,ductal,0
0.26050299406051636,0.25855761766433716,-0.0019453763961791992,1.041486050014881,-0.0026237728548116584,ductal,0
0.1708385944366455,0.17580902576446533,0.004970431327819824,1.5423700395787023,0.006030679154706916,ductal,0
0.26428478956222534,0.2651714086532593,0.0008866190910339355,0.8552833295263577,0.0012065658596775667,ductal,0
0.2794445753097534,0.30457955598831177,0.02513498067855835,1.4436797046840002,0.03614357457419801,ductal,0
0.2923228144645691,0.3193378448486328,0.02701503038406372,1.9133690178939733,0.03968933806530797,ductal,0
0.2593386173248291,0.2567787170410156,-0.0025599002838134766,1.2834120202802597,-0.003444331240921619,ductal,0
0.16427385807037354,0.1608750820159912,-0.0033987760543823242,1.2612214676277493,-0.004050381512382992,ductal,0
0.21123534440994263,0.20854532718658447,-0.0026900172233581543,0.9184874896597787,-0.0033988266362694436,ductal,0
0.20438474416732788,0.2074909210205078,0.0031061768531799316,1.7235153153819518,0.003919421159414012,ductal,0
0.21620380878448486,0.22938644886016846,0.013182640075683594,1.4257850808841528,0.017106680846949628,ductal,0
0.29943954944610596,0.3131861686706543,0.01374661922454834,1.669014665148967,0.020015058808500415,ductal,0
0.20778465270996094,0.19630950689315796,-0.011475145816802979,2.729713088052568,-0.014278065891315054,ductal,0
0.27168524265289307,0.2702048420906067,-0.001480400562286377,3.524396219036095,-0.0020285151884635744,ductal,0
0.3085523247718811,0.30107587575912476,-0.007476449012756348,1.86954143739355,-0.010697082492147153,ductal,0
0.2918034791946411,0.2933472990989685,0.0015438199043273926,0.8857361979667285,0.002184693983846541,ductal,0
0.18071132898330688,0.18212395906448364,0.0014126300811767578,0.9799819749870882,0.0017271933770806394,ductal,0
0.23626458644866943,0.24432730674743652,0.00806272029876709,1.2835398550434496,0.010669593291857035,ductal,0
0.296516478061676,0.2910405397415161,-0.005475938320159912,0.5371839425966835,-0.007723908949833896,ductal,0
0.3261929750442505,0.3189316987991333,-0.0072612762451171875,0.7005390499198596,-0.010661597716872199,ductal,0
0.26464927196502686,0.26299792528152466,-0.0016513466835021973,1.064522782602028,-0.0022406269129337107,ductal,0
0.27803999185562134,0.29392898082733154,0.015888988971710205,2.000618901707795,0.022503386402019397,ductal,0
0.33560436964035034,0.3657243251800537,0.03011995553970337,6.959683443255816,0.047487168017681915,ductal,0
0.2666701078414917,0.27115046977996826,0.0044803619384765625,2.2024714690750287,0.006147169961300504,ductal,0
0.2985413670539856,0.3150522708892822,0.01651090383529663,1.201989178561279,0.02410534867636263,ductal,0
0.18875503540039062,0.4372525215148926,0.24849748611450195,3.5354585715524705,0.4415790307642901,ductal,0
0.24343085289001465,0.23934638500213623,-0.004084467887878418,1.1615782795988987,-0.005369681820140812,ductal,0
0.27939385175704956,0.2897369861602783,0.01034313440322876,0.9118164306657273,0.014562400408988208,ductal,0
0.3905597925186157,0.3783884644508362,-0.012171328067779541,4.79600746981846,-0.01958028024210773,ductal,0
0.28845930099487305,0.2860661745071411,-0.0023931264877319336,1.3073924861151345,-0.0033520284405629003,ductal,0
0.23604607582092285,0.250049889087677,0.01400381326675415,1.0570459048735823,0.018672993127127283,ductal,0
0.32769596576690674,0.33709049224853516,0.009394526481628418,3.488291646803164,0.01417165747628796,ductal,0
0.2550705671310425,0.25198549032211304,-0.0030850768089294434,0.6465003429547188,-0.004124354232457271,ductal,0
0.20883989334106445,0.21051543951034546,0.0016755461692810059,1.1361413509333995,0.002122329242565298,ductal,0
0.1721494197845459,0.1793549656867981,0.007205545902252197,0.7955417926800744,0.008780344242602432,ductal,0
0.22533220052719116,0.2233600616455078,-0.0019721388816833496,1.1278305262640353,-0.0025393220001817367,ductal,0
0.19909250736236572,0.20669209957122803,0.007599592208862305,1.8162381342464684,0.009579625016661033,ductal,0
0.26722002029418945,0.2649270296096802,-0.0022929906845092773,0.8224719999888621,-0.003119405524177704,ductal,0
0.2055719494819641,0.22636562585830688,0.020793676376342773,1.0677393321130404,0.02687791167424828,ductal,0
0.22950416803359985,0.2379266619682312,0.008422493934631348,1.339335714550279,0.01105207794880266,ductal,0
0.21071666479110718,0.21071547269821167,-1.1920928955078125e-06,1.070972981941803,-1.510346211375822e-06,ductal,0
0.39361506700515747,0.4103367328643799,0.016721665859222412,4.181146606135216,0.028357991401517128,ductal,0
0.27491551637649536,0.28721147775650024,0.012295961380004883,0.9493174720679176,0.01725050417661522,ductal,0
0.3263450860977173,0.3240032196044922,-0.0023418664932250977,1.7055956779723795,-0.003464316045787871,ductal,0
0.307625949382782,0.2960088849067688,-0.011617064476013184,2.3442833695721648,-0.016501720301505096,ductal,0
0.22488415241241455,0.2322402000427246,0.007356047630310059,1.461048584515508,0.009581183634151476,ductal,0
0.27533888816833496,0.282936692237854,0.007597804069519043,1.10226129347321,0.01059572284242339,ductal,0
0.24438154697418213,0.25463950634002686,0.010257959365844727,1.3988019446629338,0.013762413561087284,ductal,0
0.19104743003845215,0.21859699487686157,0.027549564838409424,0.696256534095715,0.03525653812153946,ductal,0
0.21752405166625977,0.25602442026138306,0.03850036859512329,0.6042245219957523,0.0517495058220187,ductal,0
0.20848214626312256,0.2378075122833252,0.029325366020202637,1.3133710951667144,0.03847501319260389,ductal,0
0.21559876203536987,0.2394588589668274,0.02386009693145752,2.7980701179766396,0.03137252627654605,ductal,0
0.29885971546173096,0.320459246635437,0.021599531173706055,1.3679778526544064,0.03178548316162319,ductal,0
0.26758962869644165,0.3103100061416626,0.04272037744522095,0.5806101560999968,0.06194141980548398,ductal,0
0.21350133419036865,0.22807663679122925,0.014575302600860596,1.4206145116611033,0.018881800053664948,ductal,0
0.23650455474853516,0.24506652355194092,0.008561968803405762,1.436846584876491,0.011341355325358713,ductal,0
0.2925680875778198,0.316650390625,0.024082303047180176,0.5584047140644622,0.035241555298767414,ductal,0
0.2317153811454773,0.2413838505744934,0.009668469429016113,1.3261546198320173,0.01274487688712923,ductal,0
0.26713621616363525,0.2710191011428833,0.003882884979248047,4.9366723050634915,0.0053264564069313266,ductal,0
0.253142774105072,0.28863662481307983,0.03549385070800781,1.3326509100946746,0.04989552730161478,ductal,0
0.22901803255081177,0.2394404411315918,0.01042240858078003,1.6105409554028578,0.013703606061157022,ductal,0
0.17669349908828735,0.19346392154693604,0.01677042245864868,1.2241483598792215,0.020793146031129008,ductal,0
0.23374027013778687,0.24264144897460938,0.00890117883682251,0.768020070096954,0.011752925777059189,ductal,0
0.20742154121398926,0.20967167615890503,0.0022501349449157715,1.1334294714310107,0.002847088832625703,ductal,0
0.16652584075927734,0.18020492792129517,0.013679087162017822,2.427240829436951,0.016685983641414905,ductal,0
0.2486497163772583,0.24959570169448853,0.0009459853172302246,1.647976131551137,0.0012606341932826807,ductal,0
0.17621952295303345,0.18890196084976196,0.012682437896728516,1.4966737115309467,0.015636134332189373,ductal,0
0.33771830797195435,0.32660168409347534,-0.011116623878479004,0.6065441076232204,-0.01650824425290383,ductal,0
0.3359419107437134,0.34726643562316895,0.011324524879455566,1.222515098296274,0.017349383419967324,ductal,0
0.18809813261032104,0.20655614137649536,0.018458008766174316,1.9959291463781086,0.023263156637441173,ductal,0
0.15815621614456177,0.16164642572402954,0.0034902095794677734,0.8785192619177722,0.0041631713474616396,ductal,0
0.2075076699256897,0.21755605936050415,0.010048389434814453,1.929955448456816,0.012842312289621474,ductal,0
0.18850165605545044,0.19181370735168457,0.003312051296234131,0.9147979168692467,0.004098128521062877,ductal,0
0.21744108200073242,0.23520278930664062,0.017761707305908203,0.5370270151635239,0.02322407437888741,ductal,0
0.22861021757125854,0.23099690675735474,0.0023866891860961914,1.5741956365794223,0.0031036145459861163,ductal,0
0.28773653507232666,0.300998330116272,0.013261795043945312,1.652388805628539,0.018972479774120254,ductal,0
0.283763587474823,0.28258222341537476,-0.0011813640594482422,1.0495850861008762,-0.0016466891370775655,ductal,0
0.25991392135620117,0.27322375774383545,0.013309836387634277,0.600819177561278,0.01831352707171047,ductal,0
0.22864365577697754,0.2476813793182373,0.019037723541259766,0.664111587963044,0.025305399890285168,ductal,0
0.22733253240585327,0.2315664291381836,0.004233896732330322,0.640206607599014,0.005509775851648318,ductal,0
0.2398470640182495,0.238172709941864,-0.001674354076385498,1.3248732526076579,-0.0021978132028556314,ductal,0
0.2443351149559021,0.26833057403564453,0.02399545907974243,0.9405077634484807,0.03279549237432727,ductal,0
0.2555398941040039,0.2822915315628052,0.02675163745880127,1.0559603837693325,0.03727368233100659,ductal,0
0.19287490844726562,0.21622097492218018,0.02334606647491455,0.9794765824430056,0.029786541522461088,ductal,0
0.26135551929473877,0.2744666337966919,0.013111114501953125,1.023419209006679,0.018071001435210555,ductal,0
0.24178242683410645,0.24513846635818481,0.003356039524078369,0.9456553926642541,0.004445900836789523,ductal,0
0.28166282176971436,0.29601895809173584,0.014356136322021484,0.9942178138929362,0.020392788253369234,ductal,0
0.2655267119407654,0.2912710905075073,0.025744378566741943,1.1586452415771415,0.036324719116053845,ductal,0
0.29016852378845215,0.28575897216796875,-0.0044095516204833984,1.8470412137607453,-0.00617375850539966,ductal,0
0.2306649088859558,0.23534637689590454,0.0046814680099487305,1.8453264770213043,0.006122338099889475,ductal,0
0.22591310739517212,0.44057995080947876,0.21466684341430664,2.1597949131183283,0.383731050978471,ductal,0
0.23234277963638306,0.2613232135772705,0.02898043394088745,1.414205287555554,0.03923290195869584,ductal,0
0.20978069305419922,0.22605186700820923,0.01627117395401001,1.4693163652148429,0.021023597396781366,ductal,0
0.21989858150482178,0.21880048513412476,-0.0010980963706970215,1.5618067017618575,-0.0014056541892317413,ductal,0
0.21984350681304932,0.25020891427993774,0.030365407466888428,1.3364397949408957,0.04049849090660633,ductal,0
0.22348833084106445,0.24919378757476807,0.025705456733703613,0.8634027166936645,0.034237139102339886,ductal,0
0.21022582054138184,0.23929351568222046,0.029067695140838623,1.046642522855061,0.038211446517255936,ductal,0
0.2848733067512512,0.2923019528388977,0.007428646087646484,1.7572804750478275,0.010496914775229566,ductal,0
0.2123892903327942,0.22613662481307983,0.013747334480285645,1.3373987290930685,0.017764549817291832,ductal,0
0.24913698434829712,0.26127177476882935,0.012134790420532227,2.4354273372326767,0.016426596420808043,ductal,0
0.1810322403907776,0.18175846338272095,0.0007262229919433594,1.2178176310580384,0.0008875410981281435,ductal,0
0.2397603988647461,0.24453991651535034,0.004779517650604248,2.8121576004104805,0.006326631618388298,ductal,0
0.2658141255378723,0.2682529091835022,0.002438783645629883,0.9355798916194428,0.003332823151928954,ductal,0
0.25079619884490967,0.24944519996643066,-0.001350998878479004,2.1961320509032163,-0.0018000003176564577,ductal,0
0.17657947540283203,0.18383914232254028,0.007259666919708252,1.62952086163106,0.008894897190202197,ductal,0
0.20659464597702026,0.21361321210861206,0.007018566131591797,1.8171240685705643,0.008925081448038224,ductal,0
0.2767186164855957,0.2769768238067627,0.0002582073211669922,1.1662043404370654,0.0003571217765472886,ductal,0
0.24765783548355103,0.26000314950942993,0.012345314025878906,0.9846198805756434,0.016682927795834215,ductal,0
0.1618344783782959,0.16235750913619995,0.0005230307579040527,2.0519502244942682,0.0006244081020349015,ductal,0
0.2723490595817566,0.2889097332954407,0.016560673713684082,0.5746070611189268,0.023289130071252457,ductal,0
0.2931407690048218,0.3168213367462158,0.023680567741394043,1.53392792214538,0.03466233507441565,ductal,0
0.23900699615478516,0.24800050258636475,0.00899350643157959,1.169624535923399,0.011959458034893787,ductal,0
0.19391566514968872,0.19696462154388428,0.0030489563941955566,2.011809499973882,0.0037967896259531683,ductal,0
0.2351982593536377,0.24857878684997559,0.01338052749633789,0.8933055443608953,0.01780696001413845,ductal,0
0.21180444955825806,0.21108514070510864,-0.0007193088531494141,2.2643081145258344,-0.0009117699390176412,ductal,0
0.2359059453010559,0.2437456250190735,0.007839679718017578,1.5690135867036796,0.010366458664408126,ductal,0
0.18816310167312622,0.20263367891311646,0.014470577239990234,1.7487133090472295,0.018147966445667667,ductal,0
0.21689081192016602,0.23030495643615723,0.013414144515991211,2.273856832606446,0.017427869164755208,ductal,0
0.19309431314468384,0.17927175760269165,-0.013822555541992188,1.9078573131124956,-0.016841817824639685,ductal,0
0.1900281310081482,0.1935853362083435,0.0035572052001953125,1.6858098959107815,0.004411136552837219,ductal,0
0.21300959587097168,0.2183857560157776,0.005376160144805908,1.6935706202544873,0.006878278109929674,ductal,0
0.18676435947418213,0.19426125288009644,0.007496893405914307,1.8007846838321682,0.009304372456595636,ductal,0
0.3943288326263428,0.42240649461746216,0.028077661991119385,0.6854964237995703,0.04861145724366077,ductal,0
0.284340500831604,0.3072550296783447,0.022914528846740723,1.5411106171775137,0.033077871119152336,ductal,0
0.13904201984405518,0.140394926071167,0.0013529062271118164,2.7131294686771894,0.0015738695223474495,ductal,0
0.20448845624923706,0.21444475650787354,0.009956300258636475,1.92855364017116,0.012674220357026063,ductal,0
0.2291254997253418,0.24397915601730347,0.01485365629196167,1.095504979756653,0.01964715180829278,ductal,0
0.1964312195777893,0.1917896270751953,-0.004641592502593994,1.8628815315179803,-0.005743049901471438,ductal,0
0.24586719274520874,0.2691456079483032,0.023278415203094482,2.137264359527232,0.03185096163648407,ductal,0
0.3378658890724182,0.34382253885269165,0.0059566497802734375,1.1210791640981335,0.00907780308372433,ductal,0
0.2081815004348755,0.21513938903808594,0.006957888603210449,1.5715559351758959,0.008865126502759463,ductal,0
0.2516361474990845,0.2499333620071411,-0.0017027854919433594,1.3471027456679738,-0.0022701789490330204,ductal,0
0.18377429246902466,0.19439244270324707,0.010618150234222412,1.7475170990249917,0.013180301175242227,ductal,0
0.29841387271881104,0.29389679431915283,-0.004517078399658203,2.0239099707599184,-0.006397192879619761,ductal,0
0.23771989345550537,0.25692206621170044,0.01920217275619507,1.1354936438497116,0.025841398167080688,ductal,0
0.2534058094024658,0.2685661315917969,0.015160322189331055,1.2739592783735145,0.020726852890096535,ductal,0
0.24082326889038086,0.25740790367126465,0.01658463478088379,1.2064195433292582,0.022333438320816707,ductal,0
0.2944411039352417,0.2847954034805298,-0.009645700454711914,1.2378446872635385,-0.013486630960780363,ductal,0
0.26416707038879395,0.27338266372680664,0.009215593338012695,3.3122780737371373,0.012682870168332756,ductal,0
0.2343699336051941,0.23125988245010376,-0.003110051155090332,0.7904475740633016,-0.0040456470061723685,ductal,0
0.1968773603439331,0.22717070579528809,0.03029334545135498,1.4085710213485878,0.039197977714507656,ductal,0
0.2139785885810852,0.21296292543411255,-0.0010156631469726562,1.060759233442762,-0.0012904895840299187,ductal,0
0.25448721647262573,0.26003336906433105,0.005546152591705322,1.2989713818987212,0.007495138780369533,ductal,0
0.18210196495056152,0.18612021207809448,0.004018247127532959,1.4057963952578292,0.004937150654389421,ductal,0
0.19897067546844482,0.21434926986694336,0.015378594398498535,2.009017448705292,0.01957433985442111,ductal,0
0.16597586870193481,0.17196547985076904,0.0059896111488342285,1.4340309984936914,0.0072335283168565995,ductal,0
0.2009839415550232,0.227519690990448,0.026535749435424805,1.474132905641792,0.03435136032068965,ductal,0
0.1881665587425232,0.19148623943328857,0.003319680690765381,0.5555405093942991,0.004105904998374446,ductal,0
0.18295276165008545,0.1930452585220337,0.010092496871948242,1.361132259107383,0.012506893327701966,ductal,0
0.32009536027908325,0.31678617000579834,-0.003309190273284912,1.7133584860728628,-0.004843564529882243,ductal,0
0.18685555458068848,0.19513946771621704,0.008283913135528564,1.7511788854323609,0.01029235849349334,ductal,0
0.25362545251846313,0.2512547969818115,-0.0023706555366516113,1.2096798547266254,-0.0031661712517095397,ductal,0
0.16599434614181519,0.17556971311569214,0.009575366973876953,1.6809610656331684,0.01161452596563894,ductal,0
0.18088269233703613,0.18090111017227173,1.8417835235595703e-05,0.42661692513961763,2.248548431004383e-05,ductal,0
0.28536128997802734,0.2633177638053894,-0.02204352617263794,3.13615220260788,-0.029922706276325445,ductal,0
0.24603497982025146,0.25757741928100586,0.011542439460754395,3.0412390477967595,0.015546994071188132,ductal,0
0.13418656587600708,0.14810305833816528,0.013916492462158203,2.1303935073174936,0.016335887337511342,ductal,0
0.12242740392684937,0.1274922490119934,0.005064845085144043,2.695940974624439,0.005804928471304393,ductal,0
0.08549857139587402,0.09327608346939087,0.007777512073516846,1.9129899073653027,0.008577596699198012,ductal,0
0.10089123249053955,0.10684895515441895,0.0059577226638793945,1.6996275798507583,0.006670453668796233,ductal,0
0.07866775989532471,0.09077244997024536,0.012104690074920654,3.89485995500809,0.013313158047756611,ductal,0
0.12250357866287231,0.1381136178970337,0.015610039234161377,1.4374357250395313,0.018111481464730354,ductal,0
0.18020719289779663,0.24383634328842163,0.063629150390625,2.5437412751267687,0.08414732687277895,ductal,0
0.10612744092941284,0.11051499843597412,0.004387557506561279,2.4779095741466777,0.004932694198155582,ductal,0
0.1323171854019165,0.15898680686950684,0.026669621467590332,3.4863309981402377,0.03171129975775805,ductal,0
0.19161593914031982,0.1991303563117981,0.0075144171714782715,2.227181102817199,0.009382821824626204,ductal,0
0.11221557855606079,0.11660540103912354,0.004389822483062744,3.337521272297653,0.0049692657032615155,ductal,0
0.11765110492706299,0.1224101185798645,0.004759013652801514,1.737974217936579,0.005422821928051828,ductal,0
0.14944946765899658,0.15636533498764038,0.006915867328643799,1.1423740985821706,0.00819770407199007,ductal,0
0.10927700996398926,0.12071043252944946,0.011433422565460205,1.3932730494900605,0.013003023109156969,ductal,0
0.13562631607055664,0.1361619234085083,0.0005356073379516602,2.1887733626314207,0.0006200321014617053,ductal,0
0.1379503607749939,0.1567896604537964,0.01883929967880249,2.9084035300693207,0.022342348990812146,ductal,0
0.15386700630187988,0.16769087314605713,0.013823866844177246,4.938624331553153,0.016609053533307123,ductal,0
0.19098609685897827,0.19764423370361328,0.00665813684463501,0.8859225673866384,0.008298235177355881,ductal,0
0.1529160737991333,0.16095221042633057,0.008036136627197266,1.782549694004715,0.00957768642866043,ductal,0
0.14497005939483643,0.1549023985862732,0.009932339191436768,1.9461072993374133,0.01175289005059462,ductal,0
0.12984007596969604,0.15590155124664307,0.02606147527694702,3.2379936855066105,0.030874923790509306,ductal,0
0.09352564811706543,0.106875479221344,0.013349831104278564,1.6931486921913326,0.014947334659045899,ductal,0
0.12277191877365112,0.1283787488937378,0.00560683012008667,1.947942739414476,0.006432645042752776,ductal,0
0.13813817501068115,0.14717835187911987,0.00904017686843872,2.127281854758093,0.010600313545461681,ductal,0
0.16322565078735352,0.19429266452789307,0.03106701374053955,1.289479551297064,0.03855868300160843,ductal,0
0.1343855857849121,0.13809484243392944,0.003709256649017334,1.149684600333061,0.004303555462519663,ductal,0
0.16161620616912842,0.17051070928573608,0.008894503116607666,0.8531418595506588,0.010722866727970303,ductal,0
0.11679691076278687,0.12236326932907104,0.00556635856628418,1.5080828514420004,0.00634244029648674,ductal,0
0.13901591300964355,0.14771103858947754,0.008695125579833984,2.5846622320603494,0.010202086350436491,ductal,0
0.10350573062896729,0.11099696159362793,0.0074912309646606445,2.5983127649881013,0.00842655271245128,ductal,0
0.07960182428359985,0.0934222936630249,0.013820469379425049,1.507990019088267,0.015244660532483884,ductal,0
0.10654622316360474,0.11357223987579346,0.007026016712188721,1.0784601966262237,0.007926214665484115,ductal,0
0.10072928667068481,0.1091812252998352,0.00845193862915039,2.7045278831190376,0.009487831721996628,ductal,0
0.153644859790802,0.18103283643722534,0.02738797664642334,5.879452628281292,0.03344209373093385,ductal,0
0.2938498854637146,0.30338889360427856,0.009539008140563965,1.4139173759575927,0.013693448256831515,ductal,0
0.09858083724975586,0.09666252136230469,-0.0019183158874511719,2.2652977655415967,-0.0021235871784531122,ductal,0
0.08600616455078125,0.09121710062026978,0.005210936069488525,0.9123739630379752,0.005733972407541047,ductal,0
0.2024567723274231,0.22293442487716675,0.020477652549743652,3.846349764062871,0.02635254115652554,ductal,0
0.1077643632888794,0.11685121059417725,0.009086847305297852,1.9455543086708451,0.01028914653374708,ductal,0
0.11376720666885376,0.12852966785430908,0.014762461185455322,1.9174652263532674,0.01693971744179509,ductal,0
0.18869531154632568,0.20058602094650269,0.011890709400177002,1.669463413066812,0.014874282551645582,ductal,0
0.20430588722229004,0.2194117307662964,0.015105843544006348,5.397572552385965,0.019351871068771783,ductal,0
0.13958269357681274,0.14288699626922607,0.00330430269241333,3.424382733108891,0.003855154078902807,ductal,0
0.13374263048171997,0.13917547464370728,0.005432844161987305,2.553975628663028,0.006311209778483793,ductal,0
0.26600563526153564,0.27020561695098877,0.004199981689453125,2.052709723734578,0.005755020574296561,ductal,0
0.08802670240402222,0.10105282068252563,0.013026118278503418,3.325480882686155,0.014490415653112676,ductal,0
0.17701208591461182,0.22239470481872559,0.04538261890411377,7.715496481231127,0.05836202400542325,ductal,0
0.17461925745010376,0.20752501487731934,0.032905757427215576,3.8759931849796554,0.04152277112207085,ductal,0
0.09363585710525513,0.10935264825820923,0.0157167911529541,5.73013528379865,0.017646480531511854,ductal,0
0.11744612455368042,0.1275659203529358,0.010119795799255371,5.3481911028431455,0.011599496208755678,ductal,0
0.12764489650726318,0.13250011205673218,0.004855215549468994,4.096407419569627,0.005596790981702711,ductal,0
0.13582390546798706,0.13700956106185913,0.0011856555938720703,2.9062413758559034,0.0013738919232186976,ductal,0
0.10216516256332397,0.11307066679000854,0.01090550422668457,1.664923047717616,0.012295798344176039,ductal,0
0.09591799974441528,0.09860110282897949,0.002683103084564209,4.689480524118166,0.002976599031777104,ductal,0
0.09698021411895752,0.09892559051513672,0.0019453763961791992,6.614058036673825,0.0021589519974175657,ductal,0
0.2513520121574402,0.2626360058784485,0.0112839937210083,3.5671341238218246,0.015303152596230756,ductal,0
0.12405663728713989,0.1203508973121643,-0.003705739974975586,2.1582354264624812,-0.004212747973768644,ductal,0
0.13257169723510742,0.1441916823387146,0.011619985103607178,2.7700106089390406,0.01357778939957227,ductal,0
0.08799660205841064,0.09189361333847046,0.0038970112800598145,2.4031531221326534,0.004291359842084574,ductal,0
0.09890741109848022,0.10763168334960938,0.00872427225112915,2.011129809576199,0.009776537432297835,ductal,0
0.1977778673171997,0.2069067358970642,0.009128868579864502,2.247319738451003,0.011510460362048495,ductal,0
0.13960957527160645,0.14817523956298828,0.008565664291381836,2.733846375919652,0.01005566483766848,ductal,0
0.17078083753585815,0.1990078091621399,0.02822697162628174,9.70029054568734,0.03524000851588271,ductal,0
0.21736305952072144,0.23143625259399414,0.014073193073272705,1.786976862088686,0.01831102900803142,ductal,0
0.1576632857322693,0.16191214323043823,0.004248857498168945,2.577526544332508,0.005069704165081584,ductal,0
0.12310177087783813,0.1509382128715515,0.02783644199371338,3.7628951251379927,0.03278494264576084,ductal,0
0.17605197429656982,0.18173539638519287,0.005683422088623047,3.723603339672402,0.006945701993604115,ductal,0
0.1548052430152893,0.18720656633377075,0.032401323318481445,2.8638309081861824,0.039864154871835415,ductal,0
0.1798783540725708,0.17771005630493164,-0.00216829776763916,3.440387413449212,-0.002636901720937542,ductal,0
0.2573705315589905,0.26036036014556885,0.002989828586578369,3.5332578079908643,0.004042277381410762,ductal,0
0.2944585680961609,0.31701934337615967,0.02256077527999878,3.1050446511018452,0.033032817344378164,ductal,0
0.15616178512573242,0.19399112462997437,0.03782933950424194,4.022465180558887,0.046934147576073657,ductal,0
0.341156542301178,0.3477773666381836,0.006620824337005615,1.8977586903018475,0.01015117231194391,ductal,0
0.13371169567108154,0.16307491064071655,0.02936321496963501,4.280957582729821,0.03508463940555817,ductal,0
0.1495998501777649,0.161113440990448,0.011513590812683105,2.4529673012054545,0.013724848358849443,ductal,0
0.15905779600143433,0.2081579566001892,0.04910016059875488,1.7093437493027457,0.062007519060166404,ductal,0
0.1450662612915039,0.18170595169067383,0.03663969039916992,2.132972017972113,0.044775701931195795,ductal,0
0.24722570180892944,0.29259049892425537,0.04536479711532593,1.6206019672687892,0.06412805743538999,ductal,0
0.12607020139694214,0.13951200246810913,0.013441801071166992,2.0498663524423204,0.015621137203216853,ductal,0
0.15743154287338257,0.17908644676208496,0.021654903888702393,2.603894666934222,0.0263790307801465,ductal,0
0.18851447105407715,0.20103979110717773,0.012525320053100586,9.567604084218926,0.015677026106791777,ductal,0
0.10117822885513306,0.11066579818725586,0.009487569332122803,3.3233181084943952,0.01066817098992048,ductal,0
0.20040827989578247,0.20741629600524902,0.007008016109466553,4.656675266974527,0.008841988643148994,ductal,0
0.16874581575393677,0.17290836572647095,0.00416254997253418,2.058052177648418,0.00503275550137843,ductal,0
0.11737293004989624,0.1299833059310913,0.012610375881195068,5.024493927713687,0.014494406793757773,ductal,0
0.17912143468856812,0.2097482681274414,0.03062683343887329,4.427738538977101,0.0387557941395469,ductal,0
0.2096678614616394,0.21162056922912598,0.0019527077674865723,3.9562298233439686,0.0024768629054378335,ductal,0
0.15443003177642822,0.1588839292526245,0.004453897476196289,4.823220968864614,0.005295223371774087,ductal,0
0.09489470720291138,0.10549288988113403,0.010598182678222656,1.574449423963166,0.011848069801048673,ductal,0
0.15096694231033325,0.15533733367919922,0.004370391368865967,2.858589564990618,0.005174126362069024,ductal,0
0.10136514902114868,0.10556352138519287,0.0041983723640441895,2.61315703053806,0.0046938742598536575,ductal,0
0.1383562684059143,0.15262198448181152,0.014265716075897217,2.4331657556534614,0.01683512648976791,ductal,0
0.16778260469436646,0.17367780208587646,0.00589519739151001,2.723735053677905,0.007134259985259013,ductal,0
0.14589053392410278,0.15930551290512085,0.013414978981018066,4.199000839177612,0.01595702028138086,ductal,0
0.23049592971801758,0.25648778676986694,0.025991857051849365,2.3653964256569777,0.034958211296798596,ductal,0
0.2951173782348633,0.30314701795578003,0.008029639720916748,2.7887057138843048,0.011522717026139115,ductal,0
0.11759805679321289,0.12362653017044067,0.006028473377227783,1.180671338281607,0.00687888621092127,ductal,0
0.0849713683128357,0.07451236248016357,-0.01045900583267212,3.4106220701003407,-0.011301075680168603,ductal,0
0.15565234422683716,0.16984379291534424,0.01419144868850708,3.302067187748615,0.017094913664916916,ductal,0
0.09996676445007324,0.11827963590621948,0.01831287145614624,1.9787647335161116,0.02076947771867325,ductal,0
0.09292668104171753,0.1468539834022522,0.05392730236053467,2.1206867267170626,0.06320993277984324,ductal,0
0.15044009685516357,0.1685950756072998,0.01815497875213623,2.0491006063532455,0.021836506159014557,ductal,0
0.1353158950805664,0.14293509721755981,0.007619202136993408,2.3038577973532934,0.008889877665341162,ductal,0
0.13955450057983398,0.15495938062667847,0.015404880046844482,5.3669065568655,0.018229750965425395,ductal,0
0.13189756870269775,0.15665298700332642,0.024755418300628662,1.747578779232985,0.029353774803405043,ductal,0
0.21578991413116455,0.21915215253829956,0.0033622384071350098,1.7874564253251357,0.004305881636306775,ductal,0
0.16199851036071777,0.17806929349899292,0.016070783138275146,2.597154901024365,0.01955247931627854,ductal,0
0.11231380701065063,0.12244951725006104,0.0101357102394104,1.7908211845401991,0.011550002465554573,ductal,0
0.14809662103652954,0.1624630093574524,0.014366388320922852,2.3100052457535254,0.01715313888393293,ductal,0
0.09825372695922852,0.11039543151855469,0.012141704559326172,2.310653621875509,0.01364842873958264,ductal,0
0.12269043922424316,0.16520237922668457,0.042511940002441406,1.6566563524758022,0.05092484566865492,ductal,0
0.10366207361221313,0.1679757833480835,0.06431370973587036,3.834896861736532,0.07729788201919185,ductal,0
0.09949982166290283,0.1112775206565857,0.011777698993682861,4.208179670790526,0.013252392358055568,ductal,0
0.12939900159835815,0.13649296760559082,0.007093966007232666,3.2803408570799313,0.008215296159849313,ductal,0
0.13947618007659912,0.14402776956558228,0.004551589488983154,1.3242594328888415,0.0053174499442267655,ductal,0
0.10279262065887451,0.11049818992614746,0.007705569267272949,3.083655369757008,0.008662792115772288,ductal,0
0.08494371175765991,0.10549432039260864,0.02055060863494873,2.311800025749463,0.022974262884466676,ductal,0
0.24598443508148193,0.2694457769393921,0.023461341857910156,4.107609498018105,0.032114442867252804,ductal,0
0.17156517505645752,0.17650353908538818,0.004938364028930664,2.342472540854474,0.005996824835708337,ductal,0
0.14307528734207153,0.1519576907157898,0.008882403373718262,3.3878663975039722,0.010474009700312537,ductal,0
0.14416009187698364,0.15550893545150757,0.011348843574523926,4.4349472844309314,0.013438678099680771,ductal,0
0.12461245059967041,0.1314106583595276,0.006798207759857178,3.273047726186793,0.007826722518857594,ductal,0
0.11063194274902344,0.12001603841781616,0.009384095668792725,1.7039478283669283,0.01066393943353287,ductal,0
0.2419874668121338,0.2537878155708313,0.01180034875869751,2.8408128607455345,0.015813664001914474,ductal,0
0.13219672441482544,0.13834714889526367,0.006150424480438232,0.7653124327617108,0.007137937827923035,ductal,0
0.14657855033874512,0.162977397441864,0.016398847103118896,1.8375436906838285,0.019591880856024917,ductal,0
0.1333877444267273,0.15261155366897583,0.019223809242248535,3.8975386966881715,0.02268594683522383,ductal,0
0.1393412947654724,0.16095012426376343,0.021608829498291016,6.16831810708809,0.025753927297027523,ductal,0
0.11630338430404663,0.13054388761520386,0.014240503311157227,3.481658852737279,0.016378633847426206,ductal,0
0.14934802055358887,0.1648140549659729,0.015466034412384033,6.547089837750027,0.01851807313610135,ductal,0
0.12264007329940796,0.13125324249267578,0.008613169193267822,2.2935466297604417,0.009914476363608421,ductal,0
0.18010812997817993,0.18189620971679688,0.0017880797386169434,1.9667653177666256,0.002185639230442831,ductal,0
0.1869734525680542,0.22504442930221558,0.03807097673416138,2.8170968293662964,0.04912665728679331,ductal,0
0.1542116403579712,0.16041326522827148,0.006201624870300293,3.629269406896552,0.007386520788690671,ductal,0
0.14336693286895752,0.1505063772201538,0.007139444351196289,1.3846271374573216,0.008404353087235052,ductal,0
0.10904216766357422,0.11236846446990967,0.0033262968063354492,2.967219527545267,0.0037473846671625933,ductal,0
0.12999290227890015,0.14433413743972778,0.014341235160827637,3.1843530509471414,0.016760321742784794,ductal,0
0.1625666618347168,0.1700482964515686,0.007481634616851807,4.179052701514789,0.009014542153313647,ductal,0
0.19706088304519653,0.21555590629577637,0.018495023250579834,8.731574867016034,0.023577235648807655,ductal,0
0.11862969398498535,0.12844741344451904,0.009817719459533691,2.7030337200907644,0.011264632348043315,ductal,0
0.11646884679794312,0.12986475229263306,0.013395905494689941,1.318232985011087,0.01539519922906868,ductal,0
0.11463701725006104,0.13071030378341675,0.016073286533355713,1.755361596569877,0.01849013810161516,ductal,0
0.15773284435272217,0.15765893459320068,-7.390975952148438e-05,2.4167302592437174,-8.77432699850511e-05,ductal,0
0.13778448104858398,0.14393490552902222,0.006150424480438232,3.036369588103614,0.007184528980519884,ductal,0
0.10515719652175903,0.11695855855941772,0.011801362037658691,1.5328354273218021,0.013364448692697936,ductal,0
0.17314839363098145,0.18453705310821533,0.011388659477233887,3.128163349682261,0.013965882227565158,ductal,0
0.1017235517501831,0.11263734102249146,0.01091378927230835,2.630152332535285,0.01229913064505566,ductal,0
0.2285904884338379,0.23546653985977173,0.006876051425933838,3.92490327247636,0.008993787433021773,ductal,0
0.11763268709182739,0.13056957721710205,0.012936890125274658,0.6356597011676086,0.01487973020758336,ductal,0
0.12637895345687866,0.1388968825340271,0.012517929077148438,2.90449629394786,0.014537084842969568,ductal,0
0.12463915348052979,0.1362764835357666,0.011637330055236816,2.6893671589174697,0.013473443565454567,ductal,0
0.08733385801315308,0.09690713882446289,0.009573280811309814,1.8422809327903114,0.010600549758358708,ductal,0
0.1583825945854187,0.17118364572525024,0.012801051139831543,4.934214088134294,0.01544497894353571,ductal,0
0.1680772304534912,0.18839102983474731,0.020313799381256104,3.687742991069063,0.02502904739596457,ductal,0
0.22557014226913452,0.257063627243042,0.03149348497390747,3.742202976605995,0.0423905547349075,ductal,0
0.3088136911392212,0.3190012574195862,0.01018756628036499,4.515857399352063,0.01495974315864764,ductal,0
0.11176764965057373,0.12087208032608032,0.009104430675506592,6.933241998200495,0.010356206954368537,ductal,0
0.12468522787094116,0.14538782835006714,0.020702600479125977,0.9167551928586244,0.024224556080399706,ductal,0
0.1421838402748108,0.14570671319961548,0.0035228729248046875,1.9144224957985465,0.004123727739918255,ductal,0
0.11005216836929321,0.11865943670272827,0.008607268333435059,0.9222474144827106,0.009766109370064101,ductal,0
0.1213616132736206,0.12402576208114624,0.0026641488075256348,4.035938985892114,0.0030413552045264933,ductal,0
0.20769625902175903,0.22098112106323242,0.013284862041473389,4.125512547868355,0.017053324894519932,ductal,0
0.15700501203536987,0.16451424360275269,0.0075092315673828125,2.1584878538017214,0.008987863060363662,ductal,0
0.11138343811035156,0.12795358896255493,0.01657015085220337,2.6086250990458604,0.01900145524650506,ductal,0
0.15109622478485107,0.15485137701034546,0.0037551522254943848,3.5132799325103767,0.004443185640190473,ductal,0
0.18382692337036133,0.18602317571640015,0.0021962523460388184,2.539738090096367,0.002698175526031459,ductal,0
0.09799575805664062,0.1198962926864624,0.021900534629821777,2.66315060810486,0.02488403860571365,ductal,0
0.14251059293746948,0.1561187505722046,0.013608157634735107,5.29909467146094,0.016125678398426668,ductal,0
0.16222387552261353,0.17525172233581543,0.013027846813201904,3.434858280617573,0.015796149159715486,ductal,0
0.18234294652938843,0.18265676498413086,0.00031381845474243164,3.1276942194204973,0.0003839494123131009,ductal,0
0.16148442029953003,0.16741228103637695,0.005927860736846924,1.9382299092206354,0.0071198032373402335,ductal,0
0.19022786617279053,0.19893711805343628,0.008709251880645752,3.2300605417751638,0.010872120125554285,ductal,0
0.11349689960479736,0.11988270282745361,0.00638580322265625,3.91952111689613,0.007255627452353453,ductal,0
0.14439505338668823,0.16232383251190186,0.017928779125213623,3.126124594897317,0.02140299535914439,ductal,0
0.11164486408233643,0.12092989683151245,0.009285032749176025,2.7169097507604105,0.010562334807780857,ductal,0
0.18013304471969604,0.19352936744689941,0.01339632272720337,3.1075631161306645,0.01661104842068916,ductal,0
0.13795602321624756,0.14868414402008057,0.010728120803833008,2.459946403550567,0.012601810160676791,ductal,0
0.13050967454910278,0.13858669996261597,0.008077025413513184,3.5461405147357867,0.009376480968151586,ductal,0
0.16226011514663696,0.17193496227264404,0.00967484712600708,1.6205600424715987,0.011683680248788098,ductal,0
0.13930052518844604,0.148684561252594,0.00938403606414795,1.6548722640816411,0.01102298353469928,ductal,0
0.11744004487991333,0.12402653694152832,0.00658649206161499,2.6461161134447058,0.007519054331415675,ductal,0
0.12697118520736694,0.1369560956954956,0.009984910488128662,2.5145353982818435,0.011569411982783353,ductal,0
0.1646067500114441,0.1738802194595337,0.0092734694480896,2.0726134927044018,0.011225332774410372,ductal,0
0.19987648725509644,0.23600637912750244,0.036129891872406006,5.07562652863906,0.04729082924952289,ductal,0
0.09487688541412354,0.10713118314743042,0.012254297733306885,2.354714443014689,0.01372463401343124,ductal,0
0.10568922758102417,0.13130438327789307,0.025615155696868896,4.210575912312959,0.02948691717073911,ductal,0
0.1367814540863037,0.1436893343925476,0.0069078803062438965,2.235205834068952,0.008067025886386178,ductal,0
0.2047349214553833,0.21004718542099,0.0053122639656066895,3.7785648869764663,0.006724786427196613,ductal,0
0.14493697881698608,0.15068912506103516,0.005752146244049072,2.961537987073623,0.0067727217604065726,ductal,0
0.16127616167068481,0.17508453130722046,0.013808369636535645,1.590430083730864,0.01673913286947738,ductal,0
0.17274802923202515,0.19623810052871704,0.023490071296691895,4.90358737526588,0.029225161471505102,ductal,0
0.1195337176322937,0.13197088241577148,0.012437164783477783,3.661956197868744,0.01432805021344339,ductal,0
0.12365049123764038,0.14844661951065063,0.024796128273010254,3.1858879382119007,0.029118701001176268,ductal,0
0.1144142746925354,0.1166229248046875,0.0022086501121520996,1.6947209615334373,0.002500234808180609,ductal,0
0.1767851710319519,0.20335155725479126,0.026566386222839355,5.081409907560663,0.03334769114879957,ductal,0
0.14700233936309814,0.15370947122573853,0.006707131862640381,4.400787485261238,0.0079253301727892,ductal,0
0.13580632209777832,0.14637768268585205,0.01057136058807373,2.530124309900765,0.012384119268736603,ductal,0
0.10448551177978516,0.11114811897277832,0.006662607192993164,1.4319062787337449,0.007495745168805147,ductal,0
0.13349932432174683,0.14147675037384033,0.007977426052093506,4.657396405431808,0.00929203263344032,ductal,0
0.13024437427520752,0.13769078254699707,0.007446408271789551,3.3975017161641325,0.008635426968743252,ductal,0
0.1659676432609558,0.18007075786590576,0.014103114604949951,3.0609262550570007,0.017200404474223493,ductal,0
0.13407176733016968,0.14493364095687866,0.010861873626708984,0.8812301079685702,0.01270295984847793,ductal,0
0.13000589609146118,0.13784795999526978,0.007842063903808594,1.040957264818344,0.009095917587535451,ductal,0
0.14428216218948364,0.1492762565612793,0.004994094371795654,4.233144727134194,0.0058704067099490664,ductal,0
0.12972420454025269,0.1447664499282837,0.015042245388031006,1.6578969714999434,0.017588465030130805,ductal,0
0.09126907587051392,0.09718948602676392,0.00592041015625,1.6642973824588312,0.006557754993563922,ductal,0
0.20034754276275635,0.20708400011062622,0.006736457347869873,2.955533175845447,0.008495802012835826,ductal,0
0.10819506645202637,0.1274498701095581,0.01925480365753174,4.1176735435472045,0.022067274988486204,ductal,0
0.18284094333648682,0.20238226652145386,0.01954132318496704,5.1842140453306715,0.024499609731273173,ductal,0
0.180067777633667,0.20847010612487793,0.028402328491210938,2.6913311700596854,0.03588282478146291,ductal,0
0.18578720092773438,0.19775772094726562,0.01197052001953125,2.5983134880392957,0.014921327798462218,ductal,0
0.16039758920669556,0.17062586545944214,0.010228276252746582,2.039087258263995,0.012332523799301581,ductal,0
0.19521141052246094,0.2116815447807312,0.016470134258270264,4.844965863121696,0.020892742202374467,ductal,0
0.18495190143585205,0.1971721649169922,0.012220263481140137,4.081202076861295,0.015221524400529325,ductal,0
0.25676631927490234,0.3194504380226135,0.06268411874771118,1.9654953263871213,0.09210808771307985,ductal,0
0.1201372742652893,0.12289118766784668,0.002753913402557373,2.2066762026608195,0.0031397625515071103,ductal,0
0.1871681809425354,0.20599699020385742,0.01882880926132202,6.374697225529119,0.023713775677193277,ductal,0
0.19495350122451782,0.2250264286994934,0.030072927474975586,3.598779723109074,0.03880510070105913,ductal,0
0.11131900548934937,0.11497414112091064,0.0036551356315612793,1.3325301070552829,0.004129976084756002,ductal,0
0.24647212028503418,0.2584651708602905,0.011993050575256348,5.226648305626451,0.016173280207444966,ductal,0
0.12316405773162842,0.13811635971069336,0.014952301979064941,3.267157972430924,0.017348399807247686,ductal,0
0.13570928573608398,0.14157772064208984,0.005868434906005859,2.6741503349697937,0.0068363031192473014,ductal,0
0.17807787656784058,0.17844831943511963,0.00037044286727905273,4.317416808781838,0.00045090634715072895,ductal,0
0.18349862098693848,0.2171008586883545,0.033602237701416016,5.155188749695423,0.042920263835159976,ductal,0
0.162564218044281,0.17380356788635254,0.011239349842071533,2.040504242906738,0.013603725948462465,ductal,0
0.12751007080078125,0.13348734378814697,0.005977272987365723,3.233478683368292,0.006898079265797064,ductal,0
0.12634199857711792,0.14130336046218872,0.0149613618850708,2.922555138866488,0.017423338110562157,ductal,0
0.24232518672943115,0.27303558588027954,0.03071039915084839,6.9886933924034,0.04224470765606256,ductal,0
0.12954634428024292,0.13833284378051758,0.008786499500274658,1.5993485096782452,0.010197092272641498,ductal,0
0.1350257396697998,0.14057236909866333,0.005546629428863525,3.1890621058988295,0.006453864443532518,ductal,0
0.1843874454498291,0.1860736608505249,0.0016862154006958008,2.212012726398606,0.0020717051649389276,ductal,0
0.13347017765045166,0.1439812183380127,0.010511040687561035,0.9882115597447906,0.012278983724111193,ductal,0
0.115986168384552,0.11831343173980713,0.002327263355255127,1.5989738074656885,0.0026395585903587595,ductal,0
0.25315457582473755,0.24895089864730835,-0.004203677177429199,1.7695519937484876,-0.005597073706443539,ductal,0
0.14250028133392334,0.1436558961868286,0.0011556148529052734,2.65102223192651,0.0013494748755313367,ductal,0
0.23606061935424805,0.24378132820129395,0.0077207088470458984,5.562542102889169,0.010209624722280111,ductal,0
0.1504397988319397,0.1624738574028015,0.012034058570861816,4.268231131659295,0.014368576643522757,ductal,0
0.23516178131103516,0.24141764640808105,0.0062558650970458984,2.380082736296511,0.008246784370113697,ductal,0
0.15722227096557617,0.17061138153076172,0.013389110565185547,2.871200879081138,0.01614334977238676,ductal,0
0.29077357053756714,0.2958980202674866,0.005124449729919434,3.460557491261975,0.007277993639310884,ductal,0
0.1162865161895752,0.12388157844543457,0.007595062255859375,3.1812390884141974,0.008668990480057322,ductal,0
0.12638813257217407,0.13268601894378662,0.006297886371612549,4.057946885397103,0.0072613684423062045,ductal,0
0.14159947633743286,0.14413291215896606,0.002533435821533203,3.437966136810967,0.002960080902192322,ductal,0
0.14108765125274658,0.15871936082839966,0.017631709575653076,4.6135568773731075,0.02095817822815324,ductal,0
0.19579774141311646,0.21593409776687622,0.020136356353759766,3.2761396109371863,0.02568196920234479,ductal,0
0.23060166835784912,0.23417586088180542,0.003574192523956299,2.4769255584840173,0.004667119174477563,ductal,0
0.11574023962020874,0.12479913234710693,0.009058892726898193,2.815216548672979,0.010350644134062918,ductal,0
0.1771785020828247,0.1800174117088318,0.00283890962600708,1.8934800455229994,0.003462158424514021,ductal,0
0.1666671633720398,0.1790335774421692,0.012366414070129395,4.256085980142255,0.01506323977489868,ductal,0
0.13759374618530273,0.14546233415603638,0.007868587970733643,1.9274839311145737,0.009208006019210891,ductal,0
0.11826580762863159,0.12509578466415405,0.006829977035522461,3.64416255076759,0.007806542608667927,ductal,0
0.15147817134857178,0.1608256697654724,0.009347498416900635,4.125703801461737,0.011138923201199743,ductal,0
0.11475157737731934,0.12236803770065308,0.00761646032333374,2.0413890820222518,0.008678421765063157,ductal,0
0.17365789413452148,0.17667853832244873,0.003020644187927246,4.928938124954348,0.0036688515100439137,ductal,0
0.14213824272155762,0.1621553897857666,0.020017147064208984,3.345965691526025,0.02389124047607191,ductal,0
0.3000701665878296,0.31639719009399414,0.01632702350616455,1.7408107123550947,0.02388378641745122,ductal,0
0.15046197175979614,0.1508948802947998,0.0004329085350036621,0.9496548701026342,0.0005098409195247382,ductal,0
0.2501567602157593,0.2683274745941162,0.018170714378356934,3.504736416709286,0.02483449049597293,ductal,0
0.2582412362098694,0.23763328790664673,-0.020607948303222656,1.5494629702730307,-0.027031542663551098,ductal,0
0.1759541630744934,0.219640851020813,0.04368668794631958,0.34319791925901805,0.05598279715624216,ductal,0
0.29192644357681274,0.2580873966217041,-0.03383904695510864,1.354211574921786,-0.04561055682437889,ductal,0
0.2784010171890259,0.2608455419540405,-0.01755547523498535,2.2059068118432608,-0.023750753369458512,ductal,0
0.28251951932907104,0.3622996211051941,0.07978010177612305,0.7525587855788903,0.12510593441137574,ductal,0
0.1415591835975647,0.17075854539871216,0.02919936180114746,0.34403035537187754,0.035212134703500764,ductal,0
0.25992482900619507,0.2784719467163086,0.018547117710113525,0.4098297076090358,0.02570533138067903,ductal,0
0.16440880298614502,0.20421183109283447,0.03980302810668945,0.5290914665732589,0.050017114681850425,ductal,0
0.17636024951934814,0.20126557350158691,0.02490532398223877,0.5352163815130863,0.031180982258923896,ductal,0
0.20198357105255127,0.23422735929489136,0.03224378824234009,0.8978919993809301,0.042106216033848676,ductal,0
0.195831298828125,0.24672538042068481,0.050894081592559814,3.2646766722182083,0.0675637812156513,ductal,0
0.24652117490768433,0.27595198154449463,0.029430806636810303,1.0565824988912942,0.040647589505997526,ductal,0
0.1882460117340088,0.1993039846420288,0.01105797290802002,0.4826043997998354,0.013810450777722773,ductal,0
0.18469595909118652,0.2267724871635437,0.04207652807235718,1.6267858835573055,0.054416749758433254,ductal,0
0.2912742495536804,0.29935985803604126,0.00808560848236084,9.059603759713841,0.011540315774223464,ductal,0
0.13582473993301392,0.16952139139175415,0.033696651458740234,0.08638783355515797,0.04057497822275113,ductal,0
0.166620671749115,0.21369701623916626,0.04707634449005127,0.5825158429172075,0.05987048944528776,ductal,0
0.17319220304489136,0.2136211395263672,0.04042893648147583,0.3634442184174862,0.051411525046751186,ductal,0
0.21142661571502686,0.21524959802627563,0.0038229823112487793,0.2112234474782771,0.004871590128063144,ductal,0
0.20855039358139038,0.25780487060546875,0.04925447702407837,1.131731876592692,0.06636324474974559,ductal,0
0.3155137300491333,0.31753480434417725,0.0020210742950439453,2.5957128458805707,0.0029614320377199174,ductal,0
0.22201073169708252,0.2453252673149109,0.02331453561782837,0.5616733977946271,0.030893489086187633,ductal,0
0.22747856378555298,0.27670538425445557,0.04922682046890259,0.3683644227749912,0.06805915514546097,ductal,0
0.2632719874382019,0.29866141080856323,0.03538942337036133,0.9654126141577157,0.050459826274726005,ductal,0
0.28880923986434937,0.34821152687072754,0.059402287006378174,4.253863483697466,0.09113736964568353,ductal,0
0.26260876655578613,0.3087276816368103,0.04611891508102417,1.3573411482763678,0.06671598710942973,ductal,0
0.18862980604171753,0.31077754497528076,0.12214773893356323,3.0402879499718307,0.17722541980902576,ductal,0
0.2665356993675232,0.28543001413345337,0.018894314765930176,2.992006765541067,0.026441517471542508,ductal,0
0.23463398218154907,0.2523776888847351,0.017743706703186035,0.9476674856962296,0.023733516829797224,ductal,0
0.20338064432144165,0.19543808698654175,-0.007942557334899902,0.17206997372909363,-0.009871903213950725,ductal,0
0.23188942670822144,0.2534717917442322,0.021582365036010742,0.587756549067087,0.028910314168083536,ductal,0
0.2743499279022217,0.260600209236145,-0.01374971866607666,2.1195006766001914,-0.018595783820647527,ductal,0
0.18552780151367188,0.2141627073287964,0.02863490581512451,0.8011380688185433,0.036438720944114614,ductal,0
0.17465084791183472,0.2164088487625122,0.04175800085067749,0.8208546640016733,0.053290546715249514,ductal,0
0.18317276239395142,0.20699667930603027,0.023823916912078857,0.6569370910201482,0.030042644577112452,ductal,0
0.22382879257202148,0.20271092653274536,-0.021117866039276123,1.8543678677338145,-0.026487088236941018,ductal,0
0.28173738718032837,0.31316572427749634,0.03142833709716797,0.6439393038005112,0.04575825378561293,ductal,0
0.13858038187026978,0.14604562520980835,0.007465243339538574,4.541559926698378,0.008741969781901653,ductal,0
0.19594264030456543,0.21383816003799438,0.017895519733428955,12.37054230583109,0.022763149804236018,ductal,0
0.17768442630767822,0.18668168783187866,0.00899726152420044,4.138458013257122,0.011062411099801491,ductal,0
0.17161577939987183,0.1752181053161621,0.003602325916290283,10.754745340684185,0.004367610321600423,ductal,0
0.18143624067306519,0.17629027366638184,-0.00514596700668335,3.052618735603115,-0.006247306353402381,ductal,0
0.25790703296661377,0.2487305998802185,-0.009176433086395264,6.201784993056883,-0.012214570545442399,ductal,0
0.24525165557861328,0.2535715103149414,0.008319854736328125,4.311876915525169,0.011146218092289766,ductal,0
0.20374935865402222,0.20895379781723022,0.005204439163208008,2.173387890726644,0.006579184817330722,ductal,0
0.2928078770637512,0.309292197227478,0.016484320163726807,1.4016636061658618,0.023865837475062896,ductal,0
0.16078990697860718,0.16085588932037354,6.598234176635742e-05,3.5219728397225536,7.863052475327276e-05,ductal,0
0.21563780307769775,0.22589313983917236,0.01025533676147461,8.037677498356745,0.013247960054693187,ductal,0
0.14837974309921265,0.1524258852005005,0.004046142101287842,6.268513126323023,0.004773791495797378,ductal,0
0.17868638038635254,0.19007796049118042,0.01139158010482788,2.3586527072316072,0.014065032866294576,ductal,0
0.20089370012283325,0.20256710052490234,0.0016734004020690918,6.495520481056485,0.002098484277699843,ductal,0
0.1392914056777954,0.15065443515777588,0.011363029479980469,3.1934040713860212,0.013378570455114208,ductal,0
0.1568603515625,0.16610795259475708,0.00924760103225708,6.32323895519107,0.011089686082307803,ductal,0
0.2160431146621704,0.2102745771408081,-0.005768537521362305,4.097876753764677,-0.007304485020220548,ductal,0
0.24390053749084473,0.24441325664520264,0.0005127191543579102,2.139978132553471,0.0006785708707400588,ductal,0
0.14601749181747437,0.14732402563095093,0.0013065338134765625,4.235975894513047,0.0015322746890380635,ductal,0
0.1820569634437561,0.19633811712265015,0.014281153678894043,3.203807700142397,0.017770102058048645,ductal,0
0.15307843685150146,0.16559582948684692,0.012517392635345459,5.8249807193954855,0.01500159404482284,ductal,0
0.32432621717453003,0.28937268257141113,-0.034953534603118896,1.7586127609512998,-0.04918687157932313,ductal,0
0.1278412938117981,0.13925868272781372,0.011417388916015625,6.635111530161223,0.013264599580509254,ductal,0
0.17369747161865234,0.1803370714187622,0.006639599800109863,5.1199968876598785,0.008100402700415411,ductal,0
0.21673953533172607,0.21663397550582886,-0.0001055598258972168,8.694130802813063,-0.00013475160090760643,ductal,0
0.2509845495223999,0.25730401277542114,0.00631946325302124,6.807044887355074,0.008508815668490127,ductal,0
0.25923722982406616,0.26055634021759033,0.00131911039352417,8.40075467805906,0.0017839227858310858,ductal,0
0.22022604942321777,0.21712267398834229,-0.0031033754348754883,4.774797362840799,-0.00396406350236956,ductal,0
0.18289655447006226,0.17834436893463135,-0.004552185535430908,2.8983996683250415,-0.005540259645672347,ductal,0
0.2165481448173523,0.21603405475616455,-0.0005140900611877441,3.9955661296785494,-0.0006557556030419761,ductal,0
0.2903478145599365,0.29519176483154297,0.004843950271606445,7.446203218482316,0.006872720876265992,ductal,0
0.2426854372024536,0.2561272978782654,0.013441860675811768,8.743828941910836,0.01807010882032879,ductal,0
0.3294999599456787,0.33702486753463745,0.00752490758895874,2.1318572090372507,0.011350210921149267,ductal,0
0.2503230571746826,0.2540817856788635,0.003758728504180908,9.987346086139212,0.0050390625031213965,ductal,0
0.28167814016342163,0.28034257888793945,-0.0013355612754821777,4.784280475400067,-0.001855829226937427,ductal,0
0.30457478761672974,0.3033052086830139,-0.0012695789337158203,5.760917333610055,-0.0018222885394562685,ductal,0
0.2270796298980713,0.23290836811065674,0.005828738212585449,5.433860176215366,0.007598490154597689,ductal,0
0.17987453937530518,0.1838054060935974,0.003930866718292236,10.001134704382352,0.004816090118262913,ductal,0
0.2074945569038391,0.20911836624145508,0.0016238093376159668,2.3741133654226565,0.0020531635434484163,ductal,0
0.28273653984069824,0.27405446767807007,-0.008682072162628174,5.321545104540953,-0.011959674350303732,ductal,0
0.10392457246780396,0.11188799142837524,0.007963418960571289,2.1800539145210207,0.008966683125227725,ductal,0
0.10129886865615845,0.09982794523239136,-0.0014709234237670898,2.858696768977174,-0.0016340469757715687,ductal,0
0.08773130178451538,0.08754622936248779,-0.0001850724220275879,3.8635482798121106,-0.0002028293684383393,ductal,0
0.10509616136550903,0.10882800817489624,0.003731846809387207,4.1428942546110425,0.0041875719205946476,ductal,0
0.22587096691131592,0.22204065322875977,-0.0038303136825561523,7.771985148010294,-0.004923539640539161,ductal,0
0.21628469228744507,0.21297305822372437,-0.003311634063720703,4.879384657611054,-0.004207777253783118,ductal,0
0.11801749467849731,0.11381667852401733,-0.0042008161544799805,3.1472812921202475,-0.004740346667192191,ductal,0
0.11538088321685791,0.11540639400482178,2.5510787963867188e-05,3.1786312876314575,2.88389920421901e-05,ductal,0
0.13170111179351807,0.13136494159698486,-0.0003361701965332031,1.4229990260423016,-0.00038700970365075036,ductal,0
0.09526300430297852,0.09218162298202515,-0.003081381320953369,0.7615039887366079,-0.003394270703216176,ductal,0
0.16282612085342407,0.15919411182403564,-0.0036320090293884277,4.7755459022946605,-0.00431967601614645,ductal,0
0.19824862480163574,0.2040080428123474,0.00575941801071167,2.98982325778765,0.007235522870181345,ductal,0
0.10644102096557617,0.10902202129364014,0.002581000328063965,10.826756102628117,0.0028968171938563553,ductal,0
0.1595693826675415,0.16000288724899292,0.000433504581451416,2.6126065987456193,0.0005160786565464255,ductal,0
0.09349632263183594,0.09092891216278076,-0.0025674104690551758,3.2688744490782877,-0.0028242130933493104,ductal,0
0.10950654745101929,0.10991579294204712,0.00040924549102783203,3.3666182790889376,0.00045978289220582284,ductal,0
0.0957368016242981,0.09840971231460571,0.002672910690307617,4.49134836917466,0.002964662249378974,ductal,0
0.10365712642669678,0.10402339696884155,0.0003662705421447754,2.4759767759338427,0.0004087947619454054,ductal,0
0.11174070835113525,0.11226153373718262,0.0005208253860473633,0.9778502335216516,0.0005866878656727842,ductal,0
0.102364182472229,0.10551363229751587,0.0031494498252868652,3.490609682359307,0.0035209589983761567,ductal,0
0.13282018899917603,0.13746774196624756,0.004647552967071533,13.969512008411249,0.0053882656837278145,ductal,0
0.10457408428192139,0.10453367233276367,-4.0411949157714844e-05,1.5944872136430082,-4.512950170107602e-05,ductal,0
0.08067774772644043,0.08039307594299316,-0.0002846717834472656,1.0340499077837781,-0.00030955811227626064,ductal,0
0.12091916799545288,0.1206168532371521,-0.00030231475830078125,9.813580696411723,-0.0003437804777287931,ductal,0
0.09972923994064331,0.10202527046203613,0.0022960305213928223,2.28657038998346,0.0025568988144846812,ductal,0
0.1497005820274353,0.14598488807678223,-0.003715693950653076,3.948741584562599,-0.004350852694263734,ductal,0
0.10927289724349976,0.11259645223617554,0.0033235549926757812,5.11450464946276,0.0037452577252489413,ductal,0
0.09765428304672241,0.09705245494842529,-0.0006018280982971191,6.661963745350601,-0.0006665150169523345,ductal,0
0.21347278356552124,0.21957242488861084,0.0060996413230896,5.126958291046675,0.007815768583291034,ductal,0
0.10642963647842407,0.10453462600708008,-0.0018950104713439941,0.8223197650161985,-0.0021162297575997363,ductal,0
0.11482453346252441,0.11694520711898804,0.002120673656463623,4.573350139683678,0.002401519898380049,ductal,0
0.13583087921142578,0.13308769464492798,-0.0027431845664978027,3.4478934019546634,-0.0031643161015856647,ductal,0
0.0911906361579895,0.09141379594802856,0.0002231597900390625,0.9835041638425172,0.00024561212688884023,ductal,0
0.09171390533447266,0.09134989976882935,-0.00036400556564331055,3.833645427400172,-0.0004006003692188043,ductal,0
0.10518395900726318,0.10128158330917358,-0.0039023756980895996,3.4785665274333724,-0.004342156147704804,ductal,0
0.11658012866973877,0.11666184663772583,8.171796798706055e-05,0.9537792665812983,9.251040235952133e-05,ductal,0
0.11309653520584106,0.11195755004882812,-0.0011389851570129395,2.262657536271388,-0.0012825796301466955,ductal,0
0.10614204406738281,0.1026884913444519,-0.003453552722930908,3.6879292863111828,-0.0038487779211763425,ductal,0
0.10485130548477173,0.10637980699539185,0.0015285015106201172,4.056064923881757,0.001710459905209679,ductal,0
0.10362052917480469,0.1020207405090332,-0.0015997886657714844,2.527160447630435,-0.0017815430020937776,ductal,0
0.10181796550750732,0.10523182153701782,0.003413856029510498,2.312566577103613,0.0038153525255835126,ductal,0
0.07302379608154297,0.06852215528488159,-0.004501640796661377,2.441978464753471,-0.004832794276538216,ductal,0
0.09451556205749512,0.09186160564422607,-0.002653956413269043,2.2219435459527195,-0.002922414061297054,ductal,0
0.1566196084022522,0.15141242742538452,-0.005207180976867676,3.853167956433759,-0.006136291816139947,ductal,0
0.08614909648895264,0.0864936113357544,0.0003445148468017578,0.5742308151868728,0.00037713457845162633,ductal,0
0.10966259241104126,0.10901927947998047,-0.000643312931060791,4.040662097965903,-0.0007220278915634924,ductal,0
0.1368389129638672,0.14121699333190918,0.004378080368041992,4.924444166629375,0.00509800535647309,ductal,0
0.24653661251068115,0.24250823259353638,-0.004028379917144775,5.383360954425406,-0.005318051087125784,ductal,0
0.11714816093444824,0.11643046140670776,-0.0007176995277404785,1.9575115668331649,-0.0008122728278785041,ductal,0
0.12498575448989868,0.12414795160293579,-0.0008378028869628906,4.814144040087303,-0.0009565575470151505,ductal,0
0.14351099729537964,0.1547408103942871,0.01122981309890747,4.117771483576484,0.01328564449461452,ductal,0
0.14787918329238892,0.1749541163444519,0.02707493305206299,4.275973928070888,0.032816275541066295,ductal,0
0.10421782732009888,0.10943418741226196,0.005216360092163086,9.604388774820984,0.005857354974143669,ductal,0
0.11735856533050537,0.11761033535003662,0.00025177001953125,6.924849630223398,0.00028532748015710845,ductal,0
0.1117621660232544,0.11112707853317261,-0.0006350874900817871,10.899779628502426,-0.0007144862609086562,ductal,0
0.09384572505950928,0.09195137023925781,-0.0018943548202514648,2.1744211255247388,-0.0020861821252355175,ductal,0
0.09066081047058105,0.08965474367141724,-0.0010060667991638184,0.9727006560335381,-0.0011051486149565716,ductal,0
0.13897764682769775,0.1391671895980835,0.0001895427703857422,3.3607032506687653,0.0002201853462082214,ductal,0
0.09753042459487915,0.09214681386947632,-0.005383610725402832,6.270258448558204,-0.005930045526798229,ductal,0
0.11677730083465576,0.12046432495117188,0.0036870241165161133,4.505878340367891,0.004192012013965693,ductal,0
0.1082562804222107,0.10848653316497803,0.00023025274276733398,3.799919465477249,0.0002582717494832225,ductal,0
0.11513882875442505,0.1096733808517456,-0.005465447902679443,3.516274726825549,-0.006138699871635933,ductal,0
0.20283901691436768,0.21743786334991455,0.014598846435546875,1.3578553040728427,0.018655191392264608,ductal,0
0.198655366897583,0.21355175971984863,0.014896392822265625,3.374036069067067,0.018941351838945155,ductal,0
0.09563583135604858,0.09726935625076294,0.0016335248947143555,1.173103467767277,0.0018095374362500543,ductal,0
0.09497779607772827,0.09349983930587769,-0.001477956771850586,0.8205338626417069,-0.001630398797413218,ductal,0
0.13726866245269775,0.13565599918365479,-0.0016126632690429688,3.7125069424969386,-0.0018657655603785761,ductal,0
0.2487950325012207,0.2503507137298584,0.0015556812286376953,3.245422453953304,0.0020752120453258116,ductal,0
0.10583382844924927,0.10357487201690674,-0.0022589564323425293,4.719346944632027,-0.002519961078539884,ductal,0
0.16152989864349365,0.1722303032875061,0.010700404644012451,6.123886547526546,0.012926789524319809,ductal,0
0.12971711158752441,0.16324001550674438,0.03352290391921997,4.480938012982631,0.040062747431118546,ductal,0
0.17804622650146484,0.17730534076690674,-0.0007408857345581055,5.641396609366459,-0.0009005597960837023,ductal,0
0.10235762596130371,0.10122781991958618,-0.0011298060417175293,1.6373654992120705,-0.0012570549765085572,ductal,0
0.30688387155532837,0.313964307308197,0.007080435752868652,2.541229771124057,0.010320797923920107,ductal,0
0.10229939222335815,0.10172492265701294,-0.0005744695663452148,3.855939556123742,-0.0006395252198741187,ductal,0
0.11548417806625366,0.11202347278594971,-0.003460705280303955,7.732027429942849,-0.0038972936493733897,ductal,0
0.1597275733947754,0.15497064590454102,-0.004756927490234375,1.8789964089786761,-0.005629304434431525,ductal,0
0.14752811193466187,0.143549382686615,-0.003978729248046875,3.0923482638928217,-0.0046456026390964845,ductal,0
0.10666149854660034,0.11035668849945068,0.003695189952850342,5.137692437133052,0.004153563461987609,ductal,0
0.10852980613708496,0.11445027589797974,0.005920469760894775,9.255777665496202,0.00668564350454555,ductal,0
0.09334319829940796,0.09766805171966553,0.004324853420257568,4.9856199111942745,0.004792973836845609,ductal,0
0.08702248334884644,0.09196454286575317,0.004942059516906738,5.312642673827845,0.005442584293463431,ductal,0
0.12794053554534912,0.13254988193511963,0.004609346389770508,8.45457735250014,0.005313673136679145,ductal,0
0.08553445339202881,0.09802186489105225,0.012487411499023438,10.8394861127988,0.013844472513200238,ductal,0
0.15045350790023804,0.15627634525299072,0.0058228373527526855,3.7331619186269447,0.006901356054191303,ductal,0
0.10977071523666382,0.11192148923873901,0.0021507740020751953,7.728378082224733,0.0024218286739440993,ductal,0
0.08688747882843018,0.0864403247833252,-0.00044715404510498047,2.5633622312740254,-0.0004894634222979753,ductal,0
0.09343010187149048,0.09431791305541992,0.0008878111839294434,7.134742630357636,0.0009802680175828296,ductal,0
0.09451597929000854,0.09735405445098877,0.0028380751609802246,4.7481141893753245,0.003144173166649564,ductal,0
0.15261584520339966,0.16411852836608887,0.011502683162689209,1.6866906467082006,0.013761141445335218,ductal,0
0.10548907518386841,0.10964930057525635,0.0041602253913879395,6.139652504905301,0.004672569352813296,ductal,0
0.0985877513885498,0.10468655824661255,0.006098806858062744,11.539650819514161,0.006811923705868642,ductal,0
0.11905062198638916,0.12776648998260498,0.00871586799621582,5.790404177468922,0.009992585581860985,ductal,0
0.08407676219940186,0.08664518594741821,0.0025684237480163574,5.680980619166582,0.0028120766524678256,ductal,0
0.12328654527664185,0.12266069650650024,-0.0006258487701416016,5.830647767238356,-0.0007133486071460817,ductal,0
0.2614518404006958,0.2625942826271057,0.0011424422264099121,4.164249447643426,0.0015492722655853742,ductal,0
0.11164349317550659,0.11629372835159302,0.004650235176086426,4.183170819141046,0.0052621955114250645,ductal,0
0.11562472581863403,0.1269773244857788,0.011352598667144775,3.795306914124034,0.013003784421129674,ductal,0
0.2054288387298584,0.2142125368118286,0.008783698081970215,3.026704823402798,0.011178211022013716,ductal,0
0.10008114576339722,0.10579228401184082,0.0057111382484436035,5.087998283233797,0.006386813875937555,ductal,0
0.08726060390472412,0.08564943075180054,-0.001611173152923584,2.5114491221945614,-0.001762095641552811,ductal,0
0.12447458505630493,0.1264045238494873,0.001929938793182373,3.6910456294319776,0.0022091904615699517,ductal,0
0.20006638765335083,0.20460301637649536,0.004536628723144531,3.152036538683774,0.005703603127179963,ductal,0
0.3304111957550049,0.3386114239692688,0.008200228214263916,1.7060639280873409,0.012398502954914806,ductal,0
0.11016029119491577,0.1101217269897461,-3.8564205169677734e-05,4.04334902538737,-4.333649482105444e-05,ductal,0
0.11894375085830688,0.1295245885848999,0.010580837726593018,4.945403385172412,0.012155240214530742,ductal,0
0.12340617179870605,0.12524229288101196,0.0018361210823059082,6.041498873037791,0.002099005321545743,ductal,0
0.1127057671546936,0.11334377527236938,0.0006380081176757812,3.436010198887923,0.000719566501517281,ductal,0
0.09463143348693848,0.10107886791229248,0.006447434425354004,3.5588179368863018,0.007172413902852747,ductal,0
0.11976546049118042,0.11533039808273315,-0.004435062408447266,5.786622640006078,-0.0050132415523666055,ductal,0
0.09727805852890015,0.10231620073318481,0.005038142204284668,5.851892819935969,0.005612379557701252,ductal,0
0.15391004085540771,0.22408121824264526,0.07017117738723755,2.098910754856405,0.09043624028317628,ductal,0
0.09993630647659302,0.11008638143539429,0.01015007495880127,9.291686855300902,0.011405685616063418,ductal,0
0.12509280443191528,0.13923782110214233,0.01414501667022705,4.352136343376124,0.016433129866763777,ductal,0
0.10125184059143066,0.10687386989593506,0.0056220293045043945,3.6266277390895807,0.006294776420715995,ductal,0
0.37817293405532837,0.39072197675704956,0.012549042701721191,2.826874633242961,0.020596578611070702,ductal,0
0.1146422028541565,0.11854594945907593,0.0039037466049194336,3.5367862466728806,0.00442875791713001,ductal,0
0.09752434492111206,0.10422223806381226,0.006697893142700195,5.980823739010802,0.007477181760153286,ductal,0
0.1955229640007019,0.20145416259765625,0.005931198596954346,3.0733889755400816,0.007427499235671224,ductal,0
0.2122209072113037,0.2211422324180603,0.008921325206756592,1.5945805918358293,0.011454370204785848,ductal,0
0.1167306900024414,0.11934167146682739,0.0026109814643859863,7.850053958714724,0.002964806417870192,ductal,0
0.08934128284454346,0.09646844863891602,0.007127165794372559,7.363296002282987,0.007888120546134957,ductal,0
0.21242862939834595,0.21587848663330078,0.003449857234954834,2.851028127895846,0.004399646197873782,ductal,0
0.10107296705245972,0.1049889326095581,0.003915965557098389,4.173285992469721,0.004375326406315909,ductal,0
0.09283757209777832,0.097989022731781,0.0051514506340026855,5.948129878947649,0.005711073106453856,ductal,0
0.13828390836715698,0.13994288444519043,0.0016589760780334473,10.398551085102575,0.001928913845405799,ductal,0
0.14379823207855225,0.14790785312652588,0.004109621047973633,6.326231180744504,0.004822977260209234,ductal,0
0.09935814142227173,0.10278016328811646,0.0034220218658447266,5.012414901260355,0.0038140283192864928,ductal,0
0.07886236906051636,0.0866822600364685,0.007819890975952148,8.595192106111988,0.008562070606735826,ductal,0
0.0997348427772522,0.10228133201599121,0.0025464892387390137,5.237617391804428,0.002836622796825224,ductal,0
0.15568339824676514,0.15333586931228638,-0.0023475289344787598,7.474216344465007,-0.002772680274729425,ductal,0
0.11644738912582397,0.12196236848831177,0.005514979362487793,5.812429889628909,0.006281028471402571,ductal,0
0.11708122491836548,0.12664508819580078,0.009563863277435303,6.916712827469602,0.010950717913383033,ductal,0
0.09768366813659668,0.10545408725738525,0.007770419120788574,3.547572838533172,0.008686439689791905,ductal,0
0.15858113765716553,0.15294212102890015,-0.005639016628265381,1.8671558754309008,-0.0066571798318138,ductal,0
0.22682493925094604,0.21890652179718018,-0.00791841745376587,2.8007845144526753,-0.010137605388774942,ductal,0
0.1359829306602478,0.13600635528564453,2.3424625396728516e-05,5.678971082768504,2.711203437667984e-05,ductal,0
0.11412692070007324,0.12245410680770874,0.008327186107635498,11.566637656052073,0.009489174494730173,ductal,0
0.2647237777709961,0.27452731132507324,0.009803533554077148,1.9420748258536416,0.013513304783372709,ductal,0
0.08613121509552002,0.08847302198410034,0.0023418068885803223,6.027471854297658,0.0025691032136840107,ductal,0
0.21833419799804688,0.22459733486175537,0.006263136863708496,3.141028098693549,0.008077270230418742,ductal,0
0.09838330745697021,0.09822016954421997,-0.00016313791275024414,6.531332892364247,-0.00018090658854921443,ductal,0
0.13933813571929932,0.13746893405914307,-0.00186920166015625,4.384971655189226,-0.0021671122745211585,ductal,0
0.13909798860549927,0.1372256875038147,-0.0018723011016845703,3.2842187517728676,-0.0021700937018715987,ductal,0
0.3393733501434326,0.31514662504196167,-0.024226725101470947,1.5622580940618436,-0.03537505397115893,ductal,0
0.11836832761764526,0.12237894535064697,0.004010617733001709,2.2239228153305537,0.004569874106546044,ductal,0
0.1352517008781433,0.14388126134872437,0.008629560470581055,3.001256347023088,0.01007986402000266,ductal,0
0.102664053440094,0.10849738121032715,0.005833327770233154,7.731181433028248,0.006543253656565397,ductal,0
0.1737004518508911,0.18625015020370483,0.01254969835281372,4.675250263431134,0.015422059194180212,ductal,0
0.10755276679992676,0.10776263475418091,0.0002098679542541504,3.226790641444071,0.00023521538374077168,ductal,0
0.09682315587997437,0.10306602716445923,0.006242871284484863,7.072338299926564,0.006960235060278554,ductal,0
0.11543232202529907,0.13099753856658936,0.015565216541290283,8.140946492250956,0.017911590855123262,ductal,0
0.09876078367233276,0.10365915298461914,0.004898369312286377,4.0587455745771,0.005464851154108257,ductal,0
0.10552597045898438,0.11521649360656738,0.009690523147583008,4.303351646968923,0.010952422911999863,ductal,0
0.12145626544952393,0.12331300973892212,0.0018567442893981934,4.584410436060986,0.0021179101663699306,ductal,0
0.09831428527832031,0.0999719500541687,0.0016576647758483887,4.737696678371259,0.0018417923485253111,ductal,0
0.10508894920349121,0.11009252071380615,0.005003571510314941,7.110910119681102,0.005622574960633402,ductal,0
0.2734106779098511,0.2853738069534302,0.011963129043579102,1.1095707550503333,0.01674040100962197,ductal,0
0.11121726036071777,0.11014765501022339,-0.0010696053504943848,5.381365202592577,-0.0012020031823444521,ductal,0
0.10578244924545288,0.11149555444717407,0.005713105201721191,4.769070984438399,0.006430024329441039,ductal,0
0.08643865585327148,0.0978705883026123,0.01143193244934082,6.523577540391725,0.012672164659648159,ductal,0
0.09615433216094971,0.10354357957839966,0.007389247417449951,7.018446741516276,0.008242729093261236,ductal,0
0.1596454381942749,0.1689777970314026,0.009332358837127686,2.5925023255647783,0.011229975328926724,ductal,0
0.11202734708786011,0.11580657958984375,0.0037792325019836426,7.447471853029654,0.004274214685097461,ductal,0
0.09903907775878906,0.10419952869415283,0.0051604509353637695,7.243663219315943,0.0057607146911199504,ductal,0
0.0884544849395752,0.09479337930679321,0.006338894367218018,5.493940666214295,0.007002704379651682,ductal,0
0.12322479486465454,0.1206710934638977,-0.002553701400756836,2.719634833348189,-0.002904148131347698,ductal,0
0.10523509979248047,0.10642033815383911,0.0011852383613586426,4.754807494500798,0.001326393618796008,ductal,0
0.10017889738082886,0.1013336181640625,0.0011547207832336426,7.934189650887768,0.0012849270948297818,ductal,0
0.25949448347091675,0.2634844183921814,0.0039899349212646484,1.3878064841134976,0.005417312302551146,ductal,0
0.1607338786125183,0.18171823024749756,0.020984351634979248,3.019943661971831,0.025644408088580754,ductal,0
0.15499311685562134,0.18039363622665405,0.025400519371032715,3.8192829914714053,0.030991120242273983,ductal,0
0.10065281391143799,0.1065138578414917,0.005861043930053711,4.995266636009148,0.006559747995525079,ductal,0
0.09502273797988892,0.09332478046417236,-0.0016979575157165527,5.323203385395175,-0.0018727295939397373,ductal,0
0.12701678276062012,0.1341741681098938,0.007157385349273682,7.301161485918683,0.008266541705794385,ductal,0
0.19094693660736084,0.175342857837677,-0.015604078769683838,1.279089530185554,-0.018921898534424355,ductal,0
0.14325988292694092,0.14388132095336914,0.0006214380264282227,4.724386252153307,0.0007258783643410896,ductal,0
0.1674303412437439,0.16788053512573242,0.0004501938819885254,6.44904283253135,0.000541020731988945,ductal,0
0.22314494848251343,0.2143338918685913,-0.00881105661392212,2.979235688511682,-0.011214759708647637,ductal,0
0.1324371099472046,0.13176637887954712,-0.0006707310676574707,4.635770130923783,-0.0007725237209679743,ductal,0
0.0930945873260498,0.09678345918655396,0.0036888718605041504,5.3083668716378005,0.0040841500280563,ductal,0
0.24047374725341797,0.23147672414779663,-0.008997023105621338,1.6380740294048082,-0.011706897355378965,ductal,0
0.08866006135940552,0.09163224697113037,0.0029721856117248535,4.293697051254776,0.003272006961733693,ductal,0
0.15783578157424927,0.13643509149551392,-0.02140069007873535,5.197480530277627,-0.024781796791392176,ductal,0
0.12725263833999634,0.12609219551086426,-0.00116044282913208,6.568626896555451,-0.0013278778644280965,ductal,0
0.20897585153579712,0.20582985877990723,-0.0031459927558898926,3.1856909892241827,-0.003961358646721051,ductal,0
0.11802017688751221,0.12397992610931396,0.005959749221801758,7.095364328046096,0.006803210793255685,ductal,0
0.15559864044189453,0.1521177887916565,-0.003480851650238037,6.107512344590644,-0.004105348129992451,ductal,0
0.11435431241989136,0.1200605034828186,0.005706191062927246,2.811851482247152,0.006484753878547863,ductal,0
0.14383143186569214,0.13981926441192627,-0.004012167453765869,3.1500219460756966,-0.004664330747912994,ductal,0
0.10058963298797607,0.09670954942703247,-0.0038800835609436035,3.268242927266041,-0.0042954993695354824,ductal,0
0.19523382186889648,0.19085586071014404,-0.004377961158752441,3.3094382099011397,-0.0054106072653442834,ductal,0
0.18151789903640747,0.17550194263458252,-0.006015956401824951,3.313477312911817,-0.007296507672860022,ductal,0
0.1782081127166748,0.17785495519638062,-0.00035315752029418945,1.8762031445934388,-0.0004295562231096898,ductal,0
0.14935946464538574,0.14846694469451904,-0.0008925199508666992,2.6134469023449216,-0.0010481330646013671,ductal,0
0.10124564170837402,0.10283756256103516,0.0015919208526611328,5.6442334487526615,0.0017743953449560613,ductal,0
0.10994696617126465,0.11721724271774292,0.0072702765464782715,5.220338024891769,0.008235634969650529,ductal,0
0.21704167127609253,0.22487276792526245,0.007831096649169922,4.5568012038767245,0.01010298222681312,ductal,0
0.2784132957458496,0.28773313760757446,0.009319841861724854,3.258079042464059,0.01308476127953017,ductal,0
0.13556182384490967,0.13548755645751953,-7.426738739013672e-05,3.1089413173917158,-8.590667253534722e-05,ductal,0
0.1463889479637146,0.14465433359146118,-0.001734614372253418,1.8828028384467914,-0.002027968855605231,ductal,0
0.15751487016677856,0.15751975774765015,4.887580871582031e-06,5.550745579666433,5.801418984634234e-06,ductal,0
0.1270657181739807,0.12623178958892822,-0.0008339285850524902,5.114178577453564,-0.000954404812530501,ductal,0
0.11937212944030762,0.1197471022605896,0.0003749728202819824,3.9958301887429495,0.0004259830569657371,ductal,0
0.16311222314834595,0.17086738348007202,0.007755160331726074,15.272753952709293,0.009353341283661443,ductal,0
0.11703771352767944,0.13563764095306396,0.01859992742538452,3.7307764542860506,0.0215186689132243,ductal,0
0.1563757061958313,0.17605054378509521,0.019674837589263916,3.249311307310568,0.023878694792332348,ductal,0
0.23461318016052246,0.23293542861938477,-0.0016777515411376953,6.1327190036878045,-0.0021872363862640186,ductal,0
0.15988999605178833,0.1592000126838684,-0.0006899833679199219,6.343161610461568,-0.0008206272339779374,ductal,0
0.13136279582977295,0.1277148723602295,-0.003647923469543457,5.567768790485684,-0.004182031028562885,ductal,0
0.2759844660758972,0.2787802219390869,0.0027957558631896973,1.1677356649594226,0.0038764270590393767,ductal,0
0.1627008318901062,0.16105109453201294,-0.0016497373580932617,7.177109534110813,-0.001966433649702417,ductal,0
0.159878671169281,0.15518951416015625,-0.004689157009124756,5.40078828754894,-0.0055505430954294645,ductal,0
0.18616628646850586,0.20161139965057373,0.015445113182067871,7.910177330426403,0.019345357856196965,ductal,0
0.15714305639266968,0.1779276728630066,0.020784616470336914,1.4434985791485284,0.02528319684804727,ductal,0
0.22617602348327637,0.21649974584579468,-0.00967627763748169,4.767409368767067,-0.012350063176338478,ductal,0
0.11775171756744385,0.12111365795135498,0.003361940383911133,7.448303963534883,0.0038252277035897486,ductal,0
0.13007313013076782,0.12530404329299927,-0.004769086837768555,3.165158891613551,-0.005452279504895515,ductal,0
0.2595556974411011,0.22438985109329224,-0.03516584634780884,1.8169419926983816,-0.04533959025340019,ductal,0
0.16980278491973877,0.17415457963943481,0.004351794719696045,8.083801837848835,0.00526950275730299,ductal,0
0.1871095895767212,0.18218690156936646,-0.004922688007354736,2.8007084986642483,-0.00601933133230719,ductal,0
0.1409880518913269,0.15411418676376343,0.013126134872436523,5.804837833892862,0.015517620306478287,ductal,0
0.19916999340057373,0.21031832695007324,0.011148333549499512,1.7450313225624454,0.014117503204097622,ductal,0
0.15482616424560547,0.15538465976715088,0.0005584955215454102,3.0127851672487216,0.0006612424555199772,ductal,0
0.13217008113861084,0.1402876377105713,0.00811755657196045,5.773062668580825,0.009442177323521622,ductal,0
0.09898555278778076,0.10679006576538086,0.007804512977600098,6.3587324626136015,0.008737602078158357,ductal,0
0.11376714706420898,0.12321591377258301,0.009448766708374023,4.987437448476267,0.010776617478346018,ductal,0
0.1478714942932129,0.1478481888771057,-2.3305416107177734e-05,2.4148588715591983,-2.734890168979141e-05,ductal,0
0.10610347986221313,0.11360800266265869,0.007504522800445557,8.110071401070186,0.008466370209781464,ductal,0
0.13406497240066528,0.13280236721038818,-0.0012626051902770996,5.071916543990953,-0.0014559601439588067,ductal,0
0.17129600048065186,0.217501699924469,0.04620569944381714,0.9737835354932346,0.05904894546014619,ductal,0
0.13821208477020264,0.14071416854858398,0.0025020837783813477,4.657490469808788,0.002911817798921563,ductal,0
0.09609371423721313,0.10579907894134521,0.00970536470413208,6.431772347008852,0.010853673347419265,ductal,0
0.11547386646270752,0.12126964330673218,0.005795776844024658,5.683610102029319,0.006595626064216818,ductal,0
0.1295948624610901,0.1301080584526062,0.0005131959915161133,5.0301200317445405,0.0005899537252905488,ductal,0
0.09722346067428589,0.1027834415435791,0.005559980869293213,5.311720282570098,0.006196921821035773,ductal,0
0.1335620880126953,0.1380940079689026,0.004531919956207275,3.0522681382225074,0.00525802117412796,ductal,0
0.09856706857681274,0.10118699073791504,0.002619922161102295,4.640890405565035,0.0029148689817620915,ductal,0
0.08721733093261719,0.08696967363357544,-0.00024765729904174805,4.047915937334411,-0.0002712476156485916,ductal,0
0.10979610681533813,0.11349546909332275,0.003699362277984619,5.068041038632475,0.004172976165390916,ductal,0
0.17417395114898682,0.18372994661331177,0.009555995464324951,1.6022963079343973,0.011706904381310224,ductal,0
0.19211888313293457,0.18936491012573242,-0.0027539730072021484,1.321736087501564,-0.0033973029808385172,ductal,0
0.14060968160629272,0.13577717542648315,-0.00483250617980957,3.8490600164013946,-0.005591736346693171,ductal,0
0.11402851343154907,0.1200374960899353,0.0060089826583862305,11.137065564648971,0.006828680349089476,ductal,0
0.09760123491287231,0.10279572010040283,0.005194485187530518,3.4629569211252087,0.005789634873466959,ductal,0
0.09631556272506714,0.10607749223709106,0.009761929512023926,3.901164131485641,0.01092033081978627,ductal,0
0.1320316195487976,0.13740414381027222,0.005372524261474609,4.048739105162114,0.006228321435725659,ductal,0
0.12285292148590088,0.13548868894577026,0.012635767459869385,4.271477465791971,0.014616081129650783,ductal,0
0.10396033525466919,0.11079412698745728,0.006833791732788086,6.786600148393922,0.00768527507542867,ductal,0
0.10986757278442383,0.1188812255859375,0.009013652801513672,7.790336033592886,0.010229781799289982,ductal,0
0.11591833829879761,0.12545067071914673,0.009532332420349121,4.83207686723082,0.010899708113878049,ductal,0
0.11068421602249146,0.1111636757850647,0.0004794597625732422,1.9900904974094038,0.0005394241318802143,ductal,0
0.12413787841796875,0.12887519598007202,0.0047373175621032715,5.26363811994475,0.0054381617194714845,ductal,0
0.13087117671966553,0.13132768869400024,0.0004565119743347168,9.74492313747923,0.0005255284051224987,ductal,0
0.13670378923416138,0.15882045030593872,0.022116661071777344,6.473646568740348,0.02629243789845012,ductal,0
0.10697859525680542,0.12274795770645142,0.015769362449645996,16.0698413179478,0.017975862909840004,ductal,0
0.12569928169250488,0.1341407299041748,0.008441448211669922,8.375632980377338,0.0097492150320637,ductal,0
0.10170817375183105,0.11130267381668091,0.009594500064849854,5.245178945306858,0.010796139227801295,ductal,0
0.17503279447555542,0.17925113439559937,0.004218339920043945,5.246086635028121,0.00513962321097764,ductal,0
0.10833722352981567,0.11458975076675415,0.0062525272369384766,7.739153966331771,0.007061729003423087,ductal,0
0.18533354997634888,0.2251216173171997,0.03978806734085083,5.03826556080064,0.05134749946578164,ductal,0
0.10427194833755493,0.1105506420135498,0.006278693675994873,5.885962259582898,0.007059079440125384,ductal,0
0.08476275205612183,0.09121543169021606,0.006452679634094238,6.840944377916804,0.007100340233654437,ductal,0
0.09386765956878662,0.09997236728668213,0.006104707717895508,6.545811206997772,0.006782800323020766,ductal,0
0.14367300271987915,0.14684438705444336,0.003171384334564209,3.8709156874408355,0.0037172401921085267,ductal,0
0.15874505043029785,0.1790776252746582,0.02033257484436035,12.452569695550283,0.024767962806669847,ductal,0
0.10518860816955566,0.10931217670440674,0.004123568534851074,4.2736255259065645,0.004629645120322457,ductal,0
0.1509348750114441,0.14581656455993652,-0.005118310451507568,1.6297045584232557,-0.00599205069912259,ductal,0
0.11201143264770508,0.11974996328353882,0.00773853063583374,3.882327743141658,0.008791286921952622,ductal,0
0.08739179372787476,0.08787107467651367,0.000479280948638916,1.7932472888993167,0.0005254530750342548,ductal,0
0.10200905799865723,0.12282025814056396,0.02081120014190674,9.411339528058184,0.023725126275478483,ductal,0
0.09804630279541016,0.10603803396224976,0.0079917311668396,6.248084090925917,0.008939676933081205,ductal,0
0.13579148054122925,0.13364219665527344,-0.0021492838859558105,4.610146286371821,-0.002480827064358539,ductal,0
0.13323253393173218,0.14370673894882202,0.010474205017089844,3.765265987950886,0.012232030185817184,ductal,0
0.08932232856750488,0.09204107522964478,0.0027187466621398926,4.086053426725163,0.0029943498411313368,ductal,0
0.11937731504440308,0.1255950927734375,0.006217777729034424,2.6291681943451035,0.007110867834394905,ductal,0
0.12379986047744751,0.13476574420928955,0.010965883731842041,7.059285529882748,0.012673889941887083,ductal,0
0.11302834749221802,0.11691075563430786,0.0038824081420898438,6.779873170784853,0.004396393871695845,ductal,0
0.18333709239959717,0.1951853632926941,0.011848270893096924,3.5088914575795087,0.014721738836126423,ductal,0
0.10453665256500244,0.11357271671295166,0.009036064147949219,7.180217493795824,0.010193801926359599,ductal,0
0.11569029092788696,0.12609392404556274,0.010403633117675781,8.820332890773992,0.011904749725321963,ductal,0
0.11136555671691895,0.1182813048362732,0.006915748119354248,4.6331856375020255,0.007843485861519653,ductal,0
0.12749481201171875,0.12969428300857544,0.0021994709968566895,5.049968199878023,0.002527239513558615,ductal,0
0.10144084692001343,0.11141055822372437,0.009969711303710938,4.27596871318624,0.011219704888437172,ductal,0
0.263563871383667,0.28234660625457764,0.018782734870910645,0.9829187206371638,0.026172432311486513,ductal,0
0.11104649305343628,0.11445498466491699,0.003408491611480713,2.461422107816445,0.0038490325759340054,ductal,0
0.14160430431365967,0.13612186908721924,-0.00548243522644043,3.807141643747292,-0.0063463063020794885,ductal,0
0.1164737343788147,0.12492722272872925,0.00845348834991455,9.794292463643202,0.009660326054565387,ductal,0
0.1477697491645813,0.1454906463623047,-0.0022791028022766113,4.748681326389087,-0.0026671478697972584,ductal,0
0.0960950255393982,0.10051572322845459,0.0044206976890563965,3.0118525207545765,0.004914702572593365,ductal,0
0.09798288345336914,0.09626352787017822,-0.001719355583190918,1.8726151021458732,-0.0019024966195498774,ductal,0
0.10851496458053589,0.11604946851730347,0.007534503936767578,7.239322043699344,0.008523671482078934,ductal,0
0.12002867460250854,0.12655919790267944,0.0065305233001708984,13.678847794539493,0.007476778374092093,ductal,0
0.11736142635345459,0.11710470914840698,-0.0002567172050476074,7.871254502001336,-0.00029076744174271434,ductal,0
0.30983448028564453,0.32532548904418945,0.015491008758544922,1.5621522596924424,0.022960714399301713,ductal,0
0.2949533462524414,0.2910001277923584,-0.003953218460083008,0.9117389037993237,-0.005575767521330733,ductal,0
0.11700624227523804,0.12713217735290527,0.010125935077667236,6.406929472680536,0.01160076567716623,ductal,0
0.15221107006072998,0.18064802885055542,0.02843695878982544,4.545174911335346,0.03470664597283152,ductal,0
0.09415584802627563,0.10259145498275757,0.008435606956481934,9.873444083568359,0.009399962818851759,ductal,0
0.11959218978881836,0.12884998321533203,0.009257793426513672,13.909976371534706,0.010627094355899008,ductal,0
0.09464395046234131,0.09658318758010864,0.001939237117767334,3.2072602676959407,0.002146558588579833,ductal,0
0.13224518299102783,0.13763225078582764,0.005387067794799805,4.256372390368778,0.006246833557619402,ductal,0
0.12275725603103638,0.1337001919746399,0.010942935943603516,7.832628730273002,0.012631811576348833,ductal,0
0.09865260124206543,0.10758596658706665,0.00893336534500122,4.625842645470254,0.010010337142320148,ductal,0
0.11024588346481323,0.1148228645324707,0.004576981067657471,5.671172627888753,0.005170695089452372,ductal,0
0.10194170475006104,0.10294562578201294,0.0010039210319519043,3.849315687271965,0.0011191306355616169,ductal,0
0.11084461212158203,0.11172068119049072,0.0008760690689086914,4.375348858062531,0.0009862540423465197,ductal,0
0.09629493951797485,0.10562384128570557,0.009328901767730713,6.039130728409499,0.010430624381961863,ductal,0
0.1293819546699524,0.14273864030838013,0.013356685638427734,4.1262345582331985,0.01558064584088159,ductal,0
0.12643277645111084,0.14865171909332275,0.022218942642211914,4.241815598657877,0.02609853468964425,ductal,0
0.09512180089950562,0.09524822235107422,0.00012642145156860352,2.808948526663872,0.0001397305368076981,ductal,0
0.10792750120162964,0.1089591383934021,0.001031637191772461,6.236911095350336,0.001157788869426661,ductal,0
0.14403176307678223,0.14938557147979736,0.005353808403015137,11.390997963846047,0.006294048423713025,ductal,0
0.14295005798339844,0.14049595594406128,-0.002454102039337158,2.028157692493626,-0.0028552536271457484,ductal,0
0.11342722177505493,0.118255615234375,0.004828393459320068,3.553897854504258,0.0054759560057799465,ductal,0
0.2978636622428894,0.3089646100997925,0.011100947856903076,1.1395283271384722,0.016064224812720757,ductal,0
0.12285983562469482,0.12316387891769409,0.0003040432929992676,7.2562182351456235,0.0003467504197066808,ductal,0
0.1108483076095581,0.12097489833831787,0.010126590728759766,3.3277400663364833,0.011520252049249525,ductal,0
0.10003387928009033,0.10156124830245972,0.0015273690223693848,3.403370051697626,0.0017000257607806015,ductal,0
0.14187383651733398,0.138472318649292,-0.003401517868041992,5.564206653030365,-0.003948239785759493,ductal,0
0.1330605149269104,0.1326771378517151,-0.0003833770751953125,4.634898994224579,-0.0004420234862087229,ductal,0
0.12762922048568726,0.13046854734420776,0.002839326858520508,3.201772552649761,0.0032653526791335836,ductal,0
0.11431306600570679,0.11733990907669067,0.0030268430709838867,6.7232314892069756,0.0034292284222544244,ductal,0
0.35257500410079956,0.36958783864974976,0.017012834548950195,1.0213187370663899,0.026986843833264895,ductal,0
0.12111508846282959,0.12846899032592773,0.0073539018630981445,5.131884467174797,0.008437911883190817,ductal,0
0.1355215311050415,0.137048602104187,0.0015270709991455078,7.299277194680206,0.0017695909675435467,ductal,0
0.09292149543762207,0.09282511472702026,-9.638071060180664e-05,7.683884178238176,-0.00010624270156333145,ductal,0
0.10462647676467896,0.11005169153213501,0.005425214767456055,4.766769200158335,0.006096100993546585,ductal,0
0.13009589910507202,0.13820719718933105,0.008111298084259033,8.570671224451269,0.009412120938820418,ductal,0
0.105074942111969,0.10621970891952515,0.0011447668075561523,2.733797728147259,0.0012808145569782753,ductal,0
0.13673996925354004,0.18823611736297607,0.051496148109436035,7.04653701337454,0.0634373482374582,ductal,0
0.10215455293655396,0.09870243072509766,-0.003452122211456299,1.8295741231628322,-0.003830169223948474,ductal,0
0.14071041345596313,0.14339619874954224,0.0026857852935791016,5.4645836797704135,0.00313538801679193,ductal,0
0.10708469152450562,0.11819708347320557,0.011112391948699951,5.101033531812027,0.012601899744751286,ductal,0
0.09280019998550415,0.0911703109741211,-0.0016298890113830566,1.5348364941339894,-0.0017933932298471002,ductal,0
0.10377335548400879,0.1112135648727417,0.00744020938873291,5.029458938867587,0.008371200430919724,ductal,0
0.09257012605667114,0.10585814714431763,0.013288021087646484,4.734620820449102,0.014861200205770054,ductal,0
0.14673107862472534,0.16247433423995972,0.015743255615234375,1.5428398405385264,0.018797341095150365,ductal,0
0.09940880537033081,0.10634708404541016,0.006938278675079346,6.117432049583821,0.007763952370331557,ductal,0
0.09901487827301025,0.10781574249267578,0.008800864219665527,6.129768810743097,0.009864402051045244,ductal,0
0.11067342758178711,0.11071091890335083,3.74913215637207e-05,2.74878577522567,4.215875620274943e-05,ductal,0
0.19033902883529663,0.1920979619026184,0.0017589330673217773,5.824511390469659,0.0021771613195383003,ductal,0
0.1148948073387146,0.11382275819778442,-0.0010720491409301758,1.497495125935999,-0.0012097457374892107,ductal,0
0.11218798160552979,0.11538499593734741,0.003197014331817627,4.785139657730894,0.0036140177558996044,ductal,0
0.1450742483139038,0.15228873491287231,0.007214486598968506,5.7095997803925655,0.008510547041305393,ductal,0
0.10221236944198608,0.10488682985305786,0.0026744604110717773,1.6542240700254833,0.002987846118533522,ductal,0
0.1091996431350708,0.1193966269493103,0.010196983814239502,5.788233808625043,0.011579542080237454,ductal,0
0.1236652135848999,0.1237565279006958,9.131431579589844e-05,4.663969083999575,0.0001042111224830327,ductal,0
0.17952346801757812,0.17642050981521606,-0.0031029582023620605,6.778063748459342,-0.0037676487082817707,ductal,0
0.14810854196548462,0.14888513088226318,0.0007765889167785645,6.110276632638497,0.0009124372572453989,ductal,0
0.10579138994216919,0.11620241403579712,0.01041102409362793,9.563509274685252,0.011779873874932281,ductal,0
0.12455397844314575,0.135181725025177,0.01062774658203125,6.711718319639369,0.012288993988177054,ductal,0
0.12745118141174316,0.13307565450668335,0.0056244730949401855,6.019088528259326,0.0064878476699597384,ductal,0
0.1025741696357727,0.11207824945449829,0.009504079818725586,6.049285064591024,0.010703735788527177,ductal,0
0.2444683313369751,0.2146139144897461,-0.029854416847229004,1.7602674941523264,-0.03801240867137724,ductal,0
0.11501836776733398,0.1299094557762146,0.014891088008880615,6.72190136923339,0.01711441195141946,ductal,0
0.152532696723938,0.15086448192596436,-0.0016682147979736328,1.4179222444558635,-0.0019646037204489922,ductal,0
0.09030038118362427,0.10344880819320679,0.01314842700958252,4.4954485690802235,0.014665561910731368,ductal,0
0.09668844938278198,0.10046947002410889,0.0037810206413269043,3.0274457769687304,0.00420332664131838,ductal,0
0.11120480298995972,0.1131819486618042,0.0019771456718444824,3.270638691633483,0.0022294828898227746,ductal,0
0.11649614572525024,0.11848944425582886,0.0019932985305786133,5.168277929575226,0.002261230472612856,ductal,0
0.11039602756500244,0.11481094360351562,0.004414916038513184,4.238113236072265,0.004987540239692821,ductal,0
0.10748672485351562,0.11871886253356934,0.011232137680053711,4.659619182393258,0.012745237816328005,ductal,0
0.11182337999343872,0.11458766460418701,0.002764284610748291,4.060840667532572,0.00312203083268831,ductal,0
0.11543124914169312,0.11580342054367065,0.00037217140197753906,1.5963391041640567,0.0004209147723760457,ductal,0
0.09668612480163574,0.10056376457214355,0.0038776397705078125,3.574681036258074,0.004311189184704397,ductal,0
0.11659663915634155,0.11994755268096924,0.0033509135246276855,3.3257108897805554,0.0038076293462234244,ductal,0
0.1040276288986206,0.11190938949584961,0.007881760597229004,2.252318216392318,0.008874950938569989,ductal,0
0.11066824197769165,0.11438453197479248,0.00371628999710083,2.513182023920579,0.004196279459060952,ductal,0
0.10807579755783081,0.11477094888687134,0.006695151329040527,3.497949848652809,0.007563185280263599,ductal,0
0.21000510454177856,0.23275357484817505,0.022748470306396484,1.888438725485043,0.02964949664235314,ductal,0
0.11887216567993164,0.12730497121810913,0.00843280553817749,3.9294797753805555,0.009662946688201047,ductal,0
0.10400557518005371,0.1114622950553894,0.007456719875335693,4.663891380705008,0.00839212543692845,ductal,0
0.10204476118087769,0.11324518918991089,0.011200428009033203,6.798155542126516,0.012630806027205113,ductal,0
0.10777318477630615,0.11361873149871826,0.005845546722412109,2.4178929871530297,0.006594844600333131,ductal,0
0.12707418203353882,0.13555794954299927,0.00848376750946045,10.232808880024102,0.00981415411822617,ductal,0
0.1067541241645813,0.10849332809448242,0.001739203929901123,3.7159308967949443,0.00195085912950458,ductal,0
0.14593428373336792,0.15021789073944092,0.004283607006072998,1.3756533624441167,0.005040829830837924,ductal,0
0.12734103202819824,0.13185304403305054,0.004512012004852295,12.76224291547583,0.005197290589848095,ductal,0
0.10954809188842773,0.1137552261352539,0.004207134246826172,2.8357831877291413,0.004747147030813682,ductal,0
0.3636055588722229,0.3369882106781006,-0.026617348194122314,3.702011800380561,-0.040146115985879256,ductal,0
0.14589440822601318,0.155798077583313,0.009903669357299805,4.72590731869098,0.011731398726206032,ductal,0
0.10889893770217896,0.11495190858840942,0.006052970886230469,6.168657000599033,0.006839143482673804,ductal,0
0.11296451091766357,0.10941022634506226,-0.0035542845726013184,1.6673319725363442,-0.003990933511413122,ductal,0
0.09563237428665161,0.09667235612869263,0.0010399818420410156,6.284772078253585,0.001151278662948985,ductal,0
0.09479254484176636,0.10214680433273315,0.007354259490966797,3.5045555911989092,0.008190937590305345,ductal,0
0.140039324760437,0.14484626054763794,0.004806935787200928,9.425099176366258,0.005621136370495526,ductal,0
0.10679328441619873,0.10639923810958862,-0.0003940463066101074,3.6055613714843164,-0.00044096460456960994,ductal,0
0.1034579873085022,0.10803937911987305,0.00458139181137085,2.0580298458999096,0.005136316227559732,ductal,0
0.15755188465118408,0.1796785593032837,0.02212667465209961,2.256460201428182,0.02697317606779479,ductal,0
0.348552405834198,0.3241458535194397,-0.0244065523147583,6.1154981212027115,-0.0361121588760724,ductal,0
0.14196562767028809,0.14177000522613525,-0.00019562244415283203,8.60495977553912,-0.00022793708603062357,ductal,0
0.12070947885513306,0.12752515077590942,0.006815671920776367,3.7534955962321876,0.0078118835480904475,ductal,0
0.1310446858406067,0.14163708686828613,0.010592401027679443,3.404769223830735,0.012340236123475273,ductal,0
0.10453933477401733,0.11482441425323486,0.01028507947921753,13.03330818191882,0.011619253450761044,ductal,0
0.12249100208282471,0.1313462257385254,0.008855223655700684,6.005197553348216,0.010194192344618953,ductal,0
0.09062284231185913,0.09037959575653076,-0.00024324655532836914,2.7138303640056556,-0.00026741545615467714,ductal,0
0.11275672912597656,0.11567652225494385,0.002919793128967285,2.331547247954607,0.0033017252198397923,ductal,0
0.08042997121810913,0.08373373746871948,0.0033037662506103516,2.9056573564077692,0.003605683615899329,ductal,0
0.11081945896148682,0.11292040348052979,0.0021009445190429688,4.351874759352002,0.002368383319023679,ductal,0
0.13730448484420776,0.14549678564071655,0.008192300796508789,12.984236380650604,0.009587208870421245,ductal,0
0.0991484522819519,0.10910671949386597,0.009958267211914062,8.256940138306987,0.0111778452367006,ductal,0
0.3568113446235657,0.2173709273338318,-0.1394404172897339,0.2564936806423648,-0.17816922749202857,endothelial,0
0.3718823194503784,0.30603474378585815,-0.06584757566452026,0.43877408157096626,-0.09488598323170404,endothelial,0
0.4179558753967285,0.2072409987449646,-0.21071487665176392,0.056825547093816674,-0.2657994123285592,endothelial,0
0.35940778255462646,0.3042665719985962,-0.05514121055603027,0.3735256661785025,-0.07925623282818461,endothelial,0
0.3589683175086975,0.1983945369720459,-0.1605737805366516,0.3396086678252071,-0.20031522730659332,endothelial,0
0.1249396800994873,0.11968737840652466,-0.0052523016929626465,0.2036364969070939,-0.005966405074887291,endothelial,0
0.19784247875213623,0.19449210166931152,-0.003350377082824707,0.29866888756519616,-0.004159334861604626,endothelial,0
0.12851876020431519,0.11857885122299194,-0.009939908981323242,0.19503768171998045,-0.01127713919176445,endothelial,0
0.17351025342941284,0.18115228414535522,0.007642030715942383,0.4660028494656419,0.009332664142521629,endothelial,0
0.11959284543991089,0.12702155113220215,0.00742870569229126,0.32304261704854287,0.008509609489129839,endothelial,0
0.13675957918167114,0.12223875522613525,-0.014520823955535889,0.17708007389144798,-0.01654302242436877,endothelial,0
0.25050556659698486,0.24906808137893677,-0.0014374852180480957,0.3729842578632081,-0.0019142683676141384,endothelial,0
0.21836251020431519,0.19991981983184814,-0.01844269037246704,0.23500607879613125,-0.023051052668984957,endothelial,0
0.25072944164276123,0.24526917934417725,-0.005460262298583984,0.30074656015435625,-0.0072347148799876675,endothelial,0
0.2300318479537964,0.2421594262123108,0.012127578258514404,0.3546714340633182,0.01600280940079618,endothelial,0
0.15854084491729736,0.1312083601951599,-0.02733248472213745,0.15577460886223984,-0.031460345000876445,endothelial,0
0.18015772104263306,0.1680140495300293,-0.01214367151260376,0.18116330542636128,-0.014596005504352645,endothelial,0
0.12870293855667114,0.10528212785720825,-0.02342081069946289,0.13941745308846515,-0.026176755185823613,endothelial,0
0.126869797706604,0.11830902099609375,-0.008560776710510254,0.17148556737754556,-0.00970949790161381,endothelial,0
0.1768578290939331,0.1644846796989441,-0.012373149394989014,0.1850146398707438,-0.014809003610527064,endothelial,0
0.15728849172592163,0.12830805778503418,-0.02898043394088745,0.11672327873784193,-0.03324618771540813,endothelial,0
0.1572493314743042,0.1576838493347168,0.00043451786041259766,0.36121912904745795,0.0005158607727863275,endothelial,0
0.1659780740737915,0.14446532726287842,-0.021512746810913086,0.1195308450131547,-0.025145382760569032,endothelial,0
0.16406148672103882,0.17220067977905273,0.008139193058013916,0.41999339401006347,0.009832326337066198,endothelial,0
0.20246416330337524,0.18291670083999634,-0.019547462463378906,0.2229682212834222,-0.023923463474867897,endothelial,0
0.21364891529083252,0.18092286586761475,-0.03272604942321777,0.14168238510984188,-0.03995478332804777,endothelial,0
0.23580974340438843,0.21389788389205933,-0.0219118595123291,0.18361208093655806,-0.02787406249561648,endothelial,0
0.25656628608703613,0.21796077489852905,-0.03860551118850708,0.04451546996676396,-0.049365185209856895,endothelial,0
0.2858807444572449,0.2693244218826294,-0.01655632257461548,0.19713403659495474,-0.02265892424826054,endothelial,0
0.1856839656829834,0.2587425112724304,0.07305854558944702,4.0818285833047385,0.09856027993033584,endothelial,0
0.1787949800491333,0.27665889263153076,0.09786391258239746,14.689949456811462,0.13529427760358942,endothelial,0
0.22197872400283813,0.3205264210700989,0.09854769706726074,20.78437926586984,0.1450353628502567,endothelial,0
0.165402352809906,0.2331540584564209,0.06775170564651489,2.565809517832385,0.08835113022850187,endothelial,0
0.17810720205307007,0.24889570474624634,0.07078850269317627,1.7170992657231918,0.09424590318613613,endothelial,0
0.22350388765335083,0.2701326608657837,0.04662877321243286,0.6812054481215938,0.06388664173923014,endothelial,0
0.2224036455154419,0.2527582049369812,0.030354559421539307,0.24553117374606828,0.04062213813800304,endothelial,0
0.21082955598831177,0.32872551679611206,0.11789596080780029,10.45489280249837,0.1756300347439118,endothelial,0
0.24932807683944702,0.3489111065864563,0.09958302974700928,0.8243122540404173,0.15294843876834252,endothelial,0
0.21457314491271973,0.19838964939117432,-0.01618349552154541,0.1865513504591122,-0.020188730733396835,endothelial,0
0.2632788419723511,0.38718295097351074,0.12390410900115967,0.6178296582990391,0.20218776419159948,endothelial,0
0.1966124176979065,0.18811583518981934,-0.008496582508087158,0.07016463945613001,-0.010465264475349963,endothelial,0
0.15683823823928833,0.15352308750152588,-0.003315150737762451,0.0867241793652415,-0.003916410109730461,endothelial,0
0.19269299507141113,0.20037686824798584,0.007683873176574707,0.08120464228583425,0.00960936830296412,endothelial,0
0.22310775518417358,0.25378501415252686,0.03067725896835327,0.11722022748127474,0.041110483641002254,endothelial,0
0.21472197771072388,0.22622764110565186,0.011505663394927979,0.12013002745588792,0.014869571473667718,endothelial,0
0.24355989694595337,0.23567819595336914,-0.007881700992584229,0.10553809432002202,-0.010312019035510035,endothelial,0
0.21847844123840332,0.24161666631698608,0.023138225078582764,0.12221129151633335,0.030509933500534953,endothelial,0
0.21564704179763794,0.23114466667175293,0.01549762487411499,0.07511844659476347,0.020156750174351194,endothelial,0
0.22125548124313354,0.22394657135009766,0.0026910901069641113,0.08286772841153792,0.003467660869233955,endothelial,0
0.24196946620941162,0.24394047260284424,0.001971006393432617,0.0880831434927037,0.002606946043280602,endothelial,0
0.12062960863113403,0.10480612516403198,-0.01582348346710205,0.09176264822462776,-0.017676040812948466,endothelial,0
0.17653965950012207,0.1678805947303772,-0.008659064769744873,0.12263886855240107,-0.010406036339146746,endothelial,0
0.15991705656051636,0.13816136121749878,-0.021755695343017578,0.08700576053247583,-0.02524335109151213,endothelial,0
0.12945502996444702,0.13612425327301025,0.006669223308563232,0.12704947047339468,0.0077201187020601745,endothelial,0
0.23417508602142334,0.24374514818191528,0.009570062160491943,0.12906311643634058,0.01265454646338454,endothelial,0
0.17222660779953003,0.17121535539627075,-0.0010112524032592773,0.15431045729442813,-0.0012201630542308035,endothelial,0
0.2744826078414917,0.25461381673812866,-0.019868791103363037,0.093354853487579,-0.026655700829354752,endothelial,0
0.11126291751861572,0.17206263542175293,0.06079971790313721,0.37536868932733886,0.07343516611804167,endothelial,0
0.11184924840927124,0.09021580219268799,-0.021633446216583252,0.09959479463757712,-0.0237786568163334,endothelial,0
0.22973686456680298,0.22619104385375977,-0.003545820713043213,0.06703305675786499,-0.004582294744561081,endothelial,0
0.14592218399047852,0.12830227613449097,-0.01761990785598755,0.08501545672093813,-0.02021332323532149,endothelial,0
0.21028625965118408,0.22889608144760132,0.018609821796417236,0.1489356762418106,0.024133999774444987,activated_stellate,0
0.2008611559867859,0.19793903827667236,-0.0029221177101135254,0.02935356508316467,-0.003643261359878422,activated_stellate,0
0.17699086666107178,0.18407988548278809,0.007089018821716309,0.018793458509575717,0.008688373647842904,activated_stellate,0
0.1861574649810791,0.17573601007461548,-0.010421454906463623,0.04931578232486742,-0.012643346104937827,activated_stellate,0
0.18094342947006226,0.18067830801010132,-0.0002651214599609375,0.030339448650236578,-0.00032358652596763685,activated_stellate,0
0.18666380643844604,0.1975688934326172,0.010905086994171143,0.08109725458848066,0.013590060137150735,activated_stellate,0
0.16234785318374634,0.16909641027450562,0.006748557090759277,0.0808690433433237,0.00812194961510372,activated_stellate,0
0.25134706497192383,0.27606022357940674,0.02471315860748291,0.39103447318618484,0.034137036549743476,activated_stellate,0
0.2010263204574585,0.196266770362854,-0.004759550094604492,0.10170164085971804,-0.005921803303756947,activated_stellate,0
0.16109561920166016,0.1550966501235962,-0.005998969078063965,0.04979866662982642,-0.007100183800835351,activated_stellate,0
0.18191081285476685,0.1596367359161377,-0.02227407693862915,0.030135204748824675,-0.026505295853111392,activated_stellate,0
0.20107930898666382,0.1984993815422058,-0.002579927444458008,0.09000452291355676,-0.0032188714332150735,activated_stellate,0
0.24814188480377197,0.22441279888153076,-0.02372908592224121,0.07869317431075706,-0.03059499420312977,activated_stellate,0
0.3008534908294678,0.28006863594055176,-0.020784854888916016,0.043392806954918164,-0.028870606180729903,activated_stellate,0
0.20301461219787598,0.21801376342773438,0.014999151229858398,0.3251899771454212,0.01918083788226915,activated_stellate,0
0.27338385581970215,0.3208044171333313,0.04742056131362915,0.21887617233979867,0.06981871276824568,activated_stellate,0
0.19847828149795532,0.1853705644607544,-0.013107717037200928,0.02683039768524742,-0.016090404379414853,activated_stellate,0
0.26776838302612305,0.2581913471221924,-0.009577035903930664,0.10571187245023526,-0.01291038580741416,activated_stellate,0
0.2639915347099304,0.25849658250808716,-0.005494952201843262,0.1235940462451906,-0.00741055546369507,activated_stellate,0
0.09492135047912598,0.09818142652511597,0.0032600760459899902,8.004529949526962,0.0036150021100455686,activated_stellate,0
0.12088042497634888,0.1328648328781128,0.011984407901763916,11.881059693178225,0.013820691809261324,activated_stellate,0
0.1438160538673401,0.15717101097106934,0.013354957103729248,7.748627708598518,0.0158453936416167,activated_stellate,0
0.08645731210708618,0.08584809303283691,-0.0006092190742492676,4.950368637095609,-0.0006664308957910986,activated_stellate,0
0.09960085153579712,0.10772711038589478,0.008126258850097656,7.130234064918616,0.009107369443458203,activated_stellate,0
0.08914679288864136,0.0870363712310791,-0.002110421657562256,2.6807015104288174,-0.002311616356949552,activated_stellate,0
0.10531693696975708,0.10907107591629028,0.003754138946533203,3.185156653358551,0.004213735624751669,activated_stellate,0
0.09493589401245117,0.10688549280166626,0.011949598789215088,5.607447285253444,0.01337969397306122,activated_stellate,0
0.1032721996307373,0.10748457908630371,0.004212379455566406,4.7014177731813325,0.004719671343329911,activated_stellate,0
0.17766332626342773,0.18866300582885742,0.010999679565429688,2.260921886652595,0.01355747321329394,activated_stellate,0
0.14273375272750854,0.16997241973876953,0.027238667011260986,10.630807379668939,0.03281658062818623,activated_stellate,0
0.07544618844985962,0.08308815956115723,0.007641971111297607,8.418998695162443,0.008334466602198186,activated_stellate,0
0.10524642467498779,0.11346626281738281,0.00821983814239502,1.7903073316642,0.009271884190800755,activated_stellate,0
0.07785195112228394,0.07864153385162354,0.0007895827293395996,4.093019203734517,0.0008569766907774248,activated_stellate,0
0.09388285875320435,0.09434592723846436,0.00046306848526000977,3.7097006984136462,0.0005113083451919048,activated_stellate,0
0.09126091003417969,0.09043645858764648,-0.0008244514465332031,5.6971265148337,-0.000906425344680164,activated_stellate,0
0.10936760902404785,0.10791510343551636,-0.0014525055885314941,5.740036530151591,-0.0016282145277038674,activated_stellate,0
0.11244320869445801,0.11270105838775635,0.00025784969329833984,7.106408147691585,0.0002906006997256423,activated_stellate,0
0.11888498067855835,0.12057232856750488,0.0016873478889465332,3.1860228780373623,0.0019186886468992056,activated_stellate,0
0.15324312448501587,0.150804340839386,-0.002438783645629883,4.840451875779967,-0.002871874837467368,activated_stellate,0
0.2102636694908142,0.250258207321167,0.03999453783035278,10.755000665572014,0.05334441566536127,activated_stellate,0
0.15310406684875488,0.15168040990829468,-0.001423656940460205,6.6377335925283205,-0.0016782082567565184,activated_stellate,0
0.15901583433151245,0.16539716720581055,0.006381332874298096,4.598777098387993,0.0076459516114196,activated_stellate,0
0.0908355712890625,0.09440237283706665,0.0035668015480041504,5.163736706722097,0.003938616269543757,activated_stellate,0
0.09776479005813599,0.10428482294082642,0.00652003288269043,3.5820699519780415,0.00727913632556401,activated_stellate,0
0.0834704041481018,0.09447628259658813,0.011005878448486328,8.735856738519665,0.01215415812635551,activated_stellate,0
0.083385169506073,0.08909744024276733,0.005712270736694336,7.838422835168167,0.0062710008611862175,activated_stellate,0
0.13280683755874634,0.17390954494476318,0.041102707386016846,8.585437532974554,0.049755698222258844,activated_stellate,0
0.10382330417633057,0.10632872581481934,0.0025054216384887695,3.05992103459626,0.002803515913357659,activated_stellate,0
0.08675706386566162,0.09233534336090088,0.005578279495239258,5.40416335065636,0.006145749373887171,activated_stellate,0
0.1271173357963562,0.13076525926589966,0.003647923469543457,3.2922602603770605,0.00419670694070816,activated_stellate,0
0.1102062463760376,0.11406141519546509,0.0038551688194274902,4.8342773923839895,0.004351507977585216,activated_stellate,0
0.08582168817520142,0.092018723487854,0.006197035312652588,2.2338987031189648,0.00682506949532862,activated_stellate,0
0.10085302591323853,0.10539478063583374,0.004541754722595215,3.780665870442836,0.005076825648103453,activated_stellate,0
0.11080014705657959,0.11201858520507812,0.0012184381484985352,2.539026492969284,0.0013721437500805486,activated_stellate,0
0.15042585134506226,0.18829190731048584,0.037866055965423584,20.018179113658697,0.04664984408367566,activated_stellate,0
0.15383917093276978,0.1597234010696411,0.005884230136871338,3.3208525401043385,0.007002729987199151,activated_stellate,0
0.10585671663284302,0.11142867803573608,0.005571961402893066,3.902046597687464,0.006270696864913177,activated_stellate,0
0.09600722789764404,0.10084915161132812,0.004841923713684082,7.274192598506565,0.00538499599078517,activated_stellate,0
0.10595971345901489,0.10702967643737793,0.0010699629783630371,5.852465438845324,0.0011982066482279946,activated_stellate,0
0.09878361225128174,0.101237952709198,0.0024543404579162598,2.8322186920313173,0.0027308011784816025,activated_stellate,0
0.12797778844833374,0.13126665353775024,0.003288865089416504,2.4555576519158056,0.003785816560178998,activated_stellate,0
0.14446038007736206,0.14947468042373657,0.005014300346374512,6.646160983187796,0.005895533302727149,activated_stellate,0
0.1238507628440857,0.1265076994895935,0.0026569366455078125,2.8278666249515685,0.003041740200749667,activated_stellate,0
0.12004023790359497,0.12359941005706787,0.0035591721534729004,3.5866278391247564,0.0040611247805123684,activated_stellate,0
0.09384208917617798,0.09992009401321411,0.006078004837036133,3.2843038800678594,0.0067527391697214095,activated_stellate,0
0.12756699323654175,0.12778735160827637,0.00022035837173461914,6.23485349126662,0.0002526429445169579,activated_stellate,0
0.09027069807052612,0.09529542922973633,0.005024731159210205,3.179893196992665,0.0055540021809905955,activated_stellate,0
0.1271248459815979,0.13158392906188965,0.004459083080291748,3.9405980540379697,0.00513473118418318,activated_stellate,0
0.1039891242980957,0.10913330316543579,0.005144178867340088,6.149669896328761,0.005774353094148015,activated_stellate,0
0.17559438943862915,0.179060697555542,0.003466308116912842,3.573163815628402,0.004222368336601061,activated_stellate,0
0.08535999059677124,0.09471029043197632,0.009350299835205078,4.635269038720801,0.010328516646529378,activated_stellate,0
0.11033821105957031,0.11354643106460571,0.0032082200050354004,8.161261789767211,0.003619163053162933,activated_stellate,0
0.10940974950790405,0.1143607497215271,0.004951000213623047,6.325303954701009,0.005590312547762869,activated_stellate,0
0.07843232154846191,0.08306145668029785,0.0046291351318359375,3.4262562588360534,0.0050484682594719235,activated_stellate,0
0.15256869792938232,0.1564972996711731,0.0039286017417907715,2.1613969578668875,0.004657485672848783,activated_stellate,0
0.11901164054870605,0.122653067111969,0.0036414265632629395,3.4442697894598906,0.004150497855251141,activated_stellate,0
0.10407495498657227,0.11045992374420166,0.0063849687576293945,2.162009597099259,0.007177831475007447,activated_stellate,0
0.11266416311264038,0.11477965116500854,0.002115488052368164,4.115201060859372,0.0023897869667730597,activated_stellate,0
0.11771142482757568,0.11942821741104126,0.0017167925834655762,3.2278335791937147,0.0019496338826779738,activated_stellate,0
0.08886927366256714,0.09736436605453491,0.008495092391967773,4.151278564082581,0.009411430340762533,activated_stellate,0
0.08267217874526978,0.09373551607131958,0.011063337326049805,5.354387293179968,0.012207625392192294,activated_stellate,0
0.1070287823677063,0.10719001293182373,0.00016123056411743164,4.716492641589926,0.0001805877694613197,activated_stellate,0
0.15188872814178467,0.18313109874725342,0.03124237060546875,12.66801812949313,0.038246492867528174,activated_stellate,0
0.11586195230484009,0.12176156044006348,0.005899608135223389,3.8338739225598806,0.006717547159720697,activated_stellate,0
0.08016932010650635,0.08998745679855347,0.00981813669204712,8.952278914142596,0.01078901248713196,activated_stellate,0
0.09843939542770386,0.10326063632965088,0.0048212409019470215,5.316521829438667,0.005376412698349395,activated_stellate,0
0.12268531322479248,0.12460452318191528,0.0019192099571228027,5.247292950559503,0.0021923919050836405,activated_stellate,0
0.09013640880584717,0.1007077693939209,0.01057136058807373,7.408262709575072,0.011755200621436647,activated_stellate,0
0.08903217315673828,0.0965721607208252,0.007539987564086914,1.5725496399525052,0.00834597655314995,activated_stellate,0
0.10453730821609497,0.11058223247528076,0.006044924259185791,6.45040829139221,0.006796495954886337,activated_stellate,0
0.125901460647583,0.1410999894142151,0.01519852876663208,7.714118607478511,0.017695341226351153,activated_stellate,0
0.1269681453704834,0.1374582052230835,0.010490059852600098,2.134756902835426,0.012161798901945608,activated_stellate,0
0.08629566431045532,0.09180164337158203,0.005505979061126709,5.905083909032418,0.006062529205147457,activated_stellate,0
0.10461992025375366,0.11678040027618408,0.01216048002243042,5.1880901244209845,0.013768353902283216,activated_stellate,0
0.10896676778793335,0.10890340805053711,-6.335973739624023e-05,5.744904865495381,-7.110310820247596e-05,activated_stellate,0
0.10387593507766724,0.1071321964263916,0.0032562613487243652,2.3496313886789175,0.0036469691657505464,activated_stellate,0
0.1451970338821411,0.15570569038391113,0.01050865650177002,4.813913858062918,0.012446674556587307,activated_stellate,0
0.07935589551925659,0.08387643098831177,0.004520535469055176,2.616438365734391,0.0049344167336857385,activated_stellate,0
0.16057920455932617,0.18550539016723633,0.024926185607910156,15.131783841574764,0.030603254222920064,activated_stellate,0
0.12305158376693726,0.12685072422027588,0.003799140453338623,5.012411724776537,0.004351077826808002,activated_stellate,0
0.11199653148651123,0.11959224939346313,0.007595717906951904,4.799305749725045,0.008627500043836516,activated_stellate,0
0.11060643196105957,0.11772745847702026,0.007121026515960693,4.5510285803895965,0.008071232165594059,activated_stellate,0
0.20390093326568604,0.2056153416633606,0.0017144083976745605,9.48278667336884,0.002158158997260039,activated_stellate,0
0.11790674924850464,0.12020474672317505,0.00229799747467041,3.4569649052748916,0.0026119684848394517,activated_stellate,0
0.25502514839172363,0.32936710119247437,0.07434195280075073,2.8713986730787804,0.11085342358381255,activated_stellate,0
0.11346703767776489,0.11346352100372314,-3.516674041748047e-06,2.999875983594607,-3.966756162960798e-06,activated_stellate,0
0.10698491334915161,0.10755926370620728,0.0005743503570556641,2.793211783450608,0.0006435725462744757,activated_stellate,0
0.13500171899795532,0.14127033948898315,0.006268620491027832,5.553745678806954,0.007299876526097249,activated_stellate,0
0.10960549116134644,0.1128387451171875,0.0032332539558410645,9.227285086622334,0.0036444940962487744,activated_stellate,0
0.183671772480011,0.20543503761291504,0.021763265132904053,0.23001131705997876,0.027390164634898326,activated_stellate,0
0.21608340740203857,0.29850804805755615,0.08242464065551758,0.38952105916489055,0.1174990538769294,activated_stellate,0
0.19914549589157104,0.2162131667137146,0.017067670822143555,0.01821437084666582,0.02177590908306242,activated_stellate,0
0.17755746841430664,0.19996905326843262,0.022411584854125977,0.04545867664983803,0.028013397413794904,activated_stellate,0
0.22116529941558838,0.22228503227233887,0.0011197328567504883,0.07763444387117524,0.0014397728000814232,activated_stellate,0
0.1941908597946167,0.19260245561599731,-0.0015884041786193848,0.03574206460244375,-0.0019673136110802078,activated_stellate,0
0.1845974326133728,0.21259605884552002,0.027998626232147217,0.05093079630951291,0.03555814845312565,activated_stellate,0
0.24436497688293457,0.229750394821167,-0.014614582061767578,0.057198685131526206,-0.018973826099364804,activated_stellate,0
0.17171698808670044,0.17742830514907837,0.00571131706237793,0.09794120387050301,0.006943245309958079,activated_stellate,0
0.19103360176086426,0.2194061279296875,0.028372526168823242,0.022464547251439766,0.03634735959888187,activated_stellate,0
0.17421209812164307,0.20344722270965576,0.029235124588012695,0.04831719123488719,0.036702055935907515,activated_stellate,0
0.17011737823486328,0.17707163095474243,0.00695425271987915,0.023559263816922256,0.008450617309435223,activated_stellate,0
0.1951470971107483,0.20110005140304565,0.005952954292297363,0.0636788066598786,0.007451439072880243,activated_stellate,0
0.2373252511024475,0.2627575993537903,0.025432348251342773,0.4063017768875265,0.03449658922092753,activated_stellate,0
0.20048683881759644,0.19035494327545166,-0.010131895542144775,0.02515421570058009,-0.01251399666803842,activated_stellate,0
0.20098304748535156,0.19802236557006836,-0.002960681915283203,0.046058402669426235,-0.0036917262878381134,activated_stellate,0
0.18411755561828613,0.18043643236160278,-0.0036811232566833496,1.4977330738810861,-0.004491565269660098,activated_stellate,0
0.21872437000274658,0.21551746129989624,-0.003206908702850342,6.034384253463067,-0.004087928723262885,activated_stellate,0
0.13604390621185303,0.15085452795028687,0.014810621738433838,1.314912281979113,0.01744179557677339,activated_stellate,0
0.15363848209381104,0.16662687063217163,0.012988388538360596,1.3734055396600051,0.015585321965220061,activated_stellate,0
0.22076678276062012,0.21626555919647217,-0.004501223564147949,4.256959211354626,-0.005743301978069314,activated_stellate,0
0.22196996212005615,0.2494831085205078,0.02751314640045166,6.599997894340535,0.03665893028232191,activated_stellate,0
0.18325591087341309,0.186479389667511,0.0032234787940979004,3.740490577689434,0.00396238122692485,activated_stellate,0
0.21352779865264893,0.21905028820037842,0.005522489547729492,16.758492231699066,0.0070715046875469865,activated_stellate,0
0.20803409814834595,0.20645421743392944,-0.001579880714416504,9.143803001492042,-0.0019909131257779236,activated_stellate,0
0.2143847942352295,0.22471654415130615,0.01033174991607666,6.500147809925217,0.013326416084510165,activated_stellate,0
0.10003024339675903,0.1111307144165039,0.011100471019744873,0.9077525038288652,0.012488305310783683,activated_stellate,0
0.17151856422424316,0.16957968473434448,-0.0019388794898986816,1.608271526283523,-0.0023348170248922977,activated_stellate,0
0.11563342809677124,0.12385821342468262,0.008224785327911377,1.0816229467174363,0.009387504915226795,activated_stellate,0
0.10493278503417969,0.11116200685501099,0.006229221820831299,1.4379523682156994,0.007008275826273299,activated_stellate,0
0.101795494556427,0.11400854587554932,0.012213051319122314,1.0393836496095294,0.01378461526041628,activated_stellate,0
0.11047577857971191,0.13050884008407593,0.020033061504364014,1.4188915321613769,0.023039982955434673,activated_stellate,0
0.1906232237815857,0.188587486743927,-0.0020357370376586914,1.4977295221023654,-0.002508880507018056,activated_stellate,0
0.12097477912902832,0.13107478618621826,0.010100007057189941,1.4002612067184943,0.01162356310603557,activated_stellate,0
0.10226547718048096,0.11652165651321411,0.014256179332733154,1.3092178898320217,0.016136421948351225,activated_stellate,0
0.10924452543258667,0.11883801221847534,0.009593486785888672,1.0323685768669948,0.010887313478015442,activated_stellate,0
0.08068269491195679,0.09783816337585449,0.017155468463897705,0.8991161902863406,0.019015954529946425,activated_stellate,0
0.14706969261169434,0.15440213680267334,0.007332444190979004,1.7620073586223144,0.008671313528695521,activated_stellate,0
0.09819859266281128,0.1052674651145935,0.0070688724517822266,0.6122279914248553,0.007900542537762503,activated_stellate,0
0.11450320482254028,0.13995176553726196,0.02544856071472168,1.0373795194052453,0.029589690083625476,activated_stellate,0
0.08648842573165894,0.10145854949951172,0.014970123767852783,0.9088193301346154,0.016660470988304893,activated_stellate,0
0.10070604085922241,0.11779230833053589,0.017086267471313477,1.7761621418614728,0.01936762469048521,activated_stellate,0
0.08937197923660278,0.09943610429763794,0.010064125061035156,3.6204686360964833,0.011175359248869296,activated_stellate,0
0.16636627912521362,0.16245228052139282,-0.003913998603820801,2.8810139916206317,-0.004673164898899558,activated_stellate,0
0.10017561912536621,0.11346668004989624,0.01329106092453003,1.8536915861297245,0.014992173024334926,activated_stellate,0
0.08975845575332642,0.1067352294921875,0.016976773738861084,1.6319358014884922,0.019005309846944877,activated_stellate,0
0.11613428592681885,0.11851996183395386,0.0023856759071350098,2.9594539352321014,0.002706443485774791,activated_stellate,0
0.1085171103477478,0.13315659761428833,0.024639487266540527,1.652479161333154,0.02842438114973033,activated_stellate,0
0.25539231300354004,0.2655622363090515,0.010169923305511475,2.3619197966719296,0.013847222744105762,activated_stellate,0
0.1438477635383606,0.14811170101165771,0.004263937473297119,1.555047208073539,0.005005277661825789,activated_stellate,0
0.10725617408752441,0.11105179786682129,0.003795623779296875,1.035541400243438,0.0042697918396017295,activated_stellate,0
0.21688878536224365,0.20070451498031616,-0.01618427038192749,1.523127146181277,-0.020248169400742866,activated_stellate,0
0.22258532047271729,0.20556455850601196,-0.017020761966705322,1.5647078651736992,-0.021424978138810953,activated_stellate,0
0.09013098478317261,0.10863566398620605,0.018504679203033447,1.083380074812439,0.02075995017456822,activated_stellate,0
0.09601914882659912,0.10990321636199951,0.01388406753540039,0.7211085626629322,0.015598379626374424,activated_stellate,0
0.09120523929595947,0.10287994146347046,0.011674702167510986,1.339300283704779,0.013013533758854872,activated_stellate,0
0.1215895414352417,0.13279199600219727,0.011202454566955566,0.6523162057927359,0.012917840374296118,activated_stellate,0
0.1070517897605896,0.12335562705993652,0.016303837299346924,0.7495739797981029,0.018598005990351146,activated_stellate,0
0.09212487936019897,0.11407256126403809,0.02194768190383911,1.1115948356098517,0.02477367890891153,activated_stellate,0
0.10776704549789429,0.12588441371917725,0.01811736822128296,0.6794405168356901,0.020726513181590245,activated_stellate,0
0.11697322130203247,0.13032007217407227,0.013346850872039795,1.1356284991005314,0.015346853991910523,activated_stellate,0
0.11579692363739014,0.11175239086151123,-0.004044532775878906,0.652445629727046,-0.004553384365201611,activated_stellate,0
0.09762698411941528,0.12536025047302246,0.027733266353607178,0.7254826148147508,0.031708216289742006,activated_stellate,0
0.07565611600875854,0.09071922302246094,0.015063107013702393,1.2275148507569589,0.0165659578373276,activated_stellate,0
0.09258520603179932,0.12031573057174683,0.02773052453994751,1.0554258008108963,0.031523269772654725,activated_stellate,0
0.08347630500793457,0.10031396150588989,0.016837656497955322,1.1555878327702778,0.018715035887561515,activated_stellate,0
0.2102298140525818,0.2504187226295471,0.04018890857696533,1.174011134516452,0.05361514460172869,activated_stellate,0
0.11262249946594238,0.1371203064918518,0.024497807025909424,0.4798880557256147,0.028390756220383916,activated_stellate,0
0.07513278722763062,0.09055584669113159,0.015423059463500977,1.5189942141926762,0.016958775761421543,activated_stellate,0
0.08748143911361694,0.09839779138565063,0.010916352272033691,0.5998379790532034,0.012107725743940633,activated_stellate,0
0.09813392162322998,0.11457031965255737,0.016436398029327393,1.4591386306931287,0.01856318846560209,activated_stellate,0
0.3615368604660034,0.2542606592178345,-0.10727620124816895,2.8396986109373743,-0.14385214160171939,schwann,1
0.19545185565948486,0.18707901239395142,-0.008372843265533447,3.597673281027345,-0.010299701192597367,schwann,1
0.28044378757476807,0.2796171307563782,-0.0008266568183898926,5.055794387790062,-0.0011475242592287832,schwann,1
0.24367427825927734,0.21626830101013184,-0.027405977249145508,2.6726285756181802,-0.03496857060199093,schwann,1
0.24969035387039185,0.21584337949752808,-0.03384697437286377,1.9362848171628129,-0.04316353836453654,schwann,1
0.25282323360443115,0.25877678394317627,0.005953550338745117,5.415597973659109,0.008032061341004605,schwann,1
0.2575293779373169,0.2939273715019226,0.03639799356460571,9.824544981625781,0.051549928570421594,schwann,1
0.22525107860565186,0.2514846920967102,0.02623361349105835,8.144442352253284,0.03504753104454586,schwann,1
0.2053849697113037,0.1959187388420105,-0.009466230869293213,6.162408671642101,-0.011772729109071036,schwann,1
0.34498733282089233,0.37087583541870117,0.025888502597808838,1.5108844697654245,0.04115006870708649,schwann,1
0.38002723455429077,0.23250538110733032,-0.14752185344696045,1.3378661757852799,-0.19221223161121687,schwann,1
0.4371837377548218,0.2984461784362793,-0.13873755931854248,1.3484279049760324,-0.1977575419791812,schwann,1
0.2968318462371826,0.3431912064552307,0.046359360218048096,4.40408496463536,0.07058273377834756,mast,1
0.40403038263320923,0.28659307956695557,-0.11743730306625366,0.5960962273554303,-0.16461475169734568,mast,1
0.3197906017303467,0.24198472499847412,-0.07780587673187256,0.7857179739501596,-0.1026442069148487,mast,1
0.3298337459564209,0.25485116243362427,-0.07498258352279663,0.881034188931738,-0.10062765952596335,mast,1
0.46614140272140503,0.29726511240005493,-0.1688762903213501,0.3325672473650146,-0.24031294489749094,mast,1
0.17917507886886597,0.34254586696624756,0.1633707880973816,1.5056715487619738,0.24849001609211033,mast,1
0.43514591455459595,0.2928834557533264,-0.14226245880126953,0.5712440899687811,-0.2011867208577743,mast,1
0.2322458028793335,0.4176282286643982,0.1853824257850647,3.525018890699016,0.318323165561256,mast,1
0.4111101031303406,0.44906461238861084,0.037954509258270264,0.8161294909048902,0.0688910353405036,mast,1
0.17876672744750977,0.1783512830734253,-0.00041544437408447266,1.266586403536997,-0.000505622859898652,mast,1
0.3948861360549927,0.2853355407714844,-0.1095505952835083,0.23074932704591217,-0.1532895526968961,mast,1
0.4231325387954712,0.22986292839050293,-0.19326961040496826,0.22416872226239754,-0.25095482029070126,mast,1
0.40329980850219727,0.25867778062820435,-0.14462202787399292,0.25244476585389547,-0.19508659540320694,mast,1
0.4206370711326599,0.22791600227355957,-0.19272106885910034,0.22275687834798058,-0.2496115311631986,mast,1
0.3790283203125,0.2343418002128601,-0.1446865200996399,0.2825056398267991,-0.1889701176580674,mast,1
0.41837078332901,0.27127325534820557,-0.14709752798080444,0.23047149883762746,-0.20185553646873722,mast,1
0.5624812841415405,0.4488229751586914,-0.11365830898284912,1.1686299643987963,-0.206210171796571,mast,1
0.20685118436813354,0.44284939765930176,0.2359982132911682,2.614936557686538,0.42358064821198027,macrophage,0
0.12225258350372314,0.20234811305999756,0.08009552955627441,0.7217443837813812,0.10041414164209081,macrophage,0
0.22184544801712036,0.20885682106018066,-0.012988626956939697,0.32676131221458055,-0.016417542744089964,macrophage,0
0.2359226942062378,0.2099817395210266,-0.02594095468521118,0.20009773121538982,-0.03283589251403336,macrophage,0
0.2946971654891968,0.2338275909423828,-0.060869574546813965,0.1450094174584766,-0.0794463149902289,macrophage,0
0.22975856065750122,0.2284853458404541,-0.0012732148170471191,0.2784366438308342,-0.0016502794991419874,macrophage,0
0.1996173858642578,0.15916943550109863,-0.04044795036315918,0.16834113265807282,-0.048104757451656634,macrophage,0
0.25525975227355957,0.22334402799606323,-0.03191572427749634,0.13357656438029017,-0.041093773083527595,macrophage,0
0.2804611921310425,0.21020472049713135,-0.07025647163391113,0.09125012198270312,-0.08895529443798854,macrophage,0
0.2749290466308594,0.24228215217590332,-0.032646894454956055,0.21142091781351804,-0.04308581954180785,macrophage,0
0.24183601140975952,0.215659499168396,-0.026176512241363525,0.29285275989644516,-0.03337391377037096,macrophage,0
0.27587878704071045,0.2089017629623413,-0.06697702407836914,0.12816425078733318,-0.08466334639952033,macrophage,0
0.23179644346237183,0.17569273710250854,-0.05610370635986328,0.14498154021524745,-0.06806164264846491,macrophage,0
0.23539870977401733,0.20017212629318237,-0.03522658348083496,0.17217522356303477,-0.044042705485589896,macrophage,0
0.3478189706802368,0.316440224647522,-0.031378746032714844,0.29574736517225586,-0.04590490424415974,macrophage,0
0.29919707775115967,0.23920726776123047,-0.0599898099899292,0.13173804207379747,-0.07885171275676936,macrophage,0
0.443382203578949,0.22716736793518066,-0.2162148356437683,1.4917714234634019,-0.2797692885535841,macrophage,0
0.42910897731781006,0.3254125714302063,-0.10369640588760376,0.189300470052069,-0.15371826022232965,macrophage,0
0.3268173933029175,0.16062486171722412,-0.16619253158569336,0.12157505773427842,-0.19799553740142467,macrophage,0
0.14949166774749756,0.25289517641067505,0.10340350866317749,0.3116986131001216,0.13840562314454716,macrophage,0
0.46062153577804565,0.41745972633361816,-0.04316180944442749,0.5588490220509397,-0.07409240424318897,macrophage,0
0.29547297954559326,0.18000268936157227,-0.115470290184021,0.19557106470844007,-0.14081788889541472,macrophage,0
0.29822903871536255,0.1690118908882141,-0.12921714782714844,0.14169683528506186,-0.15549819114170493,macrophage,0
0.31663066148757935,0.17055118083953857,-0.14607948064804077,0.15251902779808602,-0.1761163284262641,macrophage,0
0.31414204835891724,0.2771078944206238,-0.03703415393829346,1.4428197274743497,-0.051230541394018544,epsilon,1
0.2950231432914734,0.2663295269012451,-0.02869361639022827,3.2900262136571037,-0.039109678585042364,epsilon,1
0.2376590371131897,0.20957988500595093,-0.02807915210723877,3.4299639773105204,-0.03552433898705902,epsilon,1
0.13323020935058594,0.13643306493759155,0.0032028555870056152,1.3699256751344353,0.003708867786576556,epsilon,1
0.2513731122016907,0.23935461044311523,-0.01201850175857544,4.926942218553413,-0.01580040045411547,epsilon,1
0.2741957902908325,0.2512192726135254,-0.02297651767730713,10.917326016903095,-0.030685241803035966,epsilon,1
0.26622599363327026,0.24927419424057007,-0.016951799392700195,4.568470206515143,-0.022580547068782125,epsilon,1
0.33703404664993286,0.3157142400741577,-0.021319806575775146,2.7263860575495826,-0.031156291456489793,epsilon,1
0.149968683719635,0.16976851224899292,0.01979982852935791,2.718047005333253,0.023848563709614485,epsilon,1
0.2809672951698303,0.25912368297576904,-0.02184361219406128,3.989252261767177,-0.029483480160085705,epsilon,1
0.27725154161453247,0.25612330436706543,-0.02112823724746704,2.903653232800301,-0.028402875599550646,epsilon,1
0.32227861881256104,0.29019540548324585,-0.032083213329315186,2.198073704871563,-0.04520006432355926,epsilon,1
0.1683453917503357,0.16194039583206177,-0.006404995918273926,6.962619306477523,-0.007642649623511065,epsilon,1
0.18940335512161255,0.1842283010482788,-0.00517505407333374,5.204621719162752,-0.0063437528906479124,epsilon,1
0.27860480546951294,0.25168538093566895,-0.026919424533843994,0.2908861132264762,-0.035973404565452956,quiescent_stellate,0
0.33061063289642334,0.3770291805267334,0.04641854763031006,3.015590685963979,0.07451159216343038,quiescent_stellate,0
0.17723017930984497,0.22865509986877441,0.05142492055892944,3.8515468137407822,0.06666916518172447,quiescent_stellate,0
0.13803154230117798,0.17984402179718018,0.0418124794960022,10.90969767055509,0.05098113115949539,quiescent_stellate,0
0.1152462363243103,0.14688408374786377,0.03163784742355347,10.245347169961848,0.0370850511880533,quiescent_stellate,0
0.13216382265090942,0.22958731651306152,0.0974234938621521,3.9636380510191698,0.1264562434528037,quiescent_stellate,0
0.2107532024383545,0.3024754524230957,0.09172224998474121,3.6296477244000904,0.13149680581618317,quiescent_stellate,0
0.18262618780136108,0.22164028882980347,0.03901410102844238,2.6410817481155515,0.05012348464155224,quiescent_stellate,0
0.10370886325836182,0.15183258056640625,0.048123717308044434,4.538644265717445,0.05673846484244992,quiescent_stellate,0
0.13453274965286255,0.13908171653747559,0.004548966884613037,6.733071438448851,0.005283854428456975,quiescent_stellate,0
0.22276073694229126,0.2667046785354614,0.043943941593170166,0.7497239255952713,0.05992666297857357,quiescent_stellate,0
0.1284865140914917,0.14331090450286865,0.014824390411376953,11.700919384419155,0.01730428283644074,quiescent_stellate,0
0.1858389973640442,0.19354194402694702,0.007702946662902832,8.850054149964246,0.009551577550562925,quiescent_stellate,0
0.2443687915802002,0.2888681888580322,0.04449939727783203,0.5208311197355986,0.0625754558868248,quiescent_stellate,0
0.13135021924972534,0.31705164909362793,0.1857014298439026,3.50487235847273,0.2719113818745586,quiescent_stellate,0
0.3010510802268982,0.33141571283340454,0.030364632606506348,10.397967104301497,0.04541631203328025,quiescent_stellate,0
0.32689231634140015,0.33211129903793335,0.005218982696533203,3.075316685798506,0.007814150305306064,quiescent_stellate,0
0.27621322870254517,0.2880159020423889,0.01180267333984375,4.686806501514517,0.01657715863837515,quiescent_stellate,0
0.16775870323181152,0.181566059589386,0.013807356357574463,1.0146251811805203,0.01687045914866045,quiescent_stellate,0
0.19911295175552368,0.21323233842849731,0.014119386672973633,1.15202519005114,0.0179460689128622,quiescent_stellate,0
0.17480313777923584,0.1732845902442932,-0.001518547534942627,1.358215234990019,-0.0018368443566224991,acinar,0
0.14797115325927734,0.14846044778823853,0.0004892945289611816,1.0442044694152675,0.0005745998852200156,acinar,0
0.21717995405197144,0.23886537551879883,0.021685421466827393,0.8997192454254946,0.02849091444448273,acinar,0
0.18518418073654175,0.1781010627746582,-0.007083117961883545,1.1212591126416334,-0.008617991386867497,acinar,0
0.17937374114990234,0.2019382119178772,0.022564470767974854,1.0418770719770896,0.028274089932561596,acinar,0
0.22002661228179932,0.2353527545928955,0.015326142311096191,0.7182077659076861,0.020043415317525178,acinar,0
0.20193088054656982,0.20456528663635254,0.002634406089782715,1.7986453812629015,0.003311907370301487,beta,0
0.17263460159301758,0.19230937957763672,0.01967477798461914,0.8901538998361397,0.02435929981993683,acinar,0
0.18297529220581055,0.1906195878982544,0.007644295692443848,0.8283839551914,0.009444626504604486,acinar,0
0.15915364027023315,0.16007071733474731,0.0009170770645141602,0.8019037525379705,0.0010918503300707688,acinar,0
0.1701873540878296,0.1853359341621399,0.015148580074310303,1.3574586764241088,0.018594879422759853,acinar,0
0.17810946702957153,0.1864493489265442,0.008339881896972656,1.0235372671268739,0.010251214089704717,acinar,0
0.2710723876953125,0.275831937789917,0.004759550094604492,1.2140780481875029,0.00657243855808672,delta,0
0.24843508005142212,0.24135559797286987,-0.007079482078552246,4.212304865766702,-0.009331752873461623,delta,0
0.2251873016357422,0.2214949131011963,-0.0036923885345458984,1.3199384377727457,-0.004742921525734185,beta,0
0.17437231540679932,0.18080061674118042,0.0064283013343811035,0.5018041258426712,0.007847053435036746,activated_stellate,0
0.2601526975631714,0.2644098997116089,0.0042572021484375,1.843687599243383,0.005787465256490601,beta,0
0.17016303539276123,0.1841285228729248,0.013965487480163574,0.6727242859607655,0.017117264019745105,acinar,0
0.15873676538467407,0.16180431842803955,0.0030675530433654785,0.345607949164631,0.003659709911189902,ductal,0
0.24083787202835083,0.23893648386001587,-0.001901388168334961,1.5368552518904972,-0.002498330465213411,beta,0
0.2253129482269287,0.22734427452087402,0.0020313262939453125,1.5992341895214472,0.0026290186262266824,beta,0
0.27210402488708496,0.2830061912536621,0.010902166366577148,0.7602456392632635,0.015205384249606789,alpha,0
0.2297508716583252,0.2619689106941223,0.03221803903579712,3.0427078745544938,0.043654040463388014,ductal,0
0.19003444910049438,0.19368302822113037,0.0036485791206359863,1.2585582947385665,0.004524993579865512,beta,0
0.22433149814605713,0.23096364736557007,0.0066321492195129395,1.4982518041279613,0.008623973622044895,delta,0
0.23237431049346924,0.2295774221420288,-0.0027968883514404297,0.9188616082294992,-0.0036303302003644566,alpha,0
0.22137272357940674,0.2174527645111084,-0.00391995906829834,1.9521234888698293,-0.005009229974276721,beta,0
0.21746081113815308,0.19727694988250732,-0.020183861255645752,0.3188224068854587,-0.025144240286474256,acinar,0
0.2352384328842163,0.23464328050613403,-0.0005951523780822754,1.2473801737447432,-0.0007776143632420873,acinar,0
0.23552018404006958,0.22776341438293457,-0.00775676965713501,0.6217832594315458,-0.010044550856052572,beta,0
0.3150840401649475,0.3093110918998718,-0.005772948265075684,1.3542718900066943,-0.00835824666846798,delta,0
0.294675350189209,0.2916675806045532,-0.0030077695846557617,1.1189179823734086,-0.004246268421856022,delta,0
0.26826179027557373,0.2763446569442749,0.008082866668701172,0.9292160382813364,0.01116949767076998,delta,0
0.3242843747138977,0.33010077476501465,0.005816400051116943,2.0418134715760856,0.008682500041818503,delta,0
0.3099464774131775,0.300981342792511,-0.008965134620666504,1.2895070674004776,-0.012825315216165098,beta,0
0.18254107236862183,0.18608099222183228,0.0035399198532104492,1.278351622531291,0.004349228632556089,acinar,0
0.2258855700492859,0.22134220600128174,-0.00454336404800415,1.3516119614699869,-0.005834866205695013,beta,0
0.24941611289978027,0.23988211154937744,-0.009534001350402832,1.2931646641809347,-0.012542793026271691,beta,0
0.31103742122650146,0.2821005582809448,-0.02893686294555664,1.2449038482425006,-0.04030768275326348,beta,0
0.25375068187713623,0.2519150972366333,-0.0018355846405029297,1.256313034937081,-0.002453711649202416,delta,0
0.18366527557373047,0.1853114366531372,0.0016461610794067383,0.5784860875392966,0.002020601679547411,activated_stellate,0
0.24443799257278442,0.23649072647094727,-0.007947266101837158,1.1329527034682982,-0.010408866502830698,beta,0
0.25955528020858765,0.2636492848396301,0.0040940046310424805,3.544740312495612,0.005559856936040114,delta,0
0.1835307478904724,0.19333362579345703,0.00980287790298462,0.7418142091122654,0.012152332384781717,activated_stellate,0
0.21192395687103271,0.20107722282409668,-0.010846734046936035,0.6617978776605506,-0.0135766989711796,activated_stellate,0
0.20252376794815063,0.21202236413955688,0.00949859619140625,0.8333159413449985,0.012054398194987001,activated_stellate,0
0.20112985372543335,0.20620882511138916,0.0050789713859558105,0.945742103169107,0.006398372199928426,acinar,0
0.16186457872390747,0.16525787115097046,0.0033932924270629883,0.3646325487948787,0.004065078674945727,activated_stellate,0
0.29009896516799927,0.2928251028060913,0.002726137638092041,1.0189553871627044,0.003854969469235174,delta,0
0.2679089307785034,0.2691188454627991,0.0012099146842956543,1.8146822512179126,0.0016554191837957304,beta,0
0.3160839080810547,0.31124305725097656,-0.004840850830078125,1.528708922651499,-0.00702838770779852,delta,0
0.23569530248641968,0.23219209909439087,-0.0035032033920288086,1.3084629707120328,-0.004562603989743883,beta,0
0.21408605575561523,0.2319623827934265,0.01787632703781128,1.6614699727043363,0.023275327454440574,acinar,0
0.21267831325531006,0.20790231227874756,-0.0047760009765625,0.8991310941766588,-0.00602956055875172,beta,0
0.2414151430130005,0.23842400312423706,-0.0029911398887634277,1.809243332239377,-0.003927565864777874,beta,0
0.15751862525939941,0.17030489444732666,0.012786269187927246,0.9129934829987878,0.015410804646617874,activated_stellate,0
0.24862563610076904,0.24904823303222656,0.00042259693145751953,2.152988884669602,0.0005627484347815044,beta,0
0.2492445707321167,0.2515900135040283,0.002345442771911621,2.115619492547914,0.003133900955668562,beta,0
0.3042337894439697,0.30039119720458984,-0.003842592239379883,1.7488173137352934,-0.00549248697847444,beta,0
0.3022031784057617,0.3000715970993042,-0.0021315813064575195,1.666905384316996,-0.0030454276432041625,beta,0
0.20291900634765625,0.20269745588302612,-0.00022155046463012695,1.0046529842647887,-0.0002778750253148858,ductal,0
0.2294895052909851,0.23615634441375732,0.006666839122772217,1.2728364959605796,0.008728015313101582,alpha,0
0.28742313385009766,0.3032228350639343,0.01579970121383667,1.9876738007048438,0.022675400413396735,beta,0
0.20372653007507324,0.2007235288619995,-0.0030030012130737305,0.8845184428278946,-0.0037571495239914826,ductal,0
0.28935670852661133,0.3181038498878479,0.028747141361236572,2.1775306706587427,0.04215765312138586,ductal,0
0.1931210160255432,0.2062833309173584,0.013162314891815186,0.9438900616586171,0.01658314031255998,acinar,0
0.22029924392700195,0.22178345918655396,0.001484215259552002,0.8705504938999952,0.0019072008646855501,alpha,0
0.25437355041503906,0.24601960182189941,-0.008353948593139648,1.211666483566019,-0.01107979546063256,beta,0
0.30810248851776123,0.31534475088119507,0.007242262363433838,1.0048871324918185,0.010577969529562642,delta,0
0.2643146514892578,0.2727850675582886,0.008470416069030762,1.2442883025573608,0.011647747716882439,alpha,0
0.2851400375366211,0.28992974758148193,0.00478971004486084,2.2500901311548587,0.006745403047863167,beta,0
0.3144882917404175,0.3075706958770752,-0.006917595863342285,0.8597338660805918,-0.009990327997606274,beta,0
0.31050676107406616,0.3191567659378052,0.008650004863739014,0.5535007224817875,0.012704840748918771,beta,0
0.27179479598999023,0.26194334030151367,-0.009851455688476562,1.380868575386155,-0.013347831171256033,delta,0
0.27137404680252075,0.27642542123794556,0.005051374435424805,1.5866436597830704,0.006981138618865072,beta,0
0.24628311395645142,0.24151575565338135,-0.004767358303070068,1.5002114376786726,-0.006285375521777404,beta,0
0.2840214967727661,0.28509509563446045,0.001073598861694336,1.9698937851844485,0.0015017366018031844,delta,0
0.2714029550552368,0.2688016891479492,-0.0026012659072875977,1.0223230132398617,-0.003557538179015204,beta,0
0.24939972162246704,0.24029219150543213,-0.009107530117034912,1.463466047130858,-0.011988201273174137,beta,0
0.2275959849357605,0.23162996768951416,0.004033982753753662,1.7186946730465273,0.005250052167734198,beta,0
0.2772478461265564,0.26348650455474854,-0.013761341571807861,0.9264252686735579,-0.018684439126928132,beta,0
0.2926591634750366,0.2937430143356323,0.0010838508605957031,0.4985970090788966,0.001534640906349602,beta,0
0.241704523563385,0.22364568710327148,-0.018058836460113525,1.5559168242708425,-0.023261075722929268,beta,0
0.201541006565094,0.2015608549118042,1.9848346710205078e-05,1.4892301347474217,2.485893487601065e-05,acinar,0
0.19272440671920776,0.20453137159347534,0.011806964874267578,0.7693230308443612,0.014842778775473749,activated_stellate,0
0.24545139074325562,0.24637985229492188,0.0009284615516662598,1.726438338057246,0.0012320020297939328,delta,0
0.30224543809890747,0.29626303911209106,-0.005982398986816406,1.6353802191784346,-0.008500902068961078,delta,0
0.25205010175704956,0.24087071418762207,-0.01117938756942749,0.4798968937786845,-0.014726592397846872,beta,0
0.27075183391571045,0.2811436653137207,0.010391831398010254,1.5074175663433924,0.014456061519643449,beta,0
0.25482088327407837,0.24720251560211182,-0.007618367671966553,1.6797604272762894,-0.010120075890078153,beta,0
0.25269436836242676,0.23226135969161987,-0.020433008670806885,1.3775715436889842,-0.026614537289147634,beta,0
0.25140225887298584,0.24200564622879028,-0.009396612644195557,1.715697986532903,-0.012396678942851066,beta,0
0.2603275179862976,0.2517836093902588,-0.008543908596038818,1.0584424957253231,-0.01141903425702311,beta,0
0.28992950916290283,0.2815207839012146,-0.008408725261688232,1.0949709093682283,-0.011703505227814546,beta,0
0.28385961055755615,0.2826300859451294,-0.0012295246124267578,1.272065731217141,-0.001713933897055952,beta,0
0.3806695342063904,0.3750866651535034,-0.005582869052886963,0.8944924601540601,-0.008933829287317634,beta,0
0.2490314245223999,0.2488471269607544,-0.0001842975616455078,2.0794590071043846,-0.0002453529344829901,beta,0
0.3519113063812256,0.3453426957130432,-0.006568610668182373,1.0844731520744089,-0.010033662841869318,delta,0
0.28053587675094604,0.27960526943206787,-0.0009306073188781738,2.7483407022472184,-0.0012918019516113312,delta,0
0.2796292304992676,0.2803995609283447,0.0007703304290771484,0.6714746519622947,0.0010704974417065935,beta,0
0.2878831624984741,0.27799326181411743,-0.00988990068435669,0.648878181384915,-0.013697795548565237,delta,0
0.26897192001342773,0.27336585521698,0.004393935203552246,1.4094255878645996,0.006046970452873939,alpha,0
0.24516332149505615,0.23581016063690186,-0.009353160858154297,0.8602255390345418,-0.01223931590866157,alpha,0
0.2874763011932373,0.2916550040245056,0.0041787028312683105,1.1672770486834687,0.00589924804298734,delta,0
0.2673875093460083,0.2644655108451843,-0.0029219985008239746,1.1693480688176476,-0.003972619291015939,beta,0
0.25623834133148193,0.24897634983062744,-0.007261991500854492,0.8066980528878865,-0.009669457811637158,beta,0
0.38350987434387207,0.3705472946166992,-0.012962579727172852,1.2319335399732771,-0.02059341331971777,beta,0
0.23585522174835205,0.22781658172607422,-0.008038640022277832,1.550648150896166,-0.010410272782400243,beta,0
0.2505890130996704,0.2685622572898865,0.017973244190216064,1.772240567207697,0.02457248668030424,acinar,0
0.2831380367279053,0.2904661297798157,0.0073280930519104,2.62260553414592,0.010328038391791399,delta,0
0.2847961187362671,0.2704542279243469,-0.014341890811920166,1.3630579115413135,-0.019658657977162437,beta,0
0.2918654680252075,0.27967995405197144,-0.012185513973236084,1.2364965458218424,-0.016916805303118378,beta,0
0.2645336985588074,0.27595144510269165,0.011417746543884277,1.7545243073532157,0.015769310589265183,delta,0
0.2704528570175171,0.2646021246910095,-0.005850732326507568,1.6657975849805031,-0.007955873307424609,beta,0
0.2514728307723999,0.24805057048797607,-0.003422260284423828,1.412355908239036,-0.004551184095777155,beta,0
0.28591644763946533,0.2633463740348816,-0.02257007360458374,1.4892128174148995,-0.03063865134039599,beta,0
0.3042168617248535,0.30361300706863403,-0.0006038546562194824,0.7314112596326415,-0.0008671251220210495,delta,0
0.267642080783844,0.26257067918777466,-0.005071401596069336,1.5175649976743788,-0.006877135818906078,beta,0
0.2864585518836975,0.28465211391448975,-0.0018064379692077637,1.3454200081261338,-0.0025252579959281914,delta,0
0.27762269973754883,0.26605093479156494,-0.011571764945983887,2.704527680092265,-0.015766441425601664,beta,0
0.2882657051086426,0.2802220582962036,-0.008043646812438965,0.9747420358785193,-0.011175178268729293,beta,0
0.26567506790161133,0.26079052686691284,-0.004884541034698486,1.102263628078975,-0.006607790094999329,beta,0
0.2876923680305481,0.28654229640960693,-0.0011500716209411621,0.7732507674518835,-0.0016119688877890871,epsilon,1
0.2765074372291565,0.2661627531051636,-0.01034468412399292,1.0003407733785072,-0.014096700825374403,beta,0
0.2527059316635132,0.25204920768737793,-0.0006567239761352539,0.7628635473555141,-0.0008780309919917326,beta,0
0.2889121174812317,0.28862130641937256,-0.00029081106185913086,1.1471662523522645,-0.00040879922955714787,beta,0
0.2750629186630249,0.2719614505767822,-0.0031014680862426758,0.6275340155329868,-0.0042600327808188,delta,0
0.2629895806312561,0.2664397954940796,0.0034502148628234863,1.4980217669592355,0.004703383364624219,beta,0
0.306424081325531,0.3024832010269165,-0.003940880298614502,0.8969269289213587,-0.005649871521971153,delta,0
0.26076173782348633,0.25240838527679443,-0.008353352546691895,1.57152357732192,-0.011173684110655398,beta,0
0.2578672170639038,0.26187437772750854,0.004007160663604736,0.8043079139398599,0.005428832901461624,alpha,0
0.28250187635421753,0.297499418258667,0.014997541904449463,1.4001032393006543,0.021348796419889217,alpha,0
0.2142009735107422,0.20912104845046997,-0.005079925060272217,1.1172675434255823,-0.00642313852242416,beta,0
0.22046971321105957,0.21922415494918823,-0.0012455582618713379,0.5664325825923482,-0.0015952827815648917,acinar,0
0.24736136198043823,0.23862147331237793,-0.008739888668060303,1.1626981822213833,-0.011479032257559451,alpha,0
0.26153701543807983,0.2458445429801941,-0.015692472457885742,0.9245878275728554,-0.020808007569019845,beta,0
0.25750887393951416,0.24623751640319824,-0.011271357536315918,1.3418869265482838,-0.014953460515215993,beta,0
0.256816029548645,0.25899314880371094,0.002177119255065918,1.6763695250719233,0.0029380555005006424,alpha,0
0.21975910663604736,0.22015517950057983,0.0003960728645324707,1.2368302380636294,0.000507886766855516,beta,0
0.3158743977546692,0.3030647039413452,-0.012809693813323975,1.0817322812068533,-0.018380033104602435,delta,0
0.30164724588394165,0.29358989000320435,-0.008057355880737305,1.1675344343515557,-0.01140605969069986,beta,0
0.3018447160720825,0.2965586185455322,-0.005286097526550293,1.0246728537198675,-0.007514624055270269,beta,0
0.30000919103622437,0.29515111446380615,-0.004858076572418213,2.289741507976242,-0.006892366111528386,beta,0
0.336028516292572,0.3234659433364868,-0.012562572956085205,1.5612975383002803,-0.018569017823050163,beta,0
0.24282574653625488,0.23779797554016113,-0.00502777099609375,2.03502271478864,-0.006596375809493364,beta,0
0.35623669624328613,0.35898470878601074,0.0027480125427246094,1.6121327321950585,0.0042869687827887465,delta,0
0.26096731424331665,0.251554012298584,-0.009413301944732666,1.2786635642878692,-0.012577129277748223,beta,0
0.20031416416168213,0.20185303688049316,0.0015388727188110352,0.4246091123115346,0.0019280568490750733,ductal,0
0.2384023666381836,0.23848658800125122,8.422136306762695e-05,0.3877207051353913,0.00011059734699428424,ductal,0
0.3216797709465027,0.31346744298934937,-0.00821232795715332,1.1659038430297328,-0.011962037158022088,beta,0
0.2844139337539673,0.28063011169433594,-0.0037838220596313477,1.5973933652367294,-0.005259911654828095,beta,0
0.22761225700378418,0.2207598090171814,-0.006852447986602783,0.6232090304852975,-0.00879375584819376,beta,0
0.31678396463394165,0.31826215982437134,0.0014781951904296875,0.8651218479992181,0.002168275110046519,beta,0
0.2688824534416199,0.2714715600013733,0.002589106559753418,1.5410630254961328,0.0035538853634297356,delta,0
0.25257664918899536,0.25385528802871704,0.0012786388397216797,1.6127469784913693,0.001713660660200311,beta,0
0.16450285911560059,0.1744137406349182,0.009910881519317627,0.7058999850886473,0.012004659000671358,activated_stellate,0
0.30488723516464233,0.29674845933914185,-0.008138775825500488,0.8738379008800543,-0.011573065048463789,beta,0
0.32506638765335083,0.3254755735397339,0.00040918588638305664,1.6156112455094551,0.0006066287154793799,beta,0
0.2068169116973877,0.20163869857788086,-0.005178213119506836,1.7192517089236738,-0.006486052255141747,alpha,0
0.2835536003112793,0.289461612701416,0.005908012390136719,1.8278865376639006,0.008314839135713074,beta,0
0.256128191947937,0.2512012720108032,-0.004926919937133789,0.860277733988403,-0.006579765366808785,alpha,0
0.2537561058998108,0.24764889478683472,-0.006107211112976074,0.6359574764137966,-0.008117501350975892,beta,0
0.32573986053466797,0.32364052534103394,-0.002099335193634033,0.9004715120433089,-0.00310387489536176,gamma,0
0.2938050627708435,0.2884253263473511,-0.005379736423492432,0.9572960280441464,-0.007560325883827787,beta,0
0.3163207769393921,0.310219407081604,-0.006101369857788086,1.1916397206724436,-0.00884537767578205,beta,0
0.3601524829864502,0.34429317712783813,-0.01585930585861206,1.216336169750516,-0.0241865805042935,beta,0
0.2960370182991028,0.28966575860977173,-0.006371259689331055,1.1363766330142333,-0.008969382747003108,beta,0
0.2721148729324341,0.2612971067428589,-0.010817766189575195,0.901422284662484,-0.014644272126614713,beta,0
0.2637593746185303,0.2674068212509155,0.003647446632385254,1.8324712106824945,0.004978815989814882,beta,0
0.2634454369544983,0.25887638330459595,-0.004569053649902344,0.9272284062784737,-0.006165035827997624,beta,0
0.19772756099700928,0.21293699741363525,0.015209436416625977,0.415827404433075,0.019324293438576463,acinar,0
0.2965669631958008,0.297124445438385,0.0005574822425842285,2.103026469996897,0.0007931450154528868,beta,0
0.21421360969543457,0.21832698583602905,0.004113376140594482,0.6523246609798108,0.005262272159918294,acinar,0
0.31322646141052246,0.3098607063293457,-0.003365755081176758,0.6557160458141446,-0.0048769213868047785,beta,0
0.27876734733581543,0.2748572826385498,-0.003910064697265625,1.791074849599266,-0.005392131236583375,beta,0
0.2765183448791504,0.2721514105796814,-0.004366934299468994,0.595360390287975,-0.005999783970106966,beta,0
0.20983833074569702,0.2223343849182129,0.01249605417251587,2.487455167276547,0.016068672614773714,acinar,0
0.3098323345184326,0.29868513345718384,-0.01114720106124878,1.127273651134601,-0.015894716614521145,delta,0
0.2634342908859253,0.2551959753036499,-0.00823831558227539,1.1773229414957531,-0.011061051376077187,beta,0
0.26587939262390137,0.2669175863265991,0.001038193702697754,1.6057139610898543,0.0014162032580968239,delta,0
0.27877843379974365,0.27125704288482666,-0.007521390914916992,1.3154151216585506,-0.01032104782829247,beta,0
0.20811760425567627,0.21347886323928833,0.0053612589836120605,1.7167678915830302,0.00681642073306817,acinar,0
0.2724742293357849,0.2652702331542969,-0.007203996181488037,1.136039421140181,-0.009804960281404948,alpha,0
0.2701045870780945,0.26067042350769043,-0.009434163570404053,1.4080142891393603,-0.012760430355246563,beta,0
0.26751595735549927,0.263968825340271,-0.0035471320152282715,1.1570498668293991,-0.004819268717616653,alpha,0
0.29939156770706177,0.2914162874221802,-0.007975280284881592,0.7992037704599568,-0.011255240761698584,beta,0
0.23491734266281128,0.23046380281448364,-0.004453539848327637,1.3891227168130218,-0.005787303917107355,alpha,0
0.32447731494903564,0.3320757746696472,0.007598459720611572,0.987008045954133,0.011376230165709895,endothelial,0
0.3335188031196594,0.3270806074142456,-0.006438195705413818,1.5691468715943842,-0.00956755857588598,beta,0
0.25942111015319824,0.2576248049736023,-0.0017963051795959473,0.8367780995506298,-0.002419672951939179,beta,0
0.22496092319488525,0.2282019853591919,0.0032410621643066406,1.7858307209503113,0.004199365770349926,alpha,0
0.3335169553756714,0.3263589143753052,-0.007158041000366211,1.066689503421061,-0.010625897311070729,delta,0
0.3025921583175659,0.29350799322128296,-0.009084165096282959,0.9081927917267784,-0.01285812862583206,beta,0
0.24912536144256592,0.24163967370986938,-0.007485687732696533,1.099039655895329,-0.009870885215364876,beta,0
0.3197441101074219,0.3045731782913208,-0.015170931816101074,1.8376410148435045,-0.021815281410667707,delta,0
0.2642626166343689,0.26040762662887573,-0.003854990005493164,1.3622603793815249,-0.00521231714156515,beta,0
0.30220139026641846,0.2965317368507385,-0.005669653415679932,0.7491838299615559,-0.008059572425198303,gamma,0
0.24969875812530518,0.26227760314941406,0.012578845024108887,1.7507151371338343,0.017050919258801537,alpha,0
0.24764442443847656,0.24524188041687012,-0.0024025440216064453,1.1866180922196325,-0.0031831973174842095,beta,0
0.29665839672088623,0.28931111097335815,-0.007347285747528076,1.3131254881358776,-0.010338258921693436,beta,0
0.2801171541213989,0.2852259874343872,0.005108833312988281,0.9240636525685979,0.0071474804947799005,delta,0
0.26683616638183594,0.26051223278045654,-0.0063239336013793945,1.2502557691046732,-0.008551775812542831,alpha,0
0.2591644525527954,0.2582933306694031,-0.000871121883392334,0.7493980740669214,-0.0011744830125075408,ductal,0
0.25785768032073975,0.2575540542602539,-0.00030362606048583984,1.0027009089222376,-0.0004089537591633259,beta,0
0.25245898962020874,0.250613272190094,-0.001845717430114746,0.9805098456546978,-0.0024629705352653937,alpha,0
0.2646905779838562,0.2554624676704407,-0.009228110313415527,0.6268794538000146,-0.012394419237055776,beta,0
0.2595881223678589,0.2660368084907532,0.006448686122894287,1.2307261253359782,0.008786116521230266,ductal,0
0.21996062994003296,0.2152712345123291,-0.004689395427703857,0.8969588874665846,-0.005975816911451723,alpha,0
0.2262113094329834,0.24037253856658936,0.014161229133605957,1.1597931575747649,0.018642334371224333,ductal,0
0.2759152054786682,0.26937663555145264,-0.006538569927215576,0.9706559949534996,-0.008949303081965758,beta,0
0.3486540913581848,0.33721888065338135,-0.011435210704803467,3.001757781970266,-0.017253374260384032,beta,0
0.29596996307373047,0.30481624603271484,0.008846282958984375,1.161460405287514,0.012725100246517951,alpha,0
0.28146684169769287,0.27038294076919556,-0.011083900928497314,1.5859125856393637,-0.015191394976677859,beta,0
0.31108856201171875,0.3019411563873291,-0.009147405624389648,0.7521445609726114,-0.013104060937110959,beta,0
0.217343270778656,0.21779733896255493,0.0004540681838989258,0.9130274744046111,0.0005804994108517728,quiescent_stellate,0
0.22911566495895386,0.2310197949409485,0.001904129981994629,1.1052753995271072,0.0024761755497313574,ductal,0
0.25612199306488037,0.2562965750694275,0.00017458200454711914,0.3228534340442078,0.0002347468072550789,ductal,0
0.2851144075393677,0.2443121075630188,-0.04080229997634888,0.49558180152597714,-0.053993587014828995,endothelial,0
0.2628079652786255,0.2693750858306885,0.006567120552062988,0.5713067442982768,0.008988361092954948,activated_stellate,0
0.27965492010116577,0.27315789461135864,-0.006497025489807129,0.8052927244901427,-0.00893870269985691,beta,0
0.320662260055542,0.30769479274749756,-0.012967467308044434,1.0260327999155752,-0.01873085334647042,delta,0
0.3224424123764038,0.3164367079734802,-0.006005704402923584,0.8255533775439825,-0.008785879044380553,gamma,0
0.2758294343948364,0.27567458152770996,-0.00015485286712646484,1.6962186114818807,-0.00021378908316247214,beta,0
0.3085399270057678,0.30913209915161133,0.0005921721458435059,0.678303471617273,0.0008571423641427196,beta,0
0.27919983863830566,0.271450936794281,-0.007748901844024658,1.712692107658081,-0.010636074130585513,beta,0
0.268202006816864,0.25961732864379883,-0.008584678173065186,0.7714002206218624,-0.011594920444775052,alpha,0
0.2853390574455261,0.2844000458717346,-0.0009390115737915039,1.271588453528887,-0.0013122018361996623,beta,0
0.3237497806549072,0.3145149350166321,-0.009234845638275146,0.6652106499016031,-0.013471986641312475,beta,0
0.29163461923599243,0.2839902639389038,-0.007644355297088623,1.2719126206635918,-0.010676328703491736,delta,0
0.25141966342926025,0.251705527305603,0.00028586387634277344,0.1578358893823686,0.00038202056379416837,ductal,0
0.3135529160499573,0.30559051036834717,-0.007962405681610107,1.386792759954215,-0.011466441344045772,beta,0
0.29664772748947144,0.2920452952384949,-0.0046024322509765625,1.596183497802656,-0.006501026435761909,delta,0
0.3036460876464844,0.30551695823669434,0.001870870590209961,1.1937101854388064,0.0026939039223474555,delta,0
0.29004067182540894,0.2828466296195984,-0.007194042205810547,1.2148358651904605,-0.010031385897265729,beta,0
0.30424439907073975,0.2964808940887451,-0.007763504981994629,0.5144866064026945,-0.011035243985220143,delta,0
0.2983821630477905,0.28387027978897095,-0.01451188325881958,0.7674108232224621,-0.020264322020517762,beta,0
0.20472127199172974,0.21421736478805542,0.009496092796325684,0.9559903520265968,0.012084885018825032,activated_stellate,0
0.3539787530899048,0.3527064323425293,-0.0012723207473754883,0.8365250605138682,-0.001965600789113301,beta,0
0.2671043276786804,0.25425463914871216,-0.012849688529968262,1.108988567347279,-0.017230665056099048,beta,0
0.2765974998474121,0.2762766480445862,-0.00032085180282592773,2.1986354651349918,-0.00044333487645386124,delta,0
0.25597983598709106,0.2459043264389038,-0.010075509548187256,0.9347876850774952,-0.013361049401871349,beta,0
0.22625476121902466,0.232943594455719,0.006688833236694336,1.3694632226256467,0.008720132168048494,quiescent_stellate,0
0.2943657636642456,0.2974834442138672,0.003117680549621582,2.3560084731065065,0.0044378748428680415,beta,0
0.1812322735786438,0.1968139410018921,0.015581667423248291,1.0873031993461237,0.019399823053060483,acinar,0
0.27147841453552246,0.28357744216918945,0.012099027633666992,1.2540352378841135,0.016888116519251595,alpha,0
0.287403404712677,0.2909705638885498,0.0035671591758728027,1.0064709892281962,0.005031045248891601,delta,0
0.3024981617927551,0.3044729232788086,0.001974761486053467,1.4342454138732736,0.002839230207057875,beta,0
0.2881903648376465,0.2852697968482971,-0.0029205679893493652,1.137750838113985,-0.004086252373931746,alpha,0
0.2977052330970764,0.2868008017539978,-0.010904431343078613,1.7781483118586703,-0.015289461022805822,beta,0
0.20873945951461792,0.20503145456314087,-0.0037080049514770508,0.4477119456447056,-0.004664341718626603,endothelial,0
0.3416318893432617,0.3345540761947632,-0.007077813148498535,0.6901901945549503,-0.010636195812914882,delta,0
0.35566413402557373,0.34738051891326904,-0.008283615112304688,1.1556957141720128,-0.012692871347497858,delta,0
0.2749059200286865,0.273451566696167,-0.0014543533325195312,1.5736220404728893,-0.0020017293629086114,beta,0
0.3426285982131958,0.3514653444290161,0.008836746215820312,1.29406177004842,0.01362571165613386,beta,0
0.32144302129745483,0.306864857673645,-0.014578163623809814,1.2590334102467744,-0.021032209642237197,delta,0
0.3097478151321411,0.30518263578414917,-0.004565179347991943,0.620461117856354,-0.0065703299645426426,gamma,0
0.28458917140960693,0.2932775616645813,0.008688390254974365,0.9659366811686916,0.01229392160724173,alpha,0
0.2834758758544922,0.27238959074020386,-0.01108628511428833,1.1809795577724225,-0.015236567499860944,beta,0
0.28311091661453247,0.2779950499534607,-0.005115866661071777,1.2116097710595874,-0.007085639316935454,beta,0
0.32048141956329346,0.32206135988235474,0.0015799403190612793,1.71987152020259,0.002330506369701993,beta,0
0.26457417011260986,0.28304165601730347,0.018467485904693604,0.29371010227463734,0.025758101652192094,ductal,0
0.32262253761291504,0.3251480460166931,0.002525508403778076,1.4980663529386629,0.003742314723801699,delta,0
0.22716772556304932,0.23239177465438843,0.005224049091339111,1.681180816466361,0.006805618958795043,alpha,0
0.27730298042297363,0.28182297945022583,0.004519999027252197,5.048687680677857,0.006293711575165796,beta,0
0.31862443685531616,0.313274621963501,-0.0053498148918151855,0.7826402286697851,-0.007790326472441574,gamma,0
0.26134729385375977,0.25800955295562744,-0.0033377408981323242,2.3167170785069526,-0.004498361011826774,beta,0
0.3235337734222412,0.3217273950576782,-0.0018063783645629883,2.171972322390863,-0.0026632040737021912,beta,0
0.2679847478866577,0.27527672052383423,0.007291972637176514,1.1812607976865708,0.010061733690198546,beta,0
0.2449595332145691,0.23464256525039673,-0.010316967964172363,2.270848173503866,-0.013479934336232971,quiescent_stellate,0
0.2806103229522705,0.28004491329193115,-0.0005654096603393555,1.7127577233988849,-0.0007853401841004295,alpha,0
0.35748791694641113,0.3574119806289673,-7.593631744384766e-05,1.816750734571839,-0.00011817263184921247,delta,0
0.33565425872802734,0.33981722593307495,0.004162967205047607,1.5405527350290484,0.006305779806101988,alpha,0
0.34125304222106934,0.34210044145584106,0.0008473992347717285,1.3350029521294624,0.0012880373968435339,endothelial,0
0.32139670848846436,0.3302319049835205,0.008835196495056152,2.1524568105377297,0.013191426347113122,alpha,0
0.3661115765571594,0.353035569190979,-0.01307600736618042,1.021684608154343,-0.020211323441427894,delta,0
0.2545291781425476,0.25563758611679077,0.001108407974243164,1.363102986644461,0.0014890703151718696,beta,0
0.2900189757347107,0.2923080325126648,0.0022890567779541016,1.435475127817538,0.0032345383063784264,gamma,0
0.2503190040588379,0.24421203136444092,-0.006106972694396973,0.9560061928567612,-0.008080272441253632,ductal,0
0.29421335458755493,0.3011278510093689,0.006914496421813965,1.6450774513238355,0.00989379306615731,alpha,0
0.3645775318145752,0.34329527616500854,-0.02128225564956665,2.889584056798271,-0.03240764818209864,alpha,0
0.29747718572616577,0.3166618347167969,0.019184648990631104,2.1579359239919484,0.02807489756214656,delta,0
0.2848498821258545,0.2896128296852112,0.0047629475593566895,1.509448508819499,0.00670472069089609,beta,0
0.2831704616546631,0.27885234355926514,-0.004318118095397949,1.4571882511505996,-0.005987841819677077,beta,0
0.22437459230422974,0.2413785457611084,0.017003953456878662,0.5112299790957284,0.022414279693603392,ductal,0
0.29891616106033325,0.29803967475891113,-0.0008764863014221191,1.2866046208351745,-0.0012486265532472781,alpha,0
0.30285829305648804,0.29815971851348877,-0.004698574542999268,1.5657035445214502,-0.006694649291214229,beta,0
0.3203185796737671,0.3120720386505127,-0.008246541023254395,2.1233853657569943,-0.01198750666723505,delta,0
0.30099618434906006,0.23656266927719116,-0.0644335150718689,0.04069608141130173,-0.08439921979039772,macrophage,0
0.29991060495376587,0.27715611457824707,-0.0227544903755188,1.1173529792200734,-0.03147912133508937,endothelial,0
0.29706037044525146,0.29822903871536255,0.001168668270111084,1.618184535244312,0.0016653129504984939,beta,0
0.28424108028411865,0.2784442901611328,-0.00579679012298584,1.844516523026276,-0.008033738828399457,beta,0
0.32110315561294556,0.3220038414001465,0.0009006857872009277,1.3739300359115236,0.001328452640588637,beta,0
0.3240642547607422,0.32793688774108887,0.0038726329803466797,1.3403389765263447,0.0057623055181977535,beta,0
0.2946212887763977,0.29150933027267456,-0.0031119585037231445,2.0927870811397704,-0.004392377538183861,beta,0
0.2678143382072449,0.2612950801849365,-0.00651925802230835,1.7258581906597719,-0.008825253287795161,beta,0
0.2971673011779785,0.30240726470947266,0.005239963531494141,1.4483395338041956,0.007511493836460104,beta,0
0.3144967555999756,0.3177635073661804,0.003266751766204834,2.75359116808441,0.0047882981949460375,beta,0
0.2865335941314697,0.29104065895080566,0.0045070648193359375,1.0567472848640562,0.006357296615439044,beta,0
0.284771203994751,0.27917373180389404,-0.005597472190856934,2.228182400898212,-0.007765355450856157,beta,0
0.3642590045928955,0.3626585602760315,-0.0016004443168640137,1.1807318679521916,-0.0025111254613495136,beta,0
0.3054817318916321,0.31437742710113525,0.008895695209503174,1.5142179170041843,0.012974624175355682,gamma,0
0.33425116539001465,0.33372771739959717,-0.0005234479904174805,0.65369458865398,-0.0007856367495500615,endothelial,0
0.3244880437850952,0.31785154342651367,-0.006636500358581543,1.970934470467035,-0.00972882118933096,beta,0
0.2812384366989136,0.27706485986709595,-0.004173576831817627,1.6153573147166063,-0.005773099964473104,beta,0
0.3843901753425598,0.3751245141029358,-0.009265661239624023,1.2197304384186183,-0.014828012057989993,beta,0
0.3038051128387451,0.29756414890289307,-0.006240963935852051,2.4715875692891833,-0.008884745740275833,delta,0
0.32650262117385864,0.319649338722229,-0.006853282451629639,1.3362426732709893,-0.010073162034940106,beta,0
0.28086167573928833,0.2781727910041809,-0.002688884735107422,1.653507116469064,-0.0037251085877575947,gamma,0
0.34957194328308105,0.3230527639389038,-0.026519179344177246,0.837006948420515,-0.03917466226538197,epsilon,1
0.30014199018478394,0.2885447144508362,-0.011597275733947754,0.7250428143945138,-0.01630077950014238,delta,0
0.30037403106689453,0.29885411262512207,-0.001519918441772461,1.2345890378655244,-0.0021677634699721403,beta,0
0.3006628155708313,0.29290348291397095,-0.0077593326568603516,1.3004101892652522,-0.01097351276574922,beta,0
0.33426564931869507,0.33865106105804443,0.004385411739349365,0.8321672787499337,0.006631010471363678,gamma,0
0.32655495405197144,0.31472843885421753,-0.011826515197753906,0.8892677378731323,-0.017258143877997546,beta,0
0.36478668451309204,0.33552390336990356,-0.029262781143188477,0.594883467315456,-0.04403887708165161,beta,0
0.31890666484832764,0.31245720386505127,-0.006449460983276367,1.2072308674505605,-0.009380450234563272,beta,0
0.29068589210510254,0.2840661406517029,-0.006619751453399658,1.805540134317232,-0.009246317054239494,beta,0
0.3195371627807617,0.3200593590736389,0.0005221962928771973,1.4534537212772694,0.0007680027658969604,beta,0
0.22865986824035645,0.23422890901565552,0.005569040775299072,0.8852857480886757,0.007272461497783189,endothelial,0
0.2637413740158081,0.2631857991218567,-0.000555574893951416,0.7976645117806493,-0.0007540230539656751,beta,0
0.34192121028900146,0.339608371257782,-0.0023128390312194824,1.1079726018944185,-0.0035022234240378184,delta,0
0.2893962860107422,0.27908825874328613,-0.010308027267456055,0.6799717272462195,-0.014298598118941451,alpha,0
0.3633604049682617,0.34631019830703735,-0.017050206661224365,1.6887837432614308,-0.026083023808948495,epsilon,1
0.28107547760009766,0.28746986389160156,0.006394386291503906,3.02091553175847,0.008974197675943797,alpha,0
0.24896836280822754,0.2431250810623169,-0.0058432817459106445,2.5517896999542007,-0.007720273984124117,quiescent_stellate,0
0.34254908561706543,0.331182062625885,-0.01136702299118042,0.9763857082403076,-0.016995690988506004,alpha,0
0.2727196216583252,0.26690781116485596,-0.005811810493469238,1.4219626678199262,-0.007927803053943307,alpha,0
0.2775263786315918,0.2776358127593994,0.00010943412780761719,1.7790173796735806,0.00015149439817282572,beta,0
0.34180015325546265,0.3449741005897522,0.0031739473342895508,1.1950131116358165,0.004845529523561149,beta,0
0.26688432693481445,0.2629413604736328,-0.003942966461181641,0.2803367647728673,-0.005349596693847026,ductal,0
0.36142104864120483,0.3655952215194702,0.004174172878265381,1.7853154365534143,0.006579668091818272,beta,0
0.30528199672698975,0.3118123412132263,0.006530344486236572,1.0161602055884298,0.009489191505917309,alpha,0
0.30176693201065063,0.30031275749206543,-0.001454174518585205,0.8684208122032193,-0.002078320755674939,beta,0
0.28958356380462646,0.299593448638916,0.01000988483428955,0.9664722875608446,0.01429153513032905,alpha,0
0.36329954862594604,0.3528919816017151,-0.010407567024230957,1.6669730381910186,-0.0160831989842927,beta,0
0.3866819143295288,0.37082231044769287,-0.015859603881835938,0.9320532881183992,-0.025206875808201138,beta,0
0.30133354663848877,0.2944127917289734,-0.006920754909515381,1.0590024136855536,-0.009808503935996832,delta,0
0.3209995627403259,0.31180840730667114,-0.009191155433654785,1.0331135646468828,-0.013355518334195253,delta,0
0.30233633518218994,0.2959890365600586,-0.006347298622131348,1.1092437118040435,-0.00901590877380254,beta,0
0.3510094881057739,0.35389578342437744,0.0028862953186035156,0.9536258437004403,0.004467228729601848,beta,0
0.4012124538421631,0.3885040283203125,-0.012708425521850586,0.8345315936195291,-0.02078251715533375,beta,0
0.2734496593475342,0.2654898762702942,-0.00795978307723999,0.41868099534925496,-0.010836859588567265,ductal,0
0.21573930978775024,0.22055667638778687,0.004817366600036621,0.7826420709373646,0.0061805219880661216,acinar,0
0.32145893573760986,0.30510908365249634,-0.016349852085113525,0.8175103603860561,-0.02352865996731094,beta,0
0.32378923892974854,0.3231133222579956,-0.0006759166717529297,2.041493311067719,-0.000998566959550289,alpha,0
0.2932361960411072,0.283005952835083,-0.01023024320602417,1.1594877340509053,-0.014268240087174804,beta,0
0.26725518703460693,0.27337151765823364,0.006116330623626709,0.932878769002197,0.008417411059796471,beta,0
0.2837718725204468,0.29369521141052246,0.009923338890075684,2.3488200214980886,0.014049655404280973,alpha,0
0.31721776723861694,0.3062196969985962,-0.010998070240020752,2.157017764476615,-0.015852381787781165,beta,0
0.23055171966552734,0.22586721181869507,-0.004684507846832275,1.2647080621162634,-0.006051297553017668,quiescent_stellate,0
0.31843048334121704,0.3168802857398987,-0.0015501976013183594,0.7437573216454166,-0.0022692912661690713,beta,0
0.4460589289665222,0.4472481608390808,0.0011892318725585938,0.9461972403835399,0.002151475197918573,gamma,0
0.3645257353782654,0.3586265444755554,-0.005899190902709961,1.1989060082260203,-0.009197747196890543,beta,0
0.3024604916572571,0.30357110500335693,0.0011106133460998535,0.6539746850668108,0.001594726115011651,gamma,0
0.22735607624053955,0.2301732301712036,0.0028171539306640625,0.5756828019886471,0.0036594647537270962,endothelial,0
0.2901962399482727,0.2987409234046936,0.008544683456420898,1.2278096477244846,0.012184774132131482,beta,0
0.27760422229766846,0.27205222845077515,-0.0055519938468933105,1.2559893623915535,-0.007626912347128295,alpha,0
0.41070622205734253,0.3243677616119385,-0.08633846044540405,0.6541472262731822,-0.12778913666315314,schwann,1
0.3026195764541626,0.294620156288147,-0.007999420166015625,1.7837407308221518,-0.011340585129171028,beta,0
0.2802731990814209,0.26215118169784546,-0.01812201738357544,1.2135398173547547,-0.024560610431382895,quiescent_stellate,0
0.25985318422317505,0.2667992115020752,0.0069460272789001465,0.5916770268930988,0.009473567660954318,endothelial,0
0.3083174228668213,0.30291759967803955,-0.005399823188781738,1.0612247643801505,-0.007746319784128433,gamma,0
0.31263887882232666,0.3120063543319702,-0.0006325244903564453,1.798286422786532,-0.0009193754831009741,beta,0
0.29827404022216797,0.29023104906082153,-0.008042991161346436,0.9955468080253188,-0.011331844187751256,beta,0
0.30600088834762573,0.3144792318344116,0.008478343486785889,0.8697873570974147,0.012367741256728687,alpha,0
0.3083219528198242,0.31046152114868164,0.002139568328857422,1.2484905799984505,0.003102899104951569,alpha,0
0.33103370666503906,0.3299165368080139,-0.0011171698570251465,0.8860317066899219,-0.0016672100094866323,gamma,0
0.302207350730896,0.305137574672699,0.0029302239418029785,1.0357474777402658,0.004216984305091408,beta,0
0.3692951798439026,0.382953405380249,0.013658225536346436,3.2462010946743045,0.022134836583553606,beta,0
0.3230862617492676,0.31377291679382324,-0.009313344955444336,1.1171100762512045,-0.013571811989597829,delta,0
0.2317381501197815,0.23539316654205322,0.0036550164222717285,1.2382753647424407,0.004780256024840711,acinar,0
0.2195122241973877,0.23912036418914795,0.019608139991760254,0.7778989671740163,0.02577035718778872,acinar,0
0.31573671102523804,0.3093305230140686,-0.006406188011169434,0.7402553423860094,-0.00927533100076453,gamma,0
0.27829980850219727,0.27009791135787964,-0.008201897144317627,0.8996929637728078,-0.01123698270212666,ductal,0
0.2861552834510803,0.2677180767059326,-0.018437206745147705,0.6367976566646659,-0.025177743924376175,ductal,0
0.4021276831626892,0.4139394164085388,0.01181173324584961,0.9249703493552871,0.020154457707197534,endothelial,0
0.4134896993637085,0.40382319688796997,-0.009666502475738525,1.3283036213564297,-0.016214153964527956,delta,0
0.3572937250137329,0.3610055446624756,0.0037118196487426758,0.8268219777579625,0.005808844846364197,beta,0
0.3994251489639282,0.3781083822250366,-0.0213167667388916,1.3001449673929357,-0.03427730191180234,beta,0
0.19570189714431763,0.2140929102897644,0.018391013145446777,1.2817931714144686,0.023401001703938763,endothelial,0
0.2840609550476074,0.29927384853363037,0.01521289348602295,0.8875445464856756,0.021710183720398898,alpha,0
0.2354128360748291,0.24347221851348877,0.008059382438659668,0.7487803367091661,0.010653121585070787,acinar,0
0.24789750576019287,0.24556005001068115,-0.0023374557495117188,0.6448496385079816,-0.0030982661370793155,endothelial,0
0.3103376626968384,0.3146779537200928,0.0043402910232543945,0.7272215006008045,0.006333213774187679,endothelial,0
0.27533775568008423,0.2778601050376892,0.0025223493576049805,1.0897662571579998,0.003492881885076609,alpha,0
0.3360843062400818,0.34248948097229004,0.006405174732208252,1.7577832713889099,0.009741554768857338,beta,0
0.35374969244003296,0.338309645652771,-0.015440046787261963,1.7031432444875612,-0.023334247939119323,beta,0
0.3260838985443115,0.32892847061157227,0.002844572067260742,0.9224195145366304,0.004238850767299137,gamma,0
0.3372787833213806,0.3405038118362427,0.0032250285148620605,1.6829701394767504,0.004890139735062827,beta,0
0.29031944274902344,0.2764931917190552,-0.013826251029968262,1.448215898965634,-0.01911004965222026,alpha,0
0.3654938340187073,0.35028499364852905,-0.015208840370178223,0.537417626799113,-0.023408479443294283,beta,0
0.3534557819366455,0.3498725891113281,-0.003583192825317383,0.9821700005973317,-0.005511523995611024,beta,0
0.28540313243865967,0.29035449028015137,0.004951357841491699,1.8360839036012255,0.006977227043184391,beta,0
0.37942034006118774,0.37023597955703735,-0.00918436050415039,2.0387314092543956,-0.014583812675881843,beta,0
0.31119662523269653,0.3016950488090515,-0.00950157642364502,1.3745810682734634,-0.013606629034263934,beta,0
0.3648180365562439,0.36296403408050537,-0.0018540024757385254,0.7727871430026462,-0.0029103576170341765,delta,0
0.38853752613067627,0.3834724426269531,-0.0050650835037231445,0.7389770526058463,-0.008215502199617619,beta,0
0.3401067852973938,0.3252250552177429,-0.014881730079650879,1.1269002618775978,-0.02205436078313942,quiescent_stellate,0
0.2280159592628479,0.2460607886314392,0.01804482936859131,1.0905740005540716,0.02393406404189548,activated_stellate,0
0.3185781240463257,0.32065045833587646,0.0020723342895507812,1.2904848860174918,0.0030504683707807106,beta,0
0.2996101379394531,0.2957345247268677,-0.0038756132125854492,1.2100302402508896,-0.005503057225803077,alpha,0
0.3460352420806885,0.3583480715751648,0.012312829494476318,1.2347980741833025,0.01918926593847006,beta,0
0.34048885107040405,0.34160304069519043,0.001114189624786377,0.9535477000996972,0.0016922763828721677,gamma,0
0.25826483964920044,0.25998467206954956,0.001719832420349121,2.393417840692304,0.0023240497263196658,quiescent_stellate,0
0.30196213722229004,0.3003995418548584,-0.0015625953674316406,1.147511331936881,-0.0022335539510288014,beta,0
0.33394360542297363,0.3354912996292114,0.001547694206237793,1.0540863418996331,0.0023290804249428134,alpha,0
0.2776224613189697,0.271792471408844,-0.005829989910125732,0.906738195877643,-0.008005945669642913,quiescent_stellate,0
0.24689364433288574,0.262931227684021,0.016037583351135254,0.9090480202754054,0.021758598320130693,endothelial,0
0.3677517771720886,0.3523370623588562,-0.015414714813232422,0.7686014282906394,-0.023800520173926313,beta,0
0.24951744079589844,0.2507340908050537,0.0012166500091552734,0.8806843730997798,0.0016237893573224373,ductal,0
0.2926661968231201,0.2803146243095398,-0.012351572513580322,0.6598996248811406,-0.017162461446059433,endothelial,0
0.28910017013549805,0.24777758121490479,-0.04132258892059326,0.20576689339709983,-0.05493400341262475,ductal,0
0.2632819414138794,0.28090059757232666,0.017618656158447266,0.5784769177233918,0.024501002363465797,acinar,0
0.3673058748245239,0.3690955638885498,0.001789689064025879,1.6727636104249322,0.0028367038834859735,alpha,0
0.4226112961769104,0.4145798683166504,-0.00803142786026001,1.616786337128214,-0.013719083826458095,delta,0
0.4247968792915344,0.42741572856903076,0.002618849277496338,0.8680327576062495,0.004573735968945606,beta,0
0.5620408058166504,0.42204636335372925,-0.13999444246292114,1.7429541381045746,-0.2422243473979609,macrophage,0
0.5056236982345581,0.40796899795532227,-0.09765470027923584,1.7781652463761422,-0.1649486259029832,ductal,0
0.27061939239501953,0.2751908302307129,0.004571437835693359,0.7153231702762458,0.006307091613022069,endothelial,0
0.24831169843673706,0.2586946487426758,0.01038295030593872,0.8530091349646642,0.014006306966931038,endothelial,0
0.32056570053100586,0.31131571531295776,-0.009249985218048096,0.7614139478872262,-0.013431387101059743,gamma,0
0.2374209761619568,0.2474062442779541,0.009985268115997314,0.7411330731835263,0.013267806223581206,endothelial,0
0.28123384714126587,0.28458112478256226,0.0033472776412963867,0.8829119372930271,0.004678766184746029,endothelial,0
0.3622012734413147,0.3549320697784424,-0.0072692036628723145,1.1451306049619483,-0.011268896378673801,beta,0
0.3584495782852173,0.34955114126205444,-0.008898437023162842,1.1842226202838981,-0.013680456047579701,beta,0
0.33690840005874634,0.3277653455734253,-0.009143054485321045,1.8169966599453926,-0.013600986538131086,gamma,0
0.32323044538497925,0.32240331172943115,-0.0008271336555480957,2.004654280938454,-0.0012206872758767319,beta,0
0.470641553401947,0.3432072401046753,-0.12743431329727173,0.1055053210443258,-0.19402514929912043,mast,1
0.3912578821182251,0.3859124183654785,-0.005345463752746582,1.026515617888734,-0.008704725372427368,beta,0
0.24106907844543457,0.24155914783477783,0.0004900693893432617,0.5666418330892754,0.0006461537349210494,endothelial,0
0.3544371724128723,0.37929242849349976,0.02485525608062744,0.7526310085811903,0.04004342337938945,gamma,0
0.24797070026397705,0.2489149570465088,0.0009442567825317383,1.1352739356869412,0.001257190236166384,quiescent_stellate,0
0.3063148260116577,0.2982330918312073,-0.00808173418045044,1.5346334992913924,-0.011516265709278183,alpha,0
0.3069065809249878,0.2975601553916931,-0.009346425533294678,1.2005578744632088,-0.013305659701730635,beta,0
0.3115103840827942,0.32396167516708374,0.01245129108428955,1.7229880933795323,0.018418025468255668,alpha,0
0.26882636547088623,0.2871696949005127,0.018343329429626465,1.2473917025895247,0.02573309425595528,acinar,0
0.3459329605102539,0.34074169397354126,-0.0051912665367126465,0.5673413319610192,-0.007874404447024592,ductal,0
0.3263671398162842,0.3240014910697937,-0.0023656487464904785,1.2061806589031878,-0.003499488113123517,beta,0
0.4125326871871948,0.4115946888923645,-0.0009379982948303223,1.1235633558665605,-0.0015941363497630574,beta,0
0.28776729106903076,0.26607251167297363,-0.02169477939605713,0.2566031708781759,-0.02955984036721388,ductal,0
0.3970160484313965,0.3979108929634094,0.0008948445320129395,1.1930952997023763,0.0014862327212947855,beta,0
0.3477439880371094,0.348860502243042,0.0011165142059326172,1.6766113565159637,0.0017147081535965481,beta,0
0.3406219482421875,0.34048140048980713,-0.0001405477523803711,0.9255791398245022,-0.0002131065787754162,ductal,0
0.2655448913574219,0.2782462239265442,0.012701332569122314,0.6409025004583996,0.017597874774166265,acinar,0
0.292749285697937,0.2954394817352295,0.0026901960372924805,0.9873085245677298,0.003818261125272872,endothelial,0
0.3625923991203308,0.3412344455718994,-0.021357953548431396,0.5207555511779897,-0.03242117534055503,beta,0
0.47318679094314575,0.4619441032409668,-0.011242687702178955,1.3452680594990254,-0.020895018101091383,beta,0
0.3593375086784363,0.3705403208732605,0.011202812194824219,2.4997470632201915,0.017797505648600206,beta,0
0.2664062976837158,0.24767804145812988,-0.018728256225585938,0.6212169284982905,-0.024893938044669776,ductal,0
0.2477911114692688,0.2605379819869995,0.012746870517730713,0.6602216229504371,0.017238032795765055,activated_stellate,0
0.31338417530059814,0.32811957597732544,0.014735400676727295,1.2232679385209329,0.02193158209388462,beta,0
0.2669631838798523,0.2761663794517517,0.009203195571899414,3.4502864291225706,0.012714517964679095,quiescent_stellate,0
0.255931556224823,0.24285155534744263,-0.013080000877380371,0.6366087098398916,-0.01727534536953657,acinar,0
0.344024658203125,0.3294813632965088,-0.014543294906616211,0.896148106820171,-0.021689620706318077,gamma,0
0.2745956778526306,0.2776970863342285,0.0031014084815979004,2.64303636391624,0.0042937781683004585,quiescent_stellate,0
0.2419523000717163,0.24264371395111084,0.0006914138793945312,0.815606985812896,0.000912930799058422,endothelial,0
0.2773427963256836,0.28361040353775024,0.00626760721206665,1.367330794936024,0.008748880836653695,endothelial,0
0.2873513698577881,0.279415488243103,-0.007935881614685059,1.5184891032579895,-0.011013117108687426,alpha,0
0.2614971399307251,0.2658712863922119,0.004374146461486816,1.6138307354073085,0.0059582827648718365,quiescent_stellate,0
0.39391475915908813,0.3751571774482727,-0.01875758171081543,0.7259277648737115,-0.03001968020407659,beta,0
0.2782551050186157,0.27903103828430176,0.0007759332656860352,0.8472321986718632,0.001076236713213753,acinar,0
0.3795245885848999,0.3761458992958069,-0.0033786892890930176,1.572939323931187,-0.005415832460312797,beta,0
0.22102445363998413,0.2193930745124817,-0.0016313791275024414,0.7836907843370551,-0.002089885541924425,endothelial,0
0.2531980276107788,0.25898587703704834,0.005787849426269531,1.0205552974276904,0.007810714056470021,endothelial,0
0.33167290687561035,0.3274070620536804,-0.004265844821929932,0.8689281364507121,-0.0063423871724778555,beta,0
0.23465794324874878,0.26406657695770264,0.029408633708953857,1.9096649093916258,0.039960997541571924,acinar,0
0.36685025691986084,0.35496842861175537,-0.011881828308105469,0.6107405642137644,-0.01842053759094808,delta,0
0.3553621172904968,0.3539597988128662,-0.0014023184776306152,1.6334014812680493,-0.0021706365564461458,beta,0
0.3388563394546509,0.3295404314994812,-0.009315907955169678,1.323705733680653,-0.01389480946032985,beta,0
0.34472954273223877,0.35386526584625244,0.009135723114013672,0.924242245240328,0.01413903731081547,beta,0
0.38127821683883667,0.38784098625183105,0.006562769412994385,1.2819599171285645,0.01072069391384342,beta,0
0.3247917890548706,0.3186696767807007,-0.006122112274169922,1.1367482207303259,-0.008985527380086093,beta,0
0.3511144518852234,0.3357503414154053,-0.015364110469818115,1.1065335743251659,-0.023130023886736312,beta,0
0.38291823863983154,0.3840208649635315,0.0011026263236999512,1.139931387025958,0.0017900384298482304,beta,0
0.37958717346191406,0.39217233657836914,0.012585163116455078,0.9703588530288321,0.02070515028159412,beta,0
0.41053760051727295,0.40273165702819824,-0.007805943489074707,1.0830597200722822,-0.013069407714185919,gamma,0
0.2764960527420044,0.27763867378234863,0.0011426210403442383,0.9275038221537695,0.0015817860105095942,ductal,0
0.3558984398841858,0.34893929958343506,-0.006959140300750732,1.9922553777342793,-0.010688927002195188,beta,0
0.3746509552001953,0.3671846389770508,-0.007466316223144531,0.9514209189998207,-0.011798569824656584,gamma,0
0.40249478816986084,0.4086315631866455,0.006136775016784668,0.8976496392470025,0.010377244767835882,beta,0
0.4269707202911377,0.42285019159317017,-0.004120528697967529,1.6943658946212539,-0.007139443932835876,delta,0
0.3770691752433777,0.36557137966156006,-0.011497795581817627,1.2606320011849408,-0.01812307202610761,beta,0
0.39346349239349365,0.3818809986114502,-0.011582493782043457,1.1262268630140735,-0.018738291099326194,beta,0
0.39908820390701294,0.40614914894104004,0.0070609450340271,0.8541136231318246,0.011890098366342259,gamma,0
0.2598867416381836,0.26511287689208984,0.00522613525390625,1.4037000787288652,0.007111480239039171,quiescent_stellate,0
0.39703279733657837,0.3939390182495117,-0.0030937790870666504,0.6469882873384849,-0.005104732329296099,delta,0
0.3287477493286133,0.33394163846969604,0.005193889141082764,1.871514110656243,0.007797949010278216,beta,0
0.42448514699935913,0.4267275333404541,0.0022423863410949707,0.5702046399390857,0.003911554228587565,delta,0
0.3515201807022095,0.3565964102745056,0.005076229572296143,1.1776141985229787,0.007889650684824273,quiescent_stellate,0
0.4306564927101135,0.4284244179725647,-0.002232074737548828,0.7274108320303059,-0.003905126124582575,delta,0
0.34636354446411133,0.3378422260284424,-0.008521318435668945,1.0295215791849928,-0.012869015166217728,beta,0
0.3442315459251404,0.3467092514038086,0.002477705478668213,1.137462125787033,0.003792653552790044,alpha,0
0.4058611989021301,0.40678632259368896,0.0009251236915588379,1.1060651705059394,0.0015595117354740137,delta,0
0.29701709747314453,0.3081269860267639,0.011109888553619385,0.7933618766289385,0.016057698926307814,alpha,0
0.29965704679489136,0.289387583732605,-0.010269463062286377,1.1362689380084094,-0.014451567165443532,quiescent_stellate,0
0.3480417728424072,0.3291015625,-0.018940210342407227,0.8865314148394109,-0.028231114105713245,quiescent_stellate,0
0.43995940685272217,0.4280692934989929,-0.011890113353729248,0.7991029521723045,-0.02078942994068515,beta,0
0.2538630962371826,0.2532731294631958,-0.0005899667739868164,0.5619976444891172,-0.0007900703687851802,endothelial,0
0.29845672845840454,0.3149094581604004,0.01645272970199585,1.248256902853554,0.024015409200975266,endothelial,0
0.2678961753845215,0.2710278034210205,0.0031316280364990234,0.8190439209984904,0.0042959499020615,activated_stellate,0
0.37610143423080444,0.3564954996109009,-0.019605934619903564,0.7127569189463214,-0.030467439789541036,beta,0
0.3706091642379761,0.3656598925590515,-0.0049492716789245605,1.5298055088642568,-0.007802236719495613,alpha,0
0.47569841146469116,0.46873927116394043,-0.006959140300750732,1.093408355773502,-0.013099293666967498,delta,0
0.36917293071746826,0.3690350651741028,-0.00013786554336547852,2.0048604273722948,-0.00021849953263016096,beta,0
0.29638928174972534,0.30029308795928955,0.003903806209564209,1.8228684651962876,0.00557920200927939,endothelial,0
0.33809399604797363,0.3390244245529175,0.0009304285049438477,0.8484066899762235,0.0014076594347900188,alpha,0
0.32472819089889526,0.31377285718917847,-0.010955333709716797,1.2766970300907683,-0.015964588146197757,quiescent_stellate,0
0.4010564088821411,0.3897218108177185,-0.011334598064422607,1.309929661219094,-0.018572838199592157,beta,0
0.2894493341445923,0.28905946016311646,-0.0003898739814758301,1.682540496191712,-0.0005483918269244877,endothelial,0
0.2935737371444702,0.2945612668991089,0.0009875297546386719,0.671873404500512,0.0013998802565005123,activated_stellate,0
0.3510420322418213,0.34283167123794556,-0.008210361003875732,1.1459468361049798,-0.012493543350365132,gamma,0
0.3589029312133789,0.34530937671661377,-0.013593554496765137,0.605282196855454,-0.02076332547515515,beta,0
0.3152012825012207,0.31817710399627686,0.0029758214950561523,0.7084066816712311,0.004364508015934834,quiescent_stellate,0
0.3790903687477112,0.36994171142578125,-0.009148657321929932,0.8190225451052205,-0.014520334844943875,beta,0
0.2583373188972473,0.2658005952835083,0.007463276386260986,0.7260425484851822,0.010165189917503273,endothelial,0
0.41462624073028564,0.4223176836967468,0.007691442966461182,0.6802434029486591,0.013314312641039152,gamma,0
0.3955066204071045,0.4099602699279785,0.014453649520874023,0.647670445910104,0.02449606150946781,beta,0
0.35808664560317993,0.36023807525634766,0.0021514296531677246,1.4750789154076367,0.003362859791991819,beta,0
0.4080185294151306,0.3921402096748352,-0.01587831974029541,0.9508104001105459,-0.026121681336746357,alpha,0
0.2647697925567627,0.26062095165252686,-0.00414884090423584,1.575456047634404,-0.005611250296459687,endothelial,0
0.37919116020202637,0.38629549741744995,0.007104337215423584,0.8479997641237778,0.011576152994686513,gamma,0
0.3575688600540161,0.3527594208717346,-0.004809439182281494,1.5636276406407181,-0.007430682403688405,beta,0
0.358421266078949,0.35228830575942993,-0.006132960319519043,1.137495630657014,-0.009468657697634787,beta,0
0.38514524698257446,0.3898810148239136,0.004735767841339111,1.337096610553,0.007762039792897645,beta,0
0.47464925050735474,0.4433745741844177,-0.03127467632293701,1.7979665029261573,-0.056186215850834574,beta,0
0.30213892459869385,0.2922612428665161,-0.009877681732177734,1.166154321719649,-0.013956677704333694,endothelial,0
0.517314612865448,0.3769650459289551,-0.14034956693649292,0.45155455109083825,-0.22526756487644642,mast,1
0.35482072830200195,0.3563988208770752,0.0015780925750732422,0.8626214289224329,0.002451972784176385,beta,0
0.4110795259475708,0.41192400455474854,0.0008444786071777344,0.9391224461456269,0.0014360025128016868,beta,0
0.31287914514541626,0.3194042444229126,0.006525099277496338,0.9407279410360903,0.00958733466088634,endothelial,0
0.36643528938293457,0.35702013969421387,-0.009415149688720703,0.7095241691848444,-0.014642993147939468,beta,0
0.2821357250213623,0.2871273159980774,0.004991590976715088,0.9999649321822942,0.007002079177298966,endothelial,0
0.4212995171546936,0.41342735290527344,-0.007872164249420166,0.861976288284915,-0.01342061258466571,beta,0
0.3172953128814697,0.3176243305206299,0.00032901763916015625,0.880860145295148,0.00048216496260950473,endothelial,0
0.3586201071739197,0.3490554690361023,-0.009564638137817383,1.355819588718453,-0.014693476452831356,beta,0
0.33541566133499146,0.32421207427978516,-0.011203587055206299,0.7140037779446641,-0.016578554645329268,quiescent_stellate,0
0.2733312249183655,0.27677613496780396,0.0034449100494384766,1.060315924025097,0.00476326932226596,endothelial,0
0.30754411220550537,0.31460797786712646,0.007063865661621094,0.9971380948413578,0.010306314391636815,endothelial,0
0.3807373046875,0.3766518235206604,-0.0040854811668396,1.1406939466994304,-0.0065540917917083375,beta,0
0.328884482383728,0.32714807987213135,-0.0017364025115966797,0.8994405650952696,-0.0025806607065440106,endothelial,0
0.4112628698348999,0.39177846908569336,-0.019484400749206543,1.0929572406420185,-0.032035039469774595,quiescent_stellate,0
0.39228707551956177,0.36725932359695435,-0.025027751922607422,0.480877227415217,-0.039554517128380644,beta,0
0.35908758640289307,0.3520689010620117,-0.007018685340881348,1.5075034302082806,-0.010832456340474386,alpha,0
0.46026086807250977,0.4578562378883362,-0.002404630184173584,0.27303781329100785,-0.004435410590739784,ductal,0
0.317524790763855,0.3244013786315918,0.006876587867736816,0.6585027268510407,0.010178510805437196,endothelial,0
0.39251548051834106,0.37881940603256226,-0.013696074485778809,1.1685238776987794,-0.02204845840128862,beta,0
0.3722676634788513,0.3755408525466919,0.003273189067840576,1.1825130269019715,0.005241638434138429,beta,0
0.34734129905700684,0.35463154315948486,0.007290244102478027,1.3187964094674376,0.0112962510411004,endothelial,0
0.4107418656349182,0.40775322914123535,-0.0029886364936828613,0.5551019271611825,-0.005046268955336479,beta,0
0.4192628860473633,0.409572958946228,-0.009689927101135254,1.0029740004523826,-0.01641172647485968,beta,0
0.3937727212905884,0.4014351963996887,0.007662475109100342,1.1334661041965395,0.01280141275098581,beta,0
0.32715725898742676,0.3372858762741089,0.010128617286682129,0.8838040580371906,0.015283539197470738,endothelial,0
0.40665769577026367,0.380126953125,-0.026530742645263672,0.09603578311159683,-0.04280028431469082,macrophage,0
0.3076496124267578,0.30621856451034546,-0.0014310479164123535,1.7688845270552493,-0.002062678306464562,endothelial,0
0.385093092918396,0.3864819407463074,0.001388847827911377,0.9442791991002719,0.002263744003886089,ductal,0
0.421028196811676,0.42270565032958984,0.0016774535179138184,1.0648703642701418,0.002905716154803027,beta,0
0.33461952209472656,0.3437182307243347,0.009098708629608154,1.211607311124991,0.01386402770208039,ductal,0
0.3969240188598633,0.37964701652526855,-0.017277002334594727,1.0283969419179648,-0.027850276850161167,endothelial,0
0.33055996894836426,0.32856303453445435,-0.001996934413909912,1.078066406310681,-0.0029741204560063553,quiescent_stellate,0
0.41269659996032715,0.42255890369415283,0.009862303733825684,1.3207636175841042,0.01707932427553099,beta,0
0.3458053469657898,0.3330705761909485,-0.012734770774841309,0.9354098870369744,-0.019094630286528486,endothelial,0
0.3240794539451599,0.32838380336761475,0.004304349422454834,0.9446260469483747,0.006408942256064821,endothelial,0
0.4393833875656128,0.4108404517173767,-0.028542935848236084,0.4154111563138046,-0.048446869666183986,beta,0
0.3501795530319214,0.35102856159210205,0.0008490085601806641,1.7663811112790164,0.001308237173370081,endothelial,0
0.30568158626556396,0.3043581247329712,-0.0013234615325927734,0.6369067171384455,-0.0019025041183507677,endothelial,0
0.30162370204925537,0.29253363609313965,-0.009090065956115723,1.352502655567085,-0.012848760619398793,alpha,0
0.37554383277893066,0.3758140206336975,0.0002701878547668457,1.3093010253204345,0.0004328643444396985,ductal,0
0.3099411129951477,0.3067120313644409,-0.003229081630706787,0.7058238424726495,-0.004657634023365289,beta,0
0.2725904583930969,0.31098878383636475,0.03839832544326782,0.6892959220594974,0.055729608665976337,delta,0
0.31499379873275757,0.30120307207107544,-0.013790726661682129,1.143540279631917,-0.019734956051616757,delta,0
0.28824788331985474,0.2925879955291748,0.004340112209320068,1.911060180041995,0.006135197285161509,delta,0
0.187843918800354,0.19808369874954224,0.010239779949188232,0.8429107151871679,0.012769138042487681,acinar,0
0.15889710187911987,0.17008322477340698,0.01118612289428711,0.5843064227941098,0.013478608010101917,acinar,0
0.16736185550689697,0.1773899793624878,0.01002812385559082,2.326746213710662,0.012190617186767495,acinar,0
0.19585967063903809,0.20287442207336426,0.007014751434326172,0.7893232748766076,0.008800058144629981,acinar,0
0.26803892850875854,0.26558732986450195,-0.002451598644256592,2.954394650196785,-0.0033381758566396677,delta,0
0.18918800354003906,0.2104695439338684,0.021281540393829346,0.6205981160943753,0.026954679493765836,acinar,0
0.232671320438385,0.17535829544067383,-0.05731302499771118,0.5582285184151328,-0.06950051723170882,ductal,0
0.23625510931015015,0.2412596344947815,0.005004525184631348,1.017168102831689,0.006595833584389583,alpha,0
0.32707029581069946,0.32693320512771606,-0.00013709068298339844,1.4898540835634286,-0.00020368065105545984,delta,0
0.26508641242980957,0.26383405923843384,-0.0012523531913757324,2.5452873188537053,-0.0017011832822368402,delta,0
0.2774527072906494,0.27591967582702637,-0.0015330314636230469,1.4422147314578715,-0.0021172118789086515,delta,0
0.32075148820877075,0.3201504945755005,-0.0006009936332702637,0.7139806180434181,-0.0008840098116935481,delta,0
0.16006547212600708,0.17153245210647583,0.01146697998046875,1.1187630888786557,0.013841193912332342,acinar,0
0.24990147352218628,0.24732983112335205,-0.0025716423988342285,1.6167756515701406,-0.003416692337723942,beta,0
0.18116456270217896,0.18624716997146606,0.005082607269287109,0.7564866536694086,0.006245885828881099,acinar,0
0.2965952157974243,0.31316858530044556,0.01657336950302124,0.8931213006870569,0.024130185586037946,endothelial,0
0.32897090911865234,0.3313583731651306,0.0023874640464782715,1.0457857838205589,0.003570618326262074,delta,0
0.25303441286087036,0.24919074773788452,-0.00384366512298584,0.9948457892218456,-0.005119363022505716,beta,0
0.2847774028778076,0.27298009395599365,-0.011797308921813965,1.1821567031206675,-0.016226940725746614,delta,0
0.26381397247314453,0.26393187046051025,0.00011789798736572266,0.6782516520601386,0.0001601726560820991,alpha,0
0.23958349227905273,0.23375266790390015,-0.005830824375152588,0.23925220305591718,-0.007609585222570547,ductal,0
0.2621077299118042,0.2698596119880676,0.007751882076263428,1.6612488393241756,0.01061697476751107,delta,0
0.2889162302017212,0.28549838066101074,-0.0034178495407104492,1.5882314898667003,-0.004783543449310056,delta,0
0.22451555728912354,0.2261199951171875,0.0016044378280639648,1.7328086188472211,0.0020732385097698997,beta,0
0.28900420665740967,0.281663179397583,-0.00734102725982666,1.3471872644871754,-0.01021947789571788,delta,0
0.262887179851532,0.2626965641975403,-0.00019061565399169922,1.9946598694854443,-0.00025853080934613935,beta,0
0.26002252101898193,0.2643846273422241,0.0043621063232421875,2.203270806455867,0.0059298737973377475,beta,0
0.3164557218551636,0.30464279651641846,-0.011812925338745117,1.3055131458062381,-0.016988283546305476,delta,0
0.26475709676742554,0.28652870655059814,0.021771609783172607,0.8911563471817072,0.030515046622147823,gamma,0
0.24244844913482666,0.23651766777038574,-0.005930781364440918,0.8604126047060333,-0.007768066285333842,beta,0
0.3468286991119385,0.33898985385894775,-0.007838845252990723,1.379416549407851,-0.01185888794408611,delta,0
0.22809261083602905,0.2288532853126526,0.0007606744766235352,4.033735809356988,0.0009864199148302691,beta,0
0.28736114501953125,0.2863302230834961,-0.0010309219360351562,0.8065818874110329,-0.0014445363519376966,delta,0
0.2670959234237671,0.25947105884552,-0.00762486457824707,1.915992029677037,-0.010296511256345977,beta,0
0.2376495599746704,0.24433714151382446,0.006687581539154053,1.3894648473361049,0.00884995400270344,alpha,0
0.22411155700683594,0.2189844250679016,-0.005127131938934326,0.8392957784897488,-0.006564698712160868,beta,0
0.3013327121734619,0.31132078170776367,0.009988069534301758,1.9905316941415512,0.014503224823699251,delta,0
0.26188862323760986,0.262717604637146,0.0008289813995361328,1.710931663725377,0.0011243743303109104,delta,0
0.26374638080596924,0.2542757987976074,-0.009470582008361816,1.4275154431207477,-0.012699845322294243,beta,0
0.29586470127105713,0.29779917001724243,0.0019344687461853027,1.3672874747789776,0.0027548653655576046,delta,0
0.2840732932090759,0.2789597511291504,-0.005113542079925537,1.8625478655214063,-0.007091895477309837,delta,0
0.21043932437896729,0.21310758590698242,0.0026682615280151367,0.3051220984329098,0.0033908848023279136,ductal,0
0.3875483274459839,0.3837948441505432,-0.003753483295440674,1.2192021321440565,-0.006091288363639846,beta,0
0.2556943893432617,0.2550419569015503,-0.0006524324417114258,1.3761167720676988,-0.0008757975670654029,delta,0
0.27009475231170654,0.2665702700614929,-0.003524482250213623,1.3437982906995665,-0.004805480479376158,delta,0
0.2733237147331238,0.2804780602455139,0.007154345512390137,1.1910938101446833,0.00994319299677134,alpha,0
0.21081256866455078,0.21372509002685547,0.0029125213623046875,1.1759046168905731,0.0037042023411432085,beta,0
0.2662317752838135,0.2751121520996094,0.008880376815795898,1.1870358999600086,0.01225069069859229,alpha,0
0.29016029834747314,0.28554046154022217,-0.0046198368072509766,1.086503618605603,-0.006466197956024715,alpha,0
0.292710542678833,0.2929052710533142,0.00019472837448120117,1.3052457233281969,0.00027539220207634086,beta,0
0.23307043313980103,0.23984092473983765,0.006770491600036621,1.0961079040922959,0.00890667732634704,acinar,0
0.25981682538986206,0.24618804454803467,-0.013628780841827393,0.9386128176201102,-0.01807981518899623,beta,0
0.237662672996521,0.2343202829360962,-0.0033423900604248047,1.2876803039485814,-0.0043652587184124765,beta,0
0.2884945869445801,0.28589296340942383,-0.00260162353515625,1.6280101781452345,-0.003643184287298735,beta,0
0.29985564947128296,0.3017911911010742,0.0019355416297912598,0.7999625111337579,0.0027721529793409594,delta,0
0.18222051858901978,0.1961228847503662,0.013902366161346436,0.5958285793571317,0.017294143467474172,activated_stellate,0
0.2684403657913208,0.2563678026199341,-0.012072563171386719,1.241188915288443,-0.01623458910724989,beta,0
0.24350625276565552,0.23982584476470947,-0.003680408000946045,1.0344416209176897,-0.004841532661429246,beta,0
0.23473989963531494,0.24557316303253174,0.010833263397216797,1.623642697038592,0.014359594418410037,beta,0
0.3075636625289917,0.30534088611602783,-0.002222776412963867,1.3881074555942186,-0.003199808896965158,delta,0
0.3787890672683716,0.3721005320549011,-0.006688535213470459,0.9725212693586759,-0.010652239020618631,beta,0
0.24216324090957642,0.2418317198753357,-0.00033152103424072266,0.7075205140803029,-0.00043726576662665343,alpha,0
0.30259108543395996,0.3068217635154724,0.004230678081512451,2.917634947846112,0.006103304833931964,ductal,0
0.23583006858825684,0.23751431703567505,0.0016842484474182129,1.0158044823260755,0.002208891897970254,acinar,0
0.3243340253829956,0.3249140977859497,0.0005800724029541016,2.075128630899878,0.0008592571716453609,delta,0
0.26091837882995605,0.26358628273010254,0.0026679039001464844,1.739553548711487,0.0036228329776870397,beta,0
0.2666352391242981,0.2616485357284546,-0.004986703395843506,0.4858790314888648,-0.006753834233623911,beta,0
0.26753318309783936,0.27026450634002686,0.0027313232421875,0.9998316945362783,0.0037428948789219574,beta,0
0.18231219053268433,0.17791235446929932,-0.00439983606338501,1.1398736908964455,-0.00535202795870346,acinar,0
0.26008355617523193,0.2487025260925293,-0.011381030082702637,1.3607813328255616,-0.015148500398264772,beta,0
0.2962467074394226,0.3042733669281006,0.008026659488677979,0.9094576041545354,0.011537088142273933,delta,0
0.2506091594696045,0.24802756309509277,-0.0025815963745117188,1.4381930151691231,-0.0034330997358593103,beta,0
0.26197344064712524,0.25751739740371704,-0.004456043243408203,2.4065243379571473,-0.006001545662923943,beta,0
0.29638320207595825,0.2842400074005127,-0.012143194675445557,1.234844732773995,-0.016965456020172444,beta,0
0.3007005453109741,0.31491619348526,0.014215648174285889,2.204388503327293,0.020750232364425376,delta,0
0.2899397015571594,0.281674861907959,-0.00826483964920044,1.966003102011289,-0.011505708502911174,delta,0
0.2928929328918457,0.28780901432037354,-0.005083918571472168,1.4827424547352948,-0.0071384202744727366,beta,0
0.33347874879837036,0.31462550163269043,-0.01885324716567993,0.7532227530027025,-0.027507949610894332,delta,0
0.2549511194229126,0.26230186223983765,0.007350742816925049,1.003932764369105,0.0099644318463969,beta,0
0.287287175655365,0.27505046129226685,-0.012236714363098145,1.5220819778406451,-0.01687940154415552,beta,0
0.25655585527420044,0.256017804145813,-0.0005380511283874512,0.7969055309374873,-0.0007232043070193359,beta,0
0.2768610715866089,0.268418550491333,-0.008442521095275879,1.2607947005195352,-0.011540097279593283,beta,0
0.25877851247787476,0.25465643405914307,-0.0041220784187316895,1.1758982300406209,-0.005530440735110306,beta,0
0.27715110778808594,0.2763438820838928,-0.0008072257041931152,1.5245755414579043,-0.0011154824566641697,beta,0
0.22522318363189697,0.2505040764808655,0.025280892848968506,0.8527483571640698,0.0337305274860819,acinar,0
0.2515107989311218,0.24358296394348145,-0.00792783498764038,0.9774417512814899,-0.010480772655479989,beta,0
0.2683035135269165,0.2645111083984375,-0.003792405128479004,1.154277703735595,-0.005156305107777847,beta,0
0.254317045211792,0.2500407099723816,-0.0042763352394104,1.364690774293373,-0.005702089828439778,beta,0
0.26944661140441895,0.26683270931243896,-0.0026139020919799805,1.174433509444907,-0.0035652191869180016,alpha,0
0.36150652170181274,0.3389008641242981,-0.02260565757751465,0.9128602609691916,-0.03419405101410525,endothelial,0
0.3006700873374939,0.2897815704345703,-0.010888516902923584,1.1157370987103208,-0.015331222691005186,beta,0
0.26591432094573975,0.2684215307235718,0.0025072097778320312,2.503132514281788,0.0034271235187003264,delta,0
0.2603703737258911,0.25304198265075684,-0.007328391075134277,1.5964462183130501,-0.00981098121302828,beta,0
0.3059690594673157,0.30300241708755493,-0.002966642379760742,0.7152911564193882,-0.004256316596342348,delta,0
0.26203083992004395,0.24897480010986328,-0.013056039810180664,1.3426680108739129,-0.017384289917422958,beta,0
0.30449461936950684,0.3044466972351074,-4.792213439941406e-05,1.7334477254513345,-6.889786046435102e-05,delta,0
0.33765625953674316,0.3373561501502991,-0.0003001093864440918,1.2685908841872888,-0.0004528969619383954,beta,0
0.2574056386947632,0.250349223613739,-0.00705641508102417,1.727068154304642,-0.009412936400919994,beta,0
0.30733150243759155,0.30044710636138916,-0.006884396076202393,1.8417581312352342,-0.009841137301847647,delta,0
0.2141479253768921,0.2154349684715271,0.0012870430946350098,0.6398260860678512,0.0016404543191628357,ductal,0
0.23400050401687622,0.2320774793624878,-0.0019230246543884277,1.1146240791966364,-0.002504190986340621,beta,0
0.29679447412490845,0.28087764978408813,-0.015916824340820312,1.0110319166708004,-0.022133680501018205,beta,0
0.2646607756614685,0.2637074589729309,-0.0009533166885375977,0.6643987943879995,-0.0012947526090754597,ductal,0
0.238875150680542,0.23422777652740479,-0.004647374153137207,0.9351425999291377,-0.00606887271526051,beta,0
0.28738611936569214,0.28090745210647583,-0.006478667259216309,2.6115124874178126,-0.00900950410095976,beta,0
0.2907952666282654,0.281264066696167,-0.009531199932098389,1.3893723514160992,-0.013261059438458938,beta,0
0.2817723751068115,0.2741817831993103,-0.007590591907501221,0.9555846223251564,-0.01045797932843232,beta,0
0.18479591608047485,0.18472880125045776,-6.711483001708984e-05,1.282672538779759,-8.232209125016331e-05,acinar,0
0.21275335550308228,0.2211899757385254,0.008436620235443115,1.020394862962208,0.010832706273193316,acinar,0
0.2656705379486084,0.24310356378555298,-0.02256697416305542,0.9760696589444914,-0.02981514125753084,beta,0
0.31357187032699585,0.3120775818824768,-0.001494288444519043,0.9167283858018144,-0.0021721758226866824,alpha,0
0.25167059898376465,0.24597710371017456,-0.005693495273590088,0.6415564856418076,-0.007550825447880918,beta,0
0.30917125940322876,0.3073991537094116,-0.0017721056938171387,0.716015880796783,-0.002558624788445078,delta,0
0.3316344618797302,0.31869906187057495,-0.012935400009155273,1.226023437437887,-0.018986323495562202,beta,0
0.28528475761413574,0.28027933835983276,-0.0050054192543029785,0.7959060883435414,-0.006954669389226867,beta,0
0.24946987628936768,0.24598580598831177,-0.003484070301055908,1.3059202890081794,-0.004620695908281403,beta,0
0.2899872064590454,0.2789738178253174,-0.011013388633728027,0.718465001912048,-0.01527460292844098,beta,0
0.3436746597290039,0.34915482997894287,0.005480170249938965,1.6163010273309144,0.008420082843607278,beta,0
0.2238960862159729,0.21533852815628052,-0.008557558059692383,0.6819453025449104,-0.010906051038270918,ductal,0
0.33097225427627563,0.3381115198135376,0.007139265537261963,2.274595405495796,0.010786206061859153,beta,0
0.17886602878570557,0.19659137725830078,0.017725348472595215,1.331221294898587,0.022062681393816733,acinar,0
0.26227426528930664,0.258212685585022,-0.004061579704284668,1.0047078720029465,-0.0054753965528352225,beta,0
0.21343135833740234,0.2361038327217102,0.02267247438430786,1.0654545371935258,0.02968004730942472,acinar,0
0.2681218385696411,0.2605011463165283,-0.007620692253112793,1.0810202581283226,-0.010305211718928078,beta,0
0.19185304641723633,0.18982571363449097,-0.0020273327827453613,0.7625922528693355,-0.0025023415539884622,ductal,0
0.26051634550094604,0.2564399242401123,-0.00407642126083374,1.606507645315362,-0.005482302498110601,beta,0
0.17046135663986206,0.1791197657585144,0.008658409118652344,0.9096993187203618,0.010547713000609566,activated_stellate,0
0.2843937277793884,0.2879979610443115,0.0036042332649230957,1.0063315038547629,0.005062110875706924,alpha,0
0.26052314043045044,0.25811415910720825,-0.0024089813232421875,0.6820497681861275,-0.0032471051345894387,beta,0
0.27763503789901733,0.2778271436691284,0.00019210577011108398,1.8936236327678164,0.00026601078734406013,delta,0
0.29384905099868774,0.29157137870788574,-0.002277672290802002,1.1783999683198028,-0.003215104842387253,delta,0
0.23580610752105713,0.2361665964126587,0.0003604888916015625,0.9524379876344301,0.0004719470108383942,beta,0
0.3240906596183777,0.3137008547782898,-0.01038980484008789,0.9937099925843322,-0.015138886464344123,beta,0
0.2605600953102112,0.2544664144515991,-0.0060936808586120605,1.8375833495888088,-0.008173583292199587,beta,0
0.30699753761291504,0.31805258989334106,0.011055052280426025,1.973730603238683,0.01621100412815847,beta,0
0.2176607847213745,0.2384471893310547,0.020786404609680176,1.1530671913309898,0.02729476448445049,acinar,0
0.32450002431869507,0.3245779275894165,7.790327072143555e-05,1.5218427720642673,0.00011534013160600234,beta,0
0.2663416862487793,0.27171802520751953,0.005376338958740234,0.9390418396369677,0.007382221646048825,beta,0
0.24564629793167114,0.24819499254226685,0.002548694610595703,0.9580373891280605,0.003390100604961709,beta,0
0.3054635524749756,0.306568443775177,0.001104891300201416,1.7786546930003329,0.0015933674928448026,delta,0
0.31529664993286133,0.30635786056518555,-0.008938789367675781,1.5752457598152652,-0.012886744993548378,beta,0
0.2484579086303711,0.2542964220046997,0.005838513374328613,1.3833875520546217,0.007829536489585422,ductal,0
0.275445818901062,0.2682509422302246,-0.007194876670837402,2.310528687184449,-0.00983243721934668,beta,0
0.2810288667678833,0.28609395027160645,0.0050650835037231445,2.1227914016211122,0.00709488805375744,beta,0
0.28055983781814575,0.28942930698394775,0.008869469165802002,1.6662222435024452,0.012482177006421562,ductal,0
0.3010380268096924,0.2450810670852661,-0.05595695972442627,0.06444584798288813,-0.0741231373127404,macrophage,0
0.29088258743286133,0.28598153591156006,-0.0049010515213012695,1.4532762336578169,-0.006864040312400401,beta,0
0.29251301288604736,0.28400087356567383,-0.008512139320373535,2.3514640491534555,-0.011888477242652469,delta,0
0.26741641759872437,0.26039260625839233,-0.007023811340332031,1.0023371931216143,-0.009496675398009745,beta,0
0.2530568242073059,0.24511265754699707,-0.007944166660308838,1.3959579685631751,-0.010523645335599753,beta,0
0.2677351236343384,0.2624513506889343,-0.005283772945404053,1.676961464897036,-0.007163965319900666,beta,0
0.2873709201812744,0.2770700454711914,-0.010300874710083008,1.6661407700529363,-0.014248786684730631,beta,0
0.27049708366394043,0.2669905424118042,-0.0035065412521362305,0.5353296979197382,-0.004783759903553936,beta,0
0.20989948511123657,0.2096509337425232,-0.0002485513687133789,0.4402171535343094,-0.00031448302949270115,activated_stellate,0
0.2684575319290161,0.26339423656463623,-0.005063295364379883,0.92430016275165,-0.006873819912521198,beta,0
0.2722015976905823,0.25605309009552,-0.016148507595062256,1.3572529322901037,-0.02170653225394224,beta,0
0.26827484369277954,0.25429803133010864,-0.013976812362670898,0.3460424218957381,-0.018743161410182865,ductal,0
0.3070182800292969,0.2995583415031433,-0.0074599385261535645,1.4142782404774668,-0.010650335307243925,beta,0
0.27954810857772827,0.272449254989624,-0.007098853588104248,1.0171463661316391,-0.009757193758358405,beta,0
0.291526734828949,0.2819358706474304,-0.009590864181518555,1.0310698515568386,-0.013356556593581684,beta,0
0.27840614318847656,0.262154757976532,-0.01625138521194458,1.6405689133535442,-0.022025465892246937,beta,0
0.31511038541793823,0.31220704317092896,-0.0029033422470092773,1.8408739480394085,-0.004221244515783563,beta,0
0.334602952003479,0.32734864950180054,-0.007254302501678467,1.3777325512179337,-0.010784639763683764,delta,0
0.30809295177459717,0.29810065031051636,-0.00999230146408081,1.0345053109873052,-0.014236088790367663,beta,0
0.2494438886642456,0.2524847388267517,0.0030408501625061035,2.044862434416762,0.0040679439209487115,beta,0
0.2756054401397705,0.27288925647735596,-0.0027161836624145508,1.3409526428934204,-0.003735584553812829,delta,0
0.27896273136138916,0.27679336071014404,-0.002169370651245117,1.4951058052464985,-0.002999655331393673,beta,0
0.3194825053215027,0.3061009645462036,-0.013381540775299072,1.75512473470292,-0.01928456460030645,beta,0
0.23003363609313965,0.24178338050842285,0.011749744415283203,1.6730186016206015,0.01549655350889302,beta,0
0.2733365297317505,0.2771838307380676,0.0038473010063171387,1.0833098316607723,0.005322654873984927,beta,0
0.25273388624191284,0.25953108072280884,0.006797194480895996,1.126724699859945,0.0091795810788805,alpha,0
0.2782447934150696,0.27391982078552246,-0.004324972629547119,0.9889393553197476,-0.005956604729557782,beta,0
0.27488982677459717,0.26820051670074463,-0.006689310073852539,1.2169771319781038,-0.00914090570779629,beta,0
0.2445695400238037,0.2499253749847412,0.0053558349609375,0.5550435263191698,0.0071404028110250315,acinar,0
0.31665921211242676,0.30338436365127563,-0.013274848461151123,1.3164772753290608,-0.01905620225628378,beta,0
0.320148229598999,0.3356853127479553,0.015537083148956299,1.520392225723871,0.023388137349824156,beta,0
0.33067190647125244,0.3205909729003906,-0.010080933570861816,0.9949682117711127,-0.014837797510429358,beta,0
0.2874011993408203,0.27306926250457764,-0.014331936836242676,1.4546301250796847,-0.01971568417318841,beta,0
0.3649296164512634,0.3363603949546814,-0.02856922149658203,0.6658719792092579,-0.043049301577821136,ductal,0
0.30693376064300537,0.2918553948402405,-0.015078365802764893,1.0875096536611384,-0.02129277790566966,beta,0
0.3419741988182068,0.3516297936439514,0.009655594825744629,1.1697038265888728,0.014892101350570569,delta,0
0.2707218527793884,0.2733118534088135,0.002590000629425049,1.173626634265212,0.0035641156960856653,beta,0
0.28597426414489746,0.291476309299469,0.005502045154571533,0.9784207217817251,0.007765506258699064,alpha,0
0.33089178800582886,0.33701902627944946,0.0061272382736206055,2.8522922695965884,0.009241951905852527,beta,0
0.28019148111343384,0.271417498588562,-0.008773982524871826,1.6466709919811218,-0.012042538089886225,beta,0
0.3119713068008423,0.30680298805236816,-0.005168318748474121,0.6564165938472613,-0.0074557718215677565,beta,0
0.30591243505477905,0.3083886504173279,0.002476215362548828,1.2369225594822795,0.003580356748111509,beta,0
0.29882311820983887,0.3003959059715271,0.0015727877616882324,2.0425191656107327,0.002248111146165223,delta,0
0.24446815252304077,0.24455749988555908,8.934736251831055e-05,1.09695812590642,0.00011827155939039099,beta,0
0.2586343288421631,0.2494370937347412,-0.009197235107421875,1.270332325123239,-0.012253783168137876,beta,0
0.3743742108345032,0.3595186471939087,-0.014855563640594482,1.272835261919457,-0.02319437338106559,delta,0
0.30382925271987915,0.2942378520965576,-0.009591400623321533,1.6067787916710816,-0.01359013181964211,beta,0
0.34485727548599243,0.3427467346191406,-0.0021105408668518066,2.507857680090099,-0.0032111531094924403,beta,0
0.25700056552886963,0.2556588649749756,-0.001341700553894043,0.9132995622650554,-0.001802534470769153,beta,0
0.2672969698905945,0.26653212308883667,-0.0007648468017578125,2.428585019096533,-0.0010427815938971923,beta,0
0.28594905138015747,0.2826990485191345,-0.0032500028610229492,1.3169538004052939,-0.004530877666219916,beta,0
0.22616291046142578,0.22419065237045288,-0.0019722580909729004,1.581534475680301,-0.0025421942865203316,beta,0
0.336322546005249,0.3387141227722168,0.0023915767669677734,1.9171537619772065,0.003616555032134737,beta,0
0.3110475540161133,0.3224119544029236,0.011364400386810303,0.9627094105939767,0.016771843099439913,gamma,0
0.32163238525390625,0.3077966570854187,-0.013835728168487549,1.7177225101934537,-0.01998795341009339,beta,0
0.26895415782928467,0.2660617232322693,-0.002892434597015381,1.6959263092047037,-0.003940977993072773,beta,0
0.35469168424606323,0.34121257066726685,-0.013479113578796387,1.3737937294736606,-0.02046048995265285,delta,0
0.2715333104133606,0.27996301651000977,0.00842970609664917,1.572365463597353,0.011707323776329827,ductal,0
0.2727750539779663,0.26836562156677246,-0.004409432411193848,1.001558619690858,-0.006026825066143709,beta,0
0.2736928462982178,0.26825737953186035,-0.005435466766357422,1.2485489055517947,-0.007428112855965705,beta,0
0.3335304260253906,0.33583909273147583,0.002308666706085205,0.9114754200651322,0.003476065334197391,beta,0
0.33333534002304077,0.3217119574546814,-0.011623382568359375,1.036580109534075,-0.017136351873080203,delta,0
0.29039013385772705,0.2975030541419983,0.00711292028427124,1.0209071162259638,0.010125197449198592,beta,0
0.2581605911254883,0.2591465711593628,0.0009859800338745117,0.5750165699998268,0.0013308705818065438,ductal,0
0.31103450059890747,0.31036967039108276,-0.000664830207824707,1.1533583455896037,-0.0009640385280063391,beta,0
0.28380513191223145,0.2789148688316345,-0.004890263080596924,1.7917063141337548,-0.006781811008463439,beta,0
0.2579752802848816,0.2557207942008972,-0.002254486083984375,2.241513716212492,-0.003029086485848847,beta,0
0.25561273097991943,0.24661225080490112,-0.00900048017501831,1.5632407130797639,-0.011946677105692525,beta,0
0.21872007846832275,0.2151627540588379,-0.0035573244094848633,0.5471165790804646,-0.004532563187949861,ductal,0
0.24332505464553833,0.25534623861312866,0.012021183967590332,0.4681784277206163,0.016143320011170862,activated_stellate,0
0.3114500641822815,0.31045788526535034,-0.0009921789169311523,1.6155747671682796,-0.001438895312888849,beta,0
0.33108246326446533,0.3267248868942261,-0.004357576370239258,1.0113940145539888,-0.006472207698481597,alpha,0
0.32976311445236206,0.32732588052749634,-0.0024372339248657227,1.6112602628474866,-0.003623201568653999,beta,0
0.292303204536438,0.2931807041168213,0.0008774995803833008,3.0650941385392896,0.001241476549231519,beta,0
0.37044572830200195,0.3591498136520386,-0.011295914649963379,0.6164587576939633,-0.017626451377561202,activated_stellate,0
0.30205655097961426,0.3029194474220276,0.0008628964424133301,1.5183442844809898,0.0012378719205723505,alpha,0
0.22367757558822632,0.2351505160331726,0.011472940444946289,1.1747697940770423,0.015000259116921738,acinar,0
0.31016969680786133,0.3090897798538208,-0.0010799169540405273,0.9561610593129838,-0.001563035141978424,gamma,0
0.28678780794143677,0.28455352783203125,-0.0022342801094055176,1.5283260963249212,-0.0031229172220741137,beta,0
0.2531283497810364,0.2469525933265686,-0.0061757564544677734,1.1041632301428312,-0.008201019483951253,beta,0
0.2821948528289795,0.28217869997024536,-1.615285873413086e-05,1.1365201890085923,-2.2502618316649704e-05,beta,0
0.38156747817993164,0.3776756525039673,-0.0038918256759643555,0.6933529634288356,-0.0062536934182687845,delta,0
0.29971081018447876,0.3078540563583374,0.008143246173858643,1.6571734267982767,0.011765215484777238,alpha,0
0.20928704738616943,0.18733370304107666,-0.021953344345092773,0.46335248208386015,-0.02701397169692447,endothelial,0
0.3508809208869934,0.346100389957428,-0.00478053092956543,0.8543909348441926,-0.007310802539328925,gamma,0
0.2944047451019287,0.2878537178039551,-0.006551027297973633,1.6994412167054982,-0.009198991080557543,beta,0
0.29895222187042236,0.30830276012420654,0.00935053825378418,1.1579350270917534,0.01351825295047185,alpha,0
0.2856699228286743,0.2880605459213257,0.002390623092651367,1.1718773874613968,0.003357902247102022,beta,0
0.27092933654785156,0.26983362436294556,-0.0010957121849060059,0.7880289936926865,-0.001500633583613078,beta,0
0.3119186758995056,0.3069108724594116,-0.005007803440093994,1.0902085431815898,-0.007225338331109125,beta,0
0.35464876890182495,0.3444133400917053,-0.010235428810119629,1.8191199472021504,-0.015612625204349627,beta,0
0.33564257621765137,0.33975136280059814,0.004108786582946777,1.0279629809849213,0.006223089835331052,beta,0
0.40138405561447144,0.3864123821258545,-0.014971673488616943,1.0104517209656645,-0.024400221015685196,endothelial,0
0.2789374589920044,0.28250259160995483,0.0035651326179504395,1.0225344866033375,0.00496884389582682,beta,0
0.3009061813354492,0.30809730291366577,0.007191121578216553,2.361952628163335,0.010393255595763718,delta,0
0.26217931509017944,0.252857506275177,-0.009321808815002441,2.7895208284902453,-0.012476614425354474,beta,0
0.33286458253860474,0.3267114758491516,-0.006153106689453125,1.70766803651646,-0.00913888543876999,alpha,0
0.2786831259727478,0.26099711656570435,-0.017686009407043457,1.4520002019499096,-0.023932260351749914,beta,0
0.31194519996643066,0.312643826007843,0.0006986260414123535,1.4788043884260185,0.0010163959644891836,alpha,0
0.2563639283180237,0.2593955397605896,0.003031611442565918,0.5923169248800498,0.004093428551032367,alpha,0
0.4605110287666321,0.4551171660423279,-0.005393862724304199,1.6219014592356715,-0.009899123973362699,delta,0
0.30743151903152466,0.31751930713653564,0.010087788105010986,0.6782138993408076,0.014781060051216904,alpha,0
0.21903246641159058,0.2288912534713745,0.009858787059783936,1.3009434083122955,0.01278520974397734,ductal,0
0.3257148861885071,0.3329206109046936,0.0072057247161865234,0.7510142543417481,0.010801899794803933,beta,0
0.32192718982696533,0.32345473766326904,0.001527547836303711,0.5790251380209454,0.0022578649520472406,alpha,0
0.20657604932785034,0.22893989086151123,0.02236384153366089,1.2532730503194955,0.02900401832309569,endothelial,0
0.30700987577438354,0.30210036039352417,-0.004909515380859375,1.5064330164683797,-0.007034701126407946,beta,0
0.31914395093917847,0.3105236291885376,-0.00862032175064087,1.257848626479627,-0.012502708019558946,beta,0
0.2500603199005127,0.24054622650146484,-0.009514093399047852,0.3089595934415697,-0.01252754773370838,ductal,0
0.3773394823074341,0.3772406578063965,-9.882450103759766e-05,1.4280399855572719,-0.00015868810685279946,delta,0
0.38150858879089355,0.3533966541290283,-0.028111934661865234,1.09278999212514,-0.04347632105738425,beta,0
0.28014934062957764,0.2795742154121399,-0.0005751252174377441,0.880927966871997,-0.0007983129279121523,beta,0
0.2897312045097351,0.3064093589782715,0.016678154468536377,1.2580660480960753,0.024046106567942992,alpha,0
0.2741420865058899,0.26805514097213745,-0.006086945533752441,1.0630304262111876,-0.008316125810128455,alpha,0
0.29696667194366455,0.29956644773483276,0.002599775791168213,1.652293377832737,0.0037116665567499835,delta,0
0.3222440481185913,0.31903016567230225,-0.0032138824462890625,0.9529436692218752,-0.004719566542124494,gamma,0
0.24410831928253174,0.2451258897781372,0.0010175704956054688,0.9034760036392585,0.0013480002583561882,alpha,0
0.2995949983596802,0.2814840078353882,-0.018110990524291992,0.5563161874766122,-0.02520610636616529,beta,0
0.2851518392562866,0.28607141971588135,0.0009195804595947266,1.6856169635580016,0.0012880566557914878,alpha,0
0.28606176376342773,0.27716970443725586,-0.008892059326171875,0.4198887780948554,-0.01230172473505576,ductal,0
0.31667405366897583,0.30266112089157104,-0.014012932777404785,1.5124798417520722,-0.020094868072350686,beta,0
0.3019576668739319,0.30506396293640137,0.0031062960624694824,1.1757515340608375,0.004469902115876605,gamma,0
0.29438817501068115,0.2926320433616638,-0.001756131649017334,1.0305699654449585,-0.00248262821709241,beta,0
0.41048580408096313,0.3844345808029175,-0.026051223278045654,1.0368528164701647,-0.04232080371250511,schwann,1
0.29022765159606934,0.29263585805892944,0.0024082064628601074,5.699932904780872,0.0034044791360949866,delta,0
0.3279637098312378,0.3214656710624695,-0.0064980387687683105,1.3718647292498285,-0.00957658071470479,beta,0
0.27554816007614136,0.28305184841156006,0.007503688335418701,1.4863426318487025,0.010466152006660241,alpha,0
0.30079418420791626,0.3036302924156189,0.0028361082077026367,1.604267771790555,0.004072704738321745,delta,0
0.2963799834251404,0.2961798310279846,-0.00020015239715576172,1.4301555233119458,-0.00028438002486927877,beta,0
0.24063336849212646,0.25027549266815186,0.00964212417602539,1.2959698714749657,0.012860889675782639,acinar,0
0.300295352935791,0.30144739151000977,0.00115203857421875,0.6923666205476258,0.0016491794035513332,beta,0
0.2650867700576782,0.26891207695007324,0.0038253068923950195,1.1784072205101175,0.005232348629747212,beta,0
0.29297858476638794,0.29172515869140625,-0.0012534260749816895,1.6541108905308548,-0.0017696888296439921,beta,0
0.28145313262939453,0.27793002128601074,-0.003523111343383789,0.9575152994595676,-0.004879182693149036,beta,0
0.3331788182258606,0.33021605014801025,-0.002962768077850342,1.547995766919262,-0.004423468311692241,beta,0
0.28182703256607056,0.27392780780792236,-0.007899224758148193,2.6035253009369703,-0.010879393045338534,alpha,0
0.2748667001724243,0.2694548964500427,-0.005411803722381592,1.786199340145589,-0.0074078981517826485,beta,0
0.32766830921173096,0.32897013425827026,0.0013018250465393066,1.1068301745842415,0.0019400403961160819,beta,0
0.3054155111312866,0.24853640794754028,-0.05687910318374634,0.06342473172456374,-0.07569109639549325,macrophage,0
0.3262820243835449,0.32465291023254395,-0.0016291141510009766,0.549986601876242,-0.0024122620437469176,gamma,0
0.33972322940826416,0.3324272632598877,-0.007295966148376465,1.070790263624984,-0.010929095433112036,beta,0
0.3598806858062744,0.3513071537017822,-0.008573532104492188,1.3207280949791145,-0.013216628105916794,beta,0
0.295734703540802,0.2889554500579834,-0.0067792534828186035,1.2563710801821304,-0.009534217628658331,alpha,0
0.22601938247680664,0.25770634412765503,0.03168696165084839,1.0017489321100173,0.042687905790613025,acinar,0
0.35727858543395996,0.36654967069625854,0.009271085262298584,0.9929604872252971,0.014635851989356326,endothelial,0
0.3006105422973633,0.3001691699028015,-0.0004413723945617676,1.7758748652830565,-0.0006306844105459972,alpha,0
0.3066219687461853,0.30998003482818604,0.0033580660820007324,0.9822281667483891,0.004866621621831738,beta,0
0.23774051666259766,0.24317622184753418,0.0054357051849365234,1.0538676886552787,0.007182260047650715,alpha,0
0.311042845249176,0.32060134410858154,0.009558498859405518,1.5065577830798607,0.014069057653439276,alpha,0
0.3123760223388672,0.32291293144226074,0.010536909103393555,1.3375885052819225,0.015562118363651792,alpha,0
0.34886860847473145,0.351212739944458,0.0023441314697265625,1.146790453765548,0.0036130972570667984,beta,0
0.27185022830963135,0.2748814821243286,0.0030312538146972656,1.4789627986179505,0.004180356369297693,beta,0
0.3310388922691345,0.3226522207260132,-0.008386671543121338,1.0710888096329974,-0.012381632891910514,alpha,0
0.30689799785614014,0.29449182748794556,-0.01240617036819458,1.2700991005189046,-0.017584729492247812,alpha,0
0.303716242313385,0.24814057350158691,-0.055575668811798096,0.06351790712327565,-0.07391763254286392,macrophage,0
0.32823771238327026,0.3337497115135193,0.0055119991302490234,1.5364007931495616,0.008273165843981276,alpha,0
0.3277047276496887,0.3317887783050537,0.00408405065536499,1.0827376078189868,0.006111915697862154,beta,0
0.28252214193344116,0.2697264552116394,-0.012795686721801758,0.9889163157814219,-0.01752177223605992,beta,0
0.4033805727958679,0.4061962366104126,0.0028156638145446777,0.7379800787665455,0.004741741275724039,beta,0
0.2973230481147766,0.3014789819717407,0.004155933856964111,1.5449352752361762,0.005949618908669659,alpha,0
0.26531219482421875,0.29767513275146484,0.032362937927246094,0.4460302880781145,0.046079726685505015,activated_stellate,0
0.31963396072387695,0.3259553909301758,0.006321430206298828,1.8022491624928139,0.009378355855441597,delta,0
0.2657663822174072,0.2723965048789978,0.006630122661590576,1.8731581029915787,0.00911227434454252,alpha,0
0.3117274045944214,0.31672126054763794,0.004993855953216553,1.099241597167446,0.007308665797532432,alpha,0
0.35575807094573975,0.3730546236038208,0.017296552658081055,0.6420304858118887,0.02758861187796849,endothelial,0
0.2744342088699341,0.2735794186592102,-0.000854790210723877,1.2038919016001361,-0.0011767152978322132,beta,0
0.4101276993751526,0.42180335521698,0.011675655841827393,1.0053112005321807,0.020193226555662424,delta,0
0.30105531215667725,0.3022879958152771,0.0012326836585998535,0.8349061046141815,0.0017667513977206763,beta,0
0.2513887882232666,0.24575233459472656,-0.005636453628540039,0.964288911652473,-0.007472948060782464,beta,0
0.35737377405166626,0.35720282793045044,-0.0001709461212158203,0.9683656977041861,-0.0002659409976329582,beta,0
0.20490634441375732,0.20541423559188843,0.0005078911781311035,0.8407011183010644,0.0006391898784008956,ductal,0
0.3273583650588989,0.32337117195129395,-0.0039871931076049805,1.4163304156116328,-0.005892733123865613,beta,0
0.2319982647895813,0.24429750442504883,0.01229923963546753,1.4998130037905668,0.01627524020032521,ductal,0
0.369195818901062,0.3704490065574646,0.0012531876564025879,1.0638762718273032,0.0019906054782788253,beta,0
0.2718459367752075,0.276667058467865,0.004821121692657471,1.2148724308523293,0.006665148807471097,beta,0
0.3964305520057678,0.3896867632865906,-0.006743788719177246,0.44747664225177153,-0.011049717282051988,activated_stellate,0
0.3451523184776306,0.33838552236557007,-0.006766796112060547,0.8770661489529171,-0.01022770259842997,beta,0
0.2189037799835205,0.2236310839653015,0.004727303981781006,1.4760531352157114,0.006088991823533707,ductal,0
0.31518155336380005,0.31612300872802734,0.0009414553642272949,1.595736662076532,0.0013766443033508716,beta,0
0.3305932283401489,0.3491742014884949,0.018580973148345947,1.1835611268572637,0.028549841126215707,beta,0
0.35659223794937134,0.3429182767868042,-0.013673961162567139,1.4069878083765621,-0.020810137734009845,delta,0
0.2624107599258423,0.269491970539093,0.007081210613250732,0.8328771460346575,0.009693542476838282,ductal,0
0.28262239694595337,0.2885624170303345,0.0059400200843811035,1.003970362947904,0.008349320062044538,alpha,0
0.23989653587341309,0.26494836807250977,0.02505183219909668,0.7075131582020715,0.03408173128383441,ductal,0
0.32500433921813965,0.32653337717056274,0.0015290379524230957,1.7747231820838172,0.002270399008044592,beta,0
0.3352065086364746,0.32956743240356445,-0.005639076232910156,0.9399482541898543,-0.008411101288123248,gamma,0
0.22668170928955078,0.23951083421707153,0.012829124927520752,2.0912129966263966,0.01686956962011824,ductal,0
0.3240683674812317,0.31422358751296997,-0.009844779968261719,1.4136596766241527,-0.014355670141174346,beta,0
0.35996508598327637,0.36156266927719116,0.001597583293914795,1.1148279534225223,0.002502333771908491,gamma,0
0.2957167625427246,0.2906534671783447,-0.005063295364379883,1.1367375733721499,-0.007137971541552459,delta,0
0.3019345998764038,0.2971651554107666,-0.004769444465637207,0.8169068304922946,-0.006786010258817878,alpha,0
0.3428649306297302,0.3295789957046509,-0.013285934925079346,1.874433616244331,-0.0198173011286298,gamma,0
0.32586658000946045,0.335085391998291,0.009218811988830566,1.0154558800416233,0.013864655518001302,alpha,0
0.35714370012283325,0.3379518389701843,-0.019191861152648926,0.8641110814143136,-0.028988617871539727,beta,0
0.32124435901641846,0.27137690782546997,-0.049867451190948486,0.055471707401504596,-0.06844066805805207,macrophage,0
0.31239938735961914,0.30550438165664673,-0.006895005702972412,0.8416770940176475,-0.009928076608200534,beta,0
0.29850059747695923,0.3038749694824219,0.0053743720054626465,0.6568640650378074,0.0077204119516672606,beta,0
0.21888649463653564,0.2203155755996704,0.0014290809631347656,1.5606276980145837,0.0018328966417841418,quiescent_stellate,0
0.3086240887641907,0.31614357233047485,0.00751948356628418,1.3993249551819784,0.010995705036961331,delta,0
0.29323166608810425,0.280886173248291,-0.012345492839813232,0.4350825997610369,-0.017167647708261638,beta,0
0.26782143115997314,0.2676699161529541,-0.00015151500701904297,1.1047090245154572,-0.0002068944187341187,alpha,0
0.34660834074020386,0.3528398871421814,0.006231546401977539,1.336745411444665,0.009629064397154236,beta,0
0.29507631063461304,0.29114365577697754,-0.003932654857635498,0.9383198639381352,-0.005547886944492373,alpha,0
0.2773360013961792,0.27005743980407715,-0.007278561592102051,1.281463752752856,-0.009971416915528835,beta,0
0.3047637939453125,0.30417048931121826,-0.0005933046340942383,2.0238948867435615,-0.0008526580505430748,beta,0
0.2918854355812073,0.294425904750824,0.0025404691696166992,0.7975069676207087,0.0036005703535920254,gamma,0
0.33373624086380005,0.332639217376709,-0.0010970234870910645,0.8322883076915936,-0.0016438237242213073,alpha,0
0.30776190757751465,0.29996562004089355,-0.007796287536621094,0.8511105722467895,-0.011137006638269003,beta,0
0.31915783882141113,0.3096073269844055,-0.009550511837005615,1.3677197416284483,-0.01383344900705499,beta,0
0.34950655698776245,0.34600406885147095,-0.003502488136291504,2.225276047273942,-0.005355519766217098,beta,0
0.32575249671936035,0.33608299493789673,0.010330498218536377,1.0690252554934612,0.015559924116674877,beta,0
0.30522656440734863,0.24814283847808838,-0.057083725929260254,0.054375346785936564,-0.0759236313101164,macrophage,0
0.33847475051879883,0.330970823764801,-0.007503926753997803,0.725184704454325,-0.011216142764093412,beta,0
0.33765095472335815,0.3205036520957947,-0.017147302627563477,0.7721678081058632,-0.02523531241992913,delta,0
0.3037480115890503,0.2945288419723511,-0.009219169616699219,0.8102258556048093,-0.013068102801642672,beta,0
0.3925018310546875,0.38555026054382324,-0.006951570510864258,0.9253923979836945,-0.011313489231872401,gamma,0
0.3176320791244507,0.2922874689102173,-0.0253446102142334,1.9235319457281221,-0.035812012788873596,epsilon,1
0.35547739267349243,0.35985416173934937,0.004376769065856934,1.1032858676348594,0.006837143669869221,delta,0
0.2938467264175415,0.31156396865844727,0.01771724224090576,1.0503703690415254,0.025735495288328004,alpha,0
0.3273622393608093,0.3277354836463928,0.0003732442855834961,1.4494092783828452,0.000555204501359063,beta,0
0.28082191944122314,0.27630186080932617,-0.004520058631896973,0.9353512508015333,-0.006245778988670393,beta,0
0.3858782649040222,0.38341641426086426,-0.002461850643157959,0.7806722238732529,-0.003992728155756515,delta,0
0.30760133266448975,0.3078715205192566,0.0002701878547668457,1.8452148343550927,0.000390372398733757,alpha,0
0.2698296904563904,0.27340567111968994,0.0035759806632995605,0.5558194348914608,0.00492156423627774,endothelial,0
0.3407575488090515,0.3479234576225281,0.0071659088134765625,1.319184402297737,0.010989367578458887,beta,0
0.3146870732307434,0.31565791368484497,0.0009708404541015625,0.3657192353845356,0.0014186478860726804,activated_stellate,0
0.2202792763710022,0.2304236888885498,0.010144412517547607,1.3576870634594447,0.013181814942947862,acinar,0
0.29601728916168213,0.2893450856208801,-0.006672203540802002,1.0152751165521223,-0.009388809400736118,beta,0
0.21690154075622559,0.22411268949508667,0.007211148738861084,0.5316224974288507,0.009294067116741973,acinar,0
0.2505651116371155,0.24722760915756226,-0.0033375024795532227,1.2530842503544852,-0.004433614356948159,alpha,0
0.3418782949447632,0.3357805013656616,-0.0060977935791015625,0.7440613869347038,-0.009180389301486734,gamma,0
0.418928861618042,0.40518414974212646,-0.013744711875915527,0.04899456976843906,-0.023107507760522374,macrophage,0
0.28633612394332886,0.2962217330932617,0.009885609149932861,2.145822460523278,0.014046482556760822,beta,0
0.2805945873260498,0.2847476005554199,0.004153013229370117,3.6561344726114204,0.005806360429682005,beta,0
0.2133195996284485,0.2302943468093872,0.01697474718093872,1.2127870102922311,0.02205355659085309,acinar,0
0.30547457933425903,0.3159061074256897,0.010431528091430664,1.4694567201641655,0.015248678879701489,beta,0
0.3072551488876343,0.29371464252471924,-0.013540506362915039,0.7661669748037169,-0.01917143859716636,beta,0
0.3031599521636963,0.3206941485404968,0.017534196376800537,1.6397370602545767,0.02581193189949408,alpha,0
0.35764074325561523,0.36225366592407227,0.004612922668457031,0.672819070701774,0.007233162186876379,delta,0
0.2714571952819824,0.27200669050216675,0.0005494952201843262,1.5573308364295604,0.0007548080635018001,beta,0
0.2761383056640625,0.27765583992004395,0.0015175342559814453,0.2543840694929388,0.002100846576808304,ductal,0
0.30857765674591064,0.29645127058029175,-0.012126386165618896,0.5600454364175023,-0.01723602880445939,alpha,0
0.29895758628845215,0.3064996600151062,0.007542073726654053,1.7467486086978898,0.010875371347068608,beta,0
0.43728673458099365,0.4527484178543091,0.01546168327331543,0.8322442242377416,0.02825333681575209,delta,0
0.34735774993896484,0.3523901700973511,0.0050324201583862305,2.6354327371178305,0.007770759377050719,beta,0
0.3271389603614807,0.3402220606803894,0.013083100318908691,1.5693306608251458,0.019829551034095665,beta,0
0.2600448727607727,0.2670931816101074,0.007048308849334717,0.6342136402962254,0.009616923560377017,acinar,0
0.3585579991340637,0.35603898763656616,-0.0025190114974975586,1.386745233112421,-0.003911745352800797,beta,0
0.31624191999435425,0.31965333223342896,0.003411412239074707,1.155103501655624,0.0050142264241164365,beta,0
0.3048832416534424,0.31030577421188354,0.005422532558441162,1.3314900038896311,0.007862226992323753,beta,0
0.27431756258010864,0.28082895278930664,0.006511390209197998,1.1100023075632037,0.009054021618990977,alpha,0
0.31350070238113403,0.3036496639251709,-0.009851038455963135,1.0002628561647007,-0.014146670067672017,alpha,0
0.2599866986274719,0.25799888372421265,-0.0019878149032592773,1.2642786131015809,-0.002678991796180055,alpha,0
0.26454317569732666,0.26238638162612915,-0.0021567940711975098,0.9451914020712665,-0.0029240160667753632,ductal,0
0.3506771922111511,0.35931116342544556,0.008633971214294434,0.7598324436038257,0.013476075625815485,alpha,0
0.2038799524307251,0.2142322063446045,0.010352253913879395,1.0925093876943992,0.013174698680026907,acinar,0
0.24117183685302734,0.257537841796875,0.016366004943847656,0.5139766728301849,0.022042880924000165,acinar,0
0.29197365045547485,0.2837951183319092,-0.008178532123565674,1.0949241126750515,-0.011419263304261911,beta,0
0.36123955249786377,0.342157244682312,-0.019082307815551758,0.7613495822962343,-0.029007399809908154,delta,0
0.2799931764602661,0.2758289575576782,-0.004164218902587891,1.297631304334712,-0.005750325073126021,quiescent_stellate,0
0.3203775882720947,0.31090813875198364,-0.009469449520111084,1.166459448000988,-0.013741926225860417,alpha,0
0.32147443294525146,0.3383307456970215,0.01685631275177002,1.4407765803928176,0.025475436016030313,delta,0
0.451110303401947,0.4560415744781494,0.004931271076202393,0.6991696089760414,0.009065529358188617,beta,0
0.27930688858032227,0.2852128744125366,0.0059059858322143555,0.44279217232233964,0.008262580033685404,ductal,0
0.3860686421394348,0.3747607469558716,-0.011307895183563232,1.1181910715036123,-0.01808570899620907,beta,0
0.29077714681625366,0.2878308892250061,-0.0029462575912475586,1.368744230580444,-0.0041370196301288515,beta,0
0.31776100397109985,0.3182833790779114,0.0005223751068115234,1.8485964595662567,0.0007662642963068142,beta,0
0.3106592297554016,0.3015769124031067,-0.009082317352294922,1.226595607875387,-0.01300403367755926,beta,0
0.28921806812286377,0.2847604751586914,-0.004457592964172363,1.2533871647929786,-0.006232307932313132,quiescent_stellate,0
0.20729702711105347,0.2061384916305542,-0.0011585354804992676,0.5121567941911822,-0.0014593672426300715,endothelial,0
0.22111618518829346,0.24683856964111328,0.025722384452819824,1.3950459336388796,0.034152551386709924,acinar,0
0.2253568172454834,0.23829001188278198,0.012933194637298584,0.8383148285528651,0.01697915852366153,activated_stellate,0
0.3047158122062683,0.3123358488082886,0.007620036602020264,0.85724890923215,0.01108104383341033,delta,0
0.40526288747787476,0.4001556634902954,-0.005107223987579346,1.4679672391860283,-0.00851424890880289,beta,0
0.3335633873939514,0.33279138803482056,-0.0007719993591308594,0.6319177730781527,-0.0011570584451196335,alpha,0
0.26062601804733276,0.25764018297195435,-0.002985835075378418,0.9030512927024766,-0.004022086065126577,endothelial,0
0.22931015491485596,0.22965872287750244,0.0003485679626464844,0.8872749422886846,0.00045248511665960757,endothelial,0
0.31884926557540894,0.31781697273254395,-0.0010322928428649902,0.6326042160508912,-0.0015132197688938842,alpha,0
0.3269556760787964,0.3206722140312195,-0.006283462047576904,1.2718412392943326,-0.009249528986387832,beta,0
0.29909461736679077,0.30359137058258057,0.004496753215789795,0.8999515155513045,0.006457061308317723,gamma,0
0.3512086272239685,0.3453000783920288,-0.005908548831939697,0.6323866797469823,-0.00902481982497882,beta,0
0.2785395383834839,0.2627963423728943,-0.0157431960105896,0.28855196635519414,-0.02135528744019453,ductal,0
0.4262540340423584,0.4040290117263794,-0.022225022315979004,0.14508318098325992,-0.03729212118254171,activated_stellate,0
0.3018975257873535,0.33859682083129883,0.03669929504394531,1.0307885542887014,0.055487025463154885,alpha,0
0.3016672730445862,0.2923346757888794,-0.009332597255706787,1.5355887090990739,-0.013187868525436689,beta,0
0.3131557106971741,0.3271328806877136,0.01397716999053955,1.0108225733705938,0.02077255611007582,beta,0
0.3204827308654785,0.3167576193809509,-0.003725111484527588,0.9992965963364471,-0.005452108344263518,alpha,0
0.26070237159729004,0.2650725245475769,0.004370152950286865,0.6430082075084126,0.0059463730725220045,acinar,0
0.31089890003204346,0.3040003180503845,-0.0068985819816589355,0.8515130333733886,-0.00991176025014094,quiescent_stellate,0
0.3148583173751831,0.30455076694488525,-0.010307550430297852,1.6234057073416908,-0.01482142756131413,beta,0
0.27694839239120483,0.28808385133743286,0.011135458946228027,0.4633806918274644,0.015641531614569392,alpha,0
0.28758442401885986,0.27632635831832886,-0.011258065700531006,0.5718570191997547,-0.015556827072448761,beta,0
0.25290393829345703,0.25989699363708496,0.00699305534362793,0.30590005450887936,0.009448759542261383,ductal,0
0.329143762588501,0.326961874961853,-0.0021818876266479492,1.5848785610979423,-0.0032418484859595177,beta,0
0.35413920879364014,0.3569796085357666,0.002840399742126465,1.1027220937269395,0.0044172778652610675,delta,0
0.3525657057762146,0.35285669565200806,0.00029098987579345703,1.6228817263713289,0.00044965291897230454,beta,0
0.47642457485198975,0.43075793981552124,-0.045666635036468506,0.8641023593228303,-0.08022357838714335,beta,0
0.3631258010864258,0.3487945795059204,-0.014331221580505371,1.4112790503871284,-0.022007220962061484,beta,0
0.3847593665122986,0.37703096866607666,-0.007728397846221924,1.474846385228629,-0.012405749656084195,beta,0
0.26485687494277954,0.26146143674850464,-0.0033954381942749023,1.6062674345187784,-0.004597509680911069,quiescent_stellate,0
0.32894468307495117,0.31219398975372314,-0.016750693321228027,1.4871887451776735,-0.02435380481079287,beta,0
0.30168020725250244,0.2973884344100952,-0.0042917728424072266,1.2338506725725875,-0.006108315109791713,beta,0
0.4160139560699463,0.3785170316696167,-0.03749692440032959,0.8536974528514498,-0.060334596941675235,schwann,1
0.23212319612503052,0.2438957691192627,0.011772572994232178,1.2093502095892978,0.015570039835009339,endothelial,0
0.3713724613189697,0.3581213355064392,-0.013251125812530518,1.1102526937703237,-0.020644284575162805,beta,0
0.340350866317749,0.33759576082229614,-0.002755105495452881,0.9446744588904027,-0.004159251001885219,beta,0
0.26002657413482666,0.2377724051475525,-0.02225416898727417,0.9365379037080418,-0.02919622582226526,ductal,0
0.3633907437324524,0.36511218547821045,0.0017214417457580566,0.876174995345836,0.002711410908169157,gamma,0
0.25451457500457764,0.2653593420982361,0.010844767093658447,0.7317398400853222,0.014762002316387733,alpha,0
0.36204737424850464,0.35841768980026245,-0.0036296844482421875,0.8698898457582529,-0.005657394835453293,gamma,0
0.31136608123779297,0.31025993824005127,-0.0011061429977416992,1.0495431516022524,-0.001603709946786695,alpha,0
0.31254488229751587,0.3307688236236572,0.018223941326141357,0.4444364728188049,0.027231160127383407,quiescent_stellate,0
0.25890523195266724,0.2706022262573242,0.011696994304656982,0.909825332472403,0.016036509468129477,endothelial,0
0.37581032514572144,0.33487993478775024,-0.04093039035797119,1.0992759784546366,-0.06153834848586276,quiescent_stellate,0
0.37687206268310547,0.36600261926651,-0.010869443416595459,0.7500524046692923,-0.01714430334715308,delta,0
0.3570096492767334,0.32887721061706543,-0.02813243865966797,0.6466324990452424,-0.04191846723836395,beta,0
0.338714599609375,0.3415718078613281,0.002857208251953125,0.6433288589868806,0.00433943790084761,ductal,0
0.20877599716186523,0.2113235592842102,0.0025475621223449707,0.4573610317053669,0.0032301739862203127,endothelial,0
0.3729020953178406,0.3695269227027893,-0.0033751726150512695,1.1727751255811256,-0.0053533968960583905,beta,0
0.4336029887199402,0.44811761379241943,0.014514625072479248,0.9635875945516171,0.0263002143848451,delta,0
0.3273429274559021,0.32910001277923584,0.0017570853233337402,0.7045940147355627,0.0026189974017029748,activated_stellate,0
0.2573496103286743,0.2519322633743286,-0.005417346954345703,0.7286529038835766,-0.00724178665795944,endothelial,0
0.23548316955566406,0.2449953556060791,0.009512186050415039,1.152850432021868,0.012598844419097494,acinar,0
0.286344051361084,0.2722640037536621,-0.014080047607421875,0.8484751297687468,-0.019347741049016067,endothelial,0
0.40622884035110474,0.3999379873275757,-0.006290853023529053,1.068016803943822,-0.010483671505070341,delta,0
0.36348432302474976,0.3574206233024597,-0.006063699722290039,0.6429354324239454,-0.009436499119305225,gamma,0
0.22224211692810059,0.2344936728477478,0.012251555919647217,0.9180696681279593,0.016004512941420135,activated_stellate,0
0.22128349542617798,0.21854060888290405,-0.0027428865432739258,0.9447759433230055,-0.0035099540352992245,endothelial,0
0.36411523818969727,0.34879231452941895,-0.01532292366027832,1.2193899345104044,-0.02353001047462384,beta,0
0.4816538095474243,0.46790480613708496,-0.013749003410339355,0.8166028041793032,-0.02583936778403141,ductal,0
0.3207404613494873,0.320970356464386,0.00022989511489868164,0.5288242156576485,0.0003385641806470324,beta,0
0.320018470287323,0.31124967336654663,-0.008768796920776367,1.7281907454246441,-0.012731459545924893,beta,0
0.3702045679092407,0.3703354001045227,0.00013083219528198242,0.6005122448209501,0.00020778076979982712,alpha,0
0.359035849571228,0.3681418299674988,0.009105980396270752,1.467797947423791,0.014411430963696114,alpha,0
0.38217365741729736,0.3814191222190857,-0.0007545351982116699,1.174818576650571,-0.0012197842275992682,beta,0
0.2830929160118103,0.2673875689506531,-0.015705347061157227,0.3193472040162605,-0.021437456416978754,ductal,0
0.5276379585266113,0.499735951423645,-0.02790200710296631,0.9762786495880921,-0.055774559819698186,beta,0
0.33125853538513184,0.33210498094558716,0.0008464455604553223,1.618327647839973,0.0012673332429603927,alpha,0
0.2628771662712097,0.2626529932022095,-0.00022417306900024414,1.1422764508881096,-0.0003040265532151556,endothelial,0
0.27831971645355225,0.2736663222312927,-0.0046533942222595215,1.0292685270063138,-0.0064066893284567515,endothelial,0
0.3816826343536377,0.37088847160339355,-0.01079416275024414,1.0763298472695197,-0.01715778882284168,beta,0
0.4108840823173523,0.3942081332206726,-0.016675949096679688,0.7714090412919217,-0.027527522258324173,endothelial,0
0.27017951011657715,0.2795454263687134,0.00936591625213623,1.5998271275543943,0.013000009431447523,endothelial,0
0.31813347339630127,0.3294764757156372,0.011343002319335938,1.0107715863628113,0.0169166358949779,alpha,0
0.2582147717475891,0.26016825437545776,0.0019534826278686523,3.0648050131655125,0.0026404417483053325,quiescent_stellate,0
0.3163360357284546,0.3034043312072754,-0.0129317045211792,0.6272096586875535,-0.018564147181091777,ductal,0
0.3526001572608948,0.3370134234428406,-0.0155867338180542,0.848896998101915,-0.023509878433730834,beta,0
0.321072518825531,0.301885724067688,-0.019186794757843018,1.0203731977542025,-0.027483745024723342,quiescent_stellate,0
0.3778879642486572,0.349435031414032,-0.028452932834625244,0.9732329746501502,-0.04373572849529381,epsilon,1
0.3884115219116211,0.3796735405921936,-0.00873798131942749,1.0095281460083099,-0.01408610125669827,delta,0
0.33132970333099365,0.27227938175201416,-0.05905032157897949,0.06957731112277529,-0.08114421949613757,macrophage,0
0.39664649963378906,0.3960687518119812,-0.0005777478218078613,0.8532705187606624,-0.0009566450213352665,gamma,0
0.3631051778793335,0.3673427700996399,0.0042375922203063965,1.206433981199229,0.006698085503541614,ductal,0
0.4204469919204712,0.4292740821838379,0.0088270902633667,1.5483754992715402,0.0154664261562588,alpha,0
0.31251174211502075,0.30799776315689087,-0.004513978958129883,0.8331164998595834,-0.006523069894575056,beta,0
0.35101598501205444,0.35147732496261597,0.00046133995056152344,0.8805926109288138,0.0007113705785768084,alpha,0
0.2641044855117798,0.2622036933898926,-0.001900792121887207,1.2469850400602418,-0.0025763101615683356,endothelial,0
0.3464992642402649,0.3354310989379883,-0.011068165302276611,0.8339555937103988,-0.016654654294820558,beta,0
0.40942853689193726,0.40830785036087036,-0.0011206865310668945,1.3391024835664767,-0.0018940365048790932,gamma,0
0.36514317989349365,0.36707615852355957,0.001932978630065918,1.2974536217781054,0.0030540461638430315,beta,0
0.3972127437591553,0.4012128710746765,0.00400012731552124,1.2065666172273202,0.006680382931243848,beta,0
0.28620338439941406,0.3041713833808899,0.01796799898147583,0.5714973584197438,0.025822449023121075,quiescent_stellate,0
0.3587380647659302,0.3624143600463867,0.003676295280456543,1.0991859566622426,0.0057659631115970665,alpha,0
0.38218700885772705,0.37762928009033203,-0.0045577287673950195,1.1330472008728258,-0.007323173506710818,beta,0
0.3976116180419922,0.39352917671203613,-0.004082441329956055,0.5723381162180555,-0.0067314719409306755,gamma,0
0.46997666358947754,0.4566965699195862,-0.013280093669891357,0.8010126766412298,-0.024443235464067996,alpha,0
0.38440144062042236,0.37641286849975586,-0.007988572120666504,0.8093676932718434,-0.012810675071897914,alpha,0
0.3697555661201477,0.3694058656692505,-0.0003497004508972168,1.317198258160207,-0.0005545570944270746,beta,0
0.25472044944763184,0.26052600145339966,0.005805552005767822,0.687720601544791,0.007850921083335382,endothelial,0
0.4646235704421997,0.4484419822692871,-0.016181588172912598,1.143583983959077,-0.02933796201438401,beta,0
0.3061220645904541,0.2953824996948242,-0.010739564895629883,0.46780723656794504,-0.01524169480743593,quiescent_stellate,0
0.3280121088027954,0.333370566368103,0.005358457565307617,2.521543040449441,0.008038135274216648,endothelial,0
0.4134247303009033,0.4069374203681946,-0.00648730993270874,1.3137036418237136,-0.010938660025955938,beta,0
0.3785494565963745,0.3622296452522278,-0.01631981134414673,0.9436071600977629,-0.025588852198376245,beta,0
0.40430736541748047,0.3960753083229065,-0.008232057094573975,0.8734021799150488,-0.013630933141206109,beta,0
0.33915919065475464,0.3544713854789734,0.01531219482421875,0.9398528888900706,0.023720396710191056,beta,0
0.2794962525367737,0.2844146490097046,0.004918396472930908,1.6137530440169827,0.0068732492443065825,ductal,0
0.4233464002609253,0.4256206154823303,0.0022742152214050293,1.5826263771295312,0.003959430443895166,beta,0
0.3305942416191101,0.32708632946014404,-0.0035079121589660645,0.9691592577235882,-0.005213019607926504,alpha,0
0.26314234733581543,0.2659503221511841,0.0028079748153686523,3.1683795965605124,0.0038253198660853846,quiescent_stellate,0
0.30490201711654663,0.30002301931381226,-0.004878997802734375,1.3203004669487306,-0.006970226075079628,beta,0
0.322870135307312,0.31953173875808716,-0.0033383965492248535,1.4779051089005628,-0.004906028303409764,endothelial,0
0.34897303581237793,0.35816627740859985,0.009193241596221924,2.8159184963173756,0.014323400707435971,beta,0
0.28605520725250244,0.28264832496643066,-0.0034068822860717773,0.4746269574646836,-0.004749249781722958,ductal,0
0.2705512046813965,0.2759835720062256,0.0054323673248291016,0.882149414773343,0.007503099535851709,ductal,0
0.4312170743942261,0.42435187101364136,-0.006865203380584717,1.0768158895976971,-0.011926041334788052,beta,0
0.2876778841018677,0.2918241024017334,0.004146218299865723,0.6791886699210682,0.005854785956324351,activated_stellate,0
0.2993518114089966,0.2962538003921509,-0.003098011016845703,1.1068913906851385,-0.004402170865820687,beta,0
0.2985929250717163,0.30747318267822266,0.008880257606506348,1.5072771896566497,0.012822980113389896,ductal,0
0.3521440029144287,0.34922367334365845,-0.0029203295707702637,1.546915029967886,-0.004487455138042253,beta,0
0.35126715898513794,0.36552679538726807,0.014259636402130127,0.8273767838400141,0.022474765361972827,endothelial,0
0.3554309010505676,0.33407270908355713,-0.021358191967010498,1.1098313853334387,-0.032072858791562,beta,0
0.4157649278640747,0.39722222089767456,-0.018542706966400146,1.1729671057818556,-0.03076209443887347,beta,0
0.3191187381744385,0.31609463691711426,-0.0030241012573242188,0.7014071882670556,-0.004421812462022927,acinar,0
0.321849524974823,0.32973963022232056,0.007890105247497559,0.8481116654586375,0.011771701868804581,alpha,0
0.4089930057525635,0.32840096950531006,-0.08059203624725342,0.6709914841495205,-0.12000022720087984,schwann,1
0.3468213677406311,0.3435326814651489,-0.0032886862754821777,0.7874430606708018,-0.0050096725040663015,beta,0
0.3789050579071045,0.3718198537826538,-0.007085204124450684,0.7280989872910076,-0.011278936730355132,beta,0
0.2778691053390503,0.28144848346710205,0.003579378128051758,1.0806156133543,0.004981379964686054,quiescent_stellate,0
0.36743754148483276,0.365390419960022,-0.002047121524810791,1.6828443238925064,-0.003225796756301457,beta,0
0.32967090606689453,0.323788046836853,-0.005882859230041504,1.2535497381365193,-0.008699726768394124,gamma,0
0.27260828018188477,0.27360546588897705,0.0009971857070922852,0.6716038120844036,0.0013727880101860378,endothelial,0
0.3130197525024414,0.31371355056762695,0.0006937980651855469,1.6064304534946292,0.0010109453068166895,beta,0
0.5452476143836975,0.40300774574279785,-0.14223986864089966,0.3366774258676497,-0.23826082771857615,mast,1
0.39223015308380127,0.39421898126602173,0.001988828182220459,1.2378769279298532,0.0032830810486220103,beta,0
0.3458143472671509,0.3444329500198364,-0.0013813972473144531,0.8524752965713499,-0.0021071791929692806,gamma,0
0.36493438482284546,0.3697068691253662,0.004772484302520752,0.7230114331252173,0.007571848825161964,quiescent_stellate,0
0.4061581492424011,0.41791003942489624,0.011751890182495117,1.6262965846763127,0.020189130509800018,beta,0
0.38775843381881714,0.38554710149765015,-0.002211332321166992,1.0912800558477804,-0.003598863845474293,beta,0
0.37030988931655884,0.36381059885025024,-0.006499290466308594,1.9250294422999905,-0.01021596784630927,beta,0
0.2932082414627075,0.29074662923812866,-0.0024616122245788574,0.7319093493610641,-0.0034707092360162116,endothelial,0
0.32936716079711914,0.31031274795532227,-0.019054412841796875,0.8118522781144906,-0.027627613509322246,beta,0
0.3853257894515991,0.3882148265838623,0.0028890371322631836,1.77086042952412,0.004722306551058003,alpha,0
0.27636992931365967,0.26975053548812866,-0.006619393825531006,2.1154938694751384,-0.009064565120846312,quiescent_stellate,0
0.280007541179657,0.2817206382751465,0.001713097095489502,0.5166958840880871,0.002385001138520428,activated_stellate,0
0.34924089908599854,0.33222639560699463,-0.017014503479003906,1.1035399209643044,-0.02547944897353317,beta,0
0.34686481952667236,0.34682953357696533,-3.528594970703125e-05,1.228552371006026,-5.402257377047086e-05,alpha,0
0.2886018753051758,0.2748570442199707,-0.013744831085205078,1.0896004853337449,-0.01895465021847988,endothelial,0
0.2879565358161926,0.2862858772277832,-0.0016706585884094238,0.8579135669655321,-0.0023407951939079363,quiescent_stellate,0
0.32576984167099,0.3299083709716797,0.004138529300689697,0.5847604376773792,0.006176064766979486,endothelial,0
0.28916454315185547,0.29817235469818115,0.009007811546325684,0.9560338809115874,0.01283479157115833,endothelial,0
0.2802077531814575,0.2866751551628113,0.00646740198135376,1.5125629669219949,0.009066559265617473,endothelial,0
0.29247963428497314,0.310763418674469,0.01828378438949585,0.7293584770472464,0.026527588472354018,endothelial,0
0.3156011700630188,0.31506747007369995,-0.0005336999893188477,0.5930267586242803,-0.0007792008205191754,ductal,0
0.40010470151901245,0.3869590163230896,-0.013145685195922852,1.1248361898371013,-0.021443403534095514,beta,0
0.31320202350616455,0.3126893639564514,-0.0005126595497131348,0.7302807811358067,-0.0007458920651428014,ductal,0
0.29882311820983887,0.29601359367370605,-0.0028095245361328125,1.3968509994412306,-0.0039908789585783744,quiescent_stellate,0
0.3752968907356262,0.3857790231704712,0.01048213243484497,1.2297571934878042,0.017065735020890024,beta,0
0.30231326818466187,0.2841825485229492,-0.018130719661712646,1.4989555211182286,-0.0253286918673202,endothelial,0
0.28056174516677856,0.2701369524002075,-0.010424792766571045,1.0714326548561692,-0.014283217654125293,endothelial,0
0.431399941444397,0.4308972954750061,-0.0005026459693908691,0.5011192551561209,-0.0008832254097446376,alpha,0
0.3538733720779419,0.349279522895813,-0.004593849182128906,0.7911030769226313,-0.007059635194780237,quiescent_stellate,0
0.3609066605567932,0.3486776351928711,-0.01222902536392212,0.33324687671524056,-0.01877568777719372,alpha,0
0.2911107540130615,0.28754866123199463,-0.0035620927810668945,0.6299643754479375,-0.004999769931272197,acinar,0
0.3497154712677002,0.35287249088287354,0.00315701961517334,1.5840028608233099,0.004878512458047796,gamma,0
0.2928963899612427,0.29540228843688965,0.0025058984756469727,1.1595058941932224,0.0035564953370168886,endothelial,0
0.36947333812713623,0.3666311502456665,-0.0028421878814697266,1.9440370252853478,-0.004487413428324007,beta,0
0.29953551292419434,0.30967456102371216,0.010139048099517822,0.8440988038021504,0.014687345311442435,quiescent_stellate,0
0.30458343029022217,0.3059145212173462,0.0013310909271240234,1.0991702435984336,0.001917762246601966,activated_stellate,0
0.4156123399734497,0.3895503282546997,-0.02606201171875,0.7151568585090572,-0.04269313741170121,beta,0
0.379921555519104,0.379430890083313,-0.0004906654357910156,1.1501733078042904,-0.000790670092903736,beta,0
0.2957289218902588,0.2915771007537842,-0.004151821136474609,1.1793208004470452,-0.005860653489451396,endothelial,0
0.36370790004730225,0.3669452667236328,0.0032373666763305664,1.4779286320600977,0.005113881164075046,alpha,0
0.3553439974784851,0.35201406478881836,-0.003329932689666748,1.0973460030348596,-0.0051388965542616405,quiescent_stellate,0
0.33251506090164185,0.32096797227859497,-0.011547088623046875,0.8117515667170309,-0.01700521941769799,quiescent_stellate,0
0.3593026399612427,0.36188799142837524,0.0025853514671325684,1.6066611813389347,0.004051563726123446,quiescent_stellate,0
0.2882802486419678,0.28553420305252075,-0.0027460455894470215,1.9253243816979,-0.0038434948197371647,quiescent_stellate,0
0.3493117690086365,0.3480947017669678,-0.0012170672416687012,1.266914559217568,-0.001866938717889733,endothelial,0
0.40604692697525024,0.406940221786499,0.0008932948112487793,0.6245098014960742,0.0015062475049980443,beta,0
0.3454681634902954,0.33052247762680054,-0.014945685863494873,1.4739859324113198,-0.022324402782806826,quiescent_stellate,0
0.4018861651420593,0.38558101654052734,-0.016305148601531982,1.1804251101997,-0.026537507857791437,beta,0
0.31154823303222656,0.30909907817840576,-0.0024491548538208008,1.073184735778809,-0.003544871307109395,quiescent_stellate,0
0.3273918032646179,0.32924896478652954,0.001857161521911621,1.522069314031666,0.0027687792107850694,quiescent_stellate,0
0.36709702014923096,0.36144018173217773,-0.005656838417053223,0.9094334477452128,-0.008858744717759008,beta,0
0.3481113910675049,0.34225940704345703,-0.0058519840240478516,1.5507665213712336,-0.008897100295639641,beta,0
0.43635106086730957,0.4405550956726074,0.0042040348052978516,1.264011596370906,0.007514653852021878,beta,0
0.4188641309738159,0.4111555814743042,-0.007708549499511719,0.6613568467383389,-0.013090978290686364,beta,0
0.37688589096069336,0.3743109703063965,-0.002574920654296875,1.012265931322169,-0.004115336104834377,beta,0
0.29651421308517456,0.2920066714286804,-0.004507541656494141,0.9266256770860489,-0.006366644252976283,endothelial,0
0.3601924180984497,0.3608452081680298,0.0006527900695800781,1.2437323609053168,0.0010213332950364433,alpha,0
0.4315584897994995,0.4340331554412842,0.002474665641784668,1.2149552127061958,0.0043724569125849835,beta,0
0.3434765338897705,0.3629864454269409,0.01950991153717041,1.5814812145947565,0.03062715290296514,endothelial,0
0.302609920501709,0.3093746304512024,0.006764709949493408,0.9203824665441839,0.009795049889222805,endothelial,0
0.35109519958496094,0.3649812340736389,0.013886034488677979,0.6664573671305977,0.021867124617051474,activated_stellate,0
0.3677027225494385,0.3646707534790039,-0.0030319690704345703,1.3289374111466516,-0.004772280021795551,alpha,0
0.3351939916610718,0.32975560426712036,-0.005438387393951416,0.9648190884126129,-0.008114036355357816,beta,0
0.3505287766456604,0.3505767583847046,4.798173904418945e-05,0.9079102390886042,7.388361852410083e-05,beta,0
0.33861076831817627,0.35000038146972656,0.011389613151550293,0.9701868661964901,0.017522492055154687,acinar,0
0.41036421060562134,0.4145216941833496,0.0041574835777282715,1.6238227635910762,0.007101003634847296,quiescent_stellate,0
0.32002246379852295,0.3244430422782898,0.004420578479766846,1.4627321671446887,0.00654360587843707,endothelial,0
0.3587855100631714,0.3465917110443115,-0.012193799018859863,1.269028899975529,-0.018661837054973138,endothelial,0
0.40767568349838257,0.4194779396057129,0.011802256107330322,0.692702517464723,0.02033041793332419,endothelial,0
0.4181227684020996,0.41393065452575684,-0.0041921138763427734,0.8493985836436173,-0.007152931489618425,delta,0
0.3015885353088379,0.2947291135787964,-0.006859421730041504,1.4116235032988975,-0.009725939156298737,endothelial,0
0.37634533643722534,0.38179999589920044,0.005454659461975098,2.321232363476933,0.008823454263655581,alpha,0
0.40492933988571167,0.3857303857803345,-0.019198954105377197,0.5419092313758364,-0.03125493050761838,beta,0
0.4037502408027649,0.39657992124557495,-0.007170319557189941,0.4449342753366627,-0.011882799080850704,quiescent_stellate,0
0.514702320098877,0.4928285479545593,-0.021873772144317627,0.1657446906424941,-0.04312894989672608,endothelial,0
0.36495912075042725,0.3688192367553711,0.0038601160049438477,1.7770029111283328,0.006115706038157201,quiescent_stellate,0
0.4106000065803528,0.41288983821868896,0.0022898316383361816,0.7112383282899594,0.003900173744887602,alpha,0
0.38773131370544434,0.3736279010772705,-0.014103412628173828,0.7238761382392693,-0.02251602945346653,quiescent_stellate,0
0.19847095012664795,0.19274628162384033,-0.005724668502807617,0.8524640017208349,-0.0070915356256557585,acinar,0
0.1751055121421814,0.16630542278289795,-0.008800089359283447,0.9029353535100504,-0.010555531485713166,acinar,0
0.24460279941558838,0.24503332376480103,0.0004305243492126465,1.5101488461613788,0.0005702560957518644,delta,0
0.2151544690132141,0.21381181478500366,-0.0013426542282104492,1.342962446693071,-0.0017078026017947317,acinar,0
0.157401442527771,0.15739381313323975,-7.62939453125e-06,0.3572232363393547,-9.054519952695793e-06,activated_stellate,0
0.1832900047302246,0.18040436506271362,-0.0028856396675109863,0.9469202614837565,-0.0035208089751866344,acinar,0
0.15007591247558594,0.17404741048812866,0.023971498012542725,0.6575881445648395,0.02902284987896171,acinar,0
0.23847174644470215,0.23210525512695312,-0.0063664913177490234,1.3531483542973373,-0.00829083850391706,delta,0
0.27447545528411865,0.28031665086746216,0.005841195583343506,1.7041918501826694,0.008116341152513983,delta,0
0.22732210159301758,0.2236924171447754,-0.0036296844482421875,2.075102346466915,-0.00467557515655376,delta,0
0.16669833660125732,0.1790943145751953,0.012395977973937988,0.912528601966346,0.015100368037435728,acinar,0
0.19585776329040527,0.19878602027893066,0.0029282569885253906,2.6656733417093426,0.0036547752069238976,beta,0
0.13810324668884277,0.14593631029129028,0.00783306360244751,0.4841323562614636,0.009171521628696198,activated_stellate,0
0.29011428356170654,0.2803887128829956,-0.009725570678710938,1.9530538739208174,-0.013515033536612134,delta,0
0.33219003677368164,0.32984697818756104,-0.0023430585861206055,2.0621840411819905,-0.0034963038438352006,delta,0
0.24669981002807617,0.25855350494384766,0.011853694915771484,3.7007705683598475,0.015987255985172286,delta,0
0.26156383752822876,0.2537505626678467,-0.00781327486038208,2.0623387239061017,-0.010470057958522004,delta,0
0.20630288124084473,0.2096673846244812,0.0033645033836364746,0.7976325470021691,0.004257072678239229,beta,0
0.2849454879760742,0.2648926377296448,-0.020052850246429443,1.1449122935796652,-0.0272788048054598,delta,0
0.1726105809211731,0.18162447214126587,0.009013891220092773,1.9168893881757878,0.011014370436610525,acinar,0
0.13264882564544678,0.14050167798995972,0.00785285234451294,0.9067425768851913,0.009136553432877099,activated_stellate,0
0.1654987335205078,0.16692829132080078,0.0014295578002929688,0.5704934604341291,0.001716008100382467,activated_stellate,0
0.33415186405181885,0.3536120653152466,0.019460201263427734,1.1605285923605215,0.030106071322198443,delta,0
0.2503011226654053,0.2472062110900879,-0.003094911575317383,2.0077948945206923,-0.004111234206380727,beta,0
0.19412630796432495,0.21825683116912842,0.024130523204803467,1.1099108133863733,0.030867584351126007,acinar,0
0.2520766854286194,0.2445218563079834,-0.007554829120635986,2.868847288046279,-0.010000063117267149,delta,0
0.21821916103363037,0.22174525260925293,0.0035260915756225586,1.7859901037003807,0.004530767833340533,beta,0
0.22656619548797607,0.2307814359664917,0.004215240478515625,1.987189876438329,0.005479899570302106,delta,0
0.21242207288742065,0.21127426624298096,-0.0011478066444396973,0.8932858154988762,-0.0014552671420675358,ductal,0
0.22066527605056763,0.2438327670097351,0.02316749095916748,0.9734139532656791,0.030638051939319812,acinar,0
0.17279785871505737,0.17831522226333618,0.005517363548278809,0.6951127512553602,0.006714696070525272,acinar,0
0.25570452213287354,0.2563973665237427,0.0006928443908691406,0.6432303780537137,0.0009317400983777751,delta,0
0.2442479133605957,0.24518978595733643,0.0009418725967407227,1.9584372729629531,0.0012478270421066213,beta,0
0.24212074279785156,0.2397904396057129,-0.002330303192138672,1.471294358012493,-0.0030653431810697654,beta,0
0.26069754362106323,0.2521620988845825,-0.008535444736480713,1.4674230728904287,-0.011413495790665196,beta,0
0.25473177433013916,0.25044864416122437,-0.004283130168914795,1.4959344089980304,-0.0057142584501389026,delta,0
0.2152981162071228,0.2254968285560608,0.010198712348937988,1.142409942488592,0.013168070480491506,beta,0
0.24851065874099731,0.24957340955734253,0.0010627508163452148,1.1369352772728747,0.0014161955744642861,beta,0
0.25232023000717163,0.2528008222579956,0.0004805922508239746,1.3904667638365307,0.0006431916216453803,beta,0
0.26632440090179443,0.2731327414512634,0.006808340549468994,1.548972680204729,0.009366690368008223,delta,0
0.2630244493484497,0.26481562852859497,0.0017911791801452637,2.027985520918595,0.0024363673245125987,delta,0
0.27519863843917847,0.2689779996871948,-0.006220638751983643,1.5167339699537306,-0.00850950963079336,delta,0
0.18377834558486938,0.18153846263885498,-0.0022398829460144043,0.7350007904462337,-0.0027366990918548917,acinar,0
0.20610737800598145,0.20740282535552979,0.0012954473495483398,0.3998865391858538,0.0016344334688417601,ductal,0
0.28414297103881836,0.28217530250549316,-0.0019676685333251953,1.8485114332112231,-0.0027411546860858084,delta,0
0.1589266061782837,0.16211426258087158,0.0031876564025878906,0.6782661797256163,0.0038044046583327346,activated_stellate,0
0.2362133264541626,0.23720014095306396,0.0009868144989013672,1.145411132675249,0.0012936742019516384,beta,0
0.3401169180870056,0.3756113052368164,0.03549438714981079,4.897086013316395,0.05684662045854787,activated_stellate,0
0.24530595541000366,0.24054878950119019,-0.0047571659088134766,1.2965072866772527,-0.006263951973542785,alpha,0
0.2782003879547119,0.2750301957130432,-0.003170192241668701,1.0546051608409486,-0.004372861080451123,delta,0
0.23346972465515137,0.23161906003952026,-0.0018506646156311035,1.6161197445505762,-0.0024085248857504053,beta,0
0.2292158603668213,0.22301197052001953,-0.006203889846801758,0.9405725437797021,-0.007984537227624823,beta,0
0.21014553308486938,0.2084476351737976,-0.0016978979110717773,0.9468961584656596,-0.0021450228519556973,beta,0
0.2486305832862854,0.2666141986846924,0.017983615398406982,0.9023470616407916,0.02452135747127072,acinar,0
0.3152717351913452,0.3081507086753845,-0.007121026515960693,1.215359024870897,-0.010292742372152709,delta,0
0.19192761182785034,0.19239020347595215,0.00046259164810180664,0.41316045827805414,0.0005727910311301334,ductal,0
0.2621399164199829,0.347029447555542,0.08488953113555908,0.2884083843687914,0.13000514466964394,macrophage,0
0.29455888271331787,0.2867850661277771,-0.0077738165855407715,1.4229394598520244,-0.010899682853434896,delta,0
0.22895777225494385,0.2501542568206787,0.021196484565734863,2.2684675503947482,0.028267793420900765,beta,0
0.2404058575630188,0.24167966842651367,0.001273810863494873,0.9086546464989792,0.0016797793893403375,beta,0
0.25098907947540283,0.25601422786712646,0.005025148391723633,0.7738050068431248,0.006754360876172988,delta,0
0.2810590863227844,0.28126728534698486,0.00020819902420043945,2.395776713825346,0.0002896751740331625,delta,0
0.2354305386543274,0.22788500785827637,-0.007545530796051025,0.9906225517564934,-0.009772547966101433,beta,0
0.2626456022262573,0.257620632648468,-0.005024969577789307,1.858647900320177,-0.006768735499366161,delta,0
0.22790443897247314,0.23029577732086182,0.002391338348388672,1.276577298166675,0.0031068276331719363,beta,0
0.2737271189689636,0.28459393978118896,0.010866820812225342,1.1917709445015943,0.015189724292944433,delta,0
0.15972059965133667,0.17287617921829224,0.013155579566955566,0.5807137656646151,0.015905211815230202,acinar,0
0.2623264193534851,0.2531050443649292,-0.009221374988555908,1.183389896885237,-0.01234628098500832,delta,0
0.24580597877502441,0.22779864072799683,-0.018007338047027588,2.704821412904948,-0.023319485042093295,beta,0
0.22095775604248047,0.2065163254737854,-0.014441430568695068,1.5211932200731646,-0.01820003489966946,acinar,0
0.20969635248184204,0.206556499004364,-0.0031398534774780273,0.7143373014722947,-0.00395724897051655,beta,0
0.23846304416656494,0.2434588074684143,0.004995763301849365,1.3734695620026007,0.006603425366875567,beta,0
0.2784261107444763,0.2742551565170288,-0.00417095422744751,1.0521624964709058,-0.0057471358768880825,ductal,0
0.27158355712890625,0.2692798376083374,-0.0023037195205688477,1.095676991857243,-0.003152669981116608,delta,0
0.25711023807525635,0.25543564558029175,-0.0016745924949645996,2.7151163855279514,-0.0022490903372210562,delta,0
0.23509931564331055,0.24386942386627197,0.008770108222961426,1.3680013955690453,0.011598668933354123,beta,0
0.26717913150787354,0.26697850227355957,-0.00020062923431396484,1.4481092679589394,-0.00027370170579749976,delta,0
0.3224971890449524,0.33128035068511963,0.008783161640167236,1.0225159084413709,0.013134295738379754,delta,0
0.21877151727676392,0.21845299005508423,-0.0003185272216796875,1.4589627639245686,-0.0004075599005901611,beta,0
0.21695828437805176,0.21586519479751587,-0.0010930895805358887,1.8066716562839964,-0.001394007220803857,alpha,0
0.22878187894821167,0.2279036045074463,-0.0008782744407653809,1.6084203636222623,-0.001137519156795301,beta,0
0.20608550310134888,0.20857149362564087,0.002485990524291992,0.7753524455421621,0.0031411435199379546,acinar,0
0.28285932540893555,0.26146960258483887,-0.02138972282409668,0.6380179740647424,-0.028962549001314234,alpha,0
0.2094895839691162,0.2059190273284912,-0.003570556640625,1.181039539697021,-0.004496464168651034,alpha,0
0.2597236633300781,0.2520484924316406,-0.0076751708984375,1.098926089458059,-0.01026158891421985,beta,0
0.19532257318496704,0.19609570503234863,0.0007731318473815918,1.3112695204603473,0.0009617212549072177,beta,0
0.23470646142959595,0.23597866296768188,0.0012722015380859375,0.8931212116190597,0.001665138755191759,beta,0
0.19686949253082275,0.19598370790481567,-0.0008857846260070801,1.5746885886070445,-0.0011016998470252583,beta,0
0.24585527181625366,0.2413628101348877,-0.004492461681365967,1.71834092762287,-0.00592175250749932,beta,0
0.2454395890235901,0.24751430749893188,0.002074718475341797,0.9764419916712144,0.002757153386459706,beta,0
0.2725220322608948,0.2657700181007385,-0.00675201416015625,0.8289365686057593,-0.009196048004864293,beta,0
0.23902451992034912,0.23326390981674194,-0.005760610103607178,0.767685441544545,-0.007513158930904545,beta,0
0.2785453200340271,0.2719454765319824,-0.006599843502044678,1.61393734005462,-0.00906504017117696,delta,0
0.20086640119552612,0.18808668851852417,-0.012779712677001953,0.9561758594704808,-0.015740242826765782,beta,0
0.2309412956237793,0.23456251621246338,0.003621220588684082,1.7669535188610972,0.0047309161954880545,beta,0
0.26786136627197266,0.2626487612724304,-0.005212604999542236,1.9391811432412385,-0.007069364945446503,delta,0
0.2322039008140564,0.22853827476501465,-0.003665626049041748,0.7016207601460486,-0.004751533263591538,beta,0
0.24505746364593506,0.24256110191345215,-0.00249636173248291,1.6737795655083234,-0.003295792886778395,beta,0
0.2364746332168579,0.24347394704818726,0.006999313831329346,0.7854070158807293,0.009251913802597317,beta,0
0.26079678535461426,0.2748810648918152,0.014084279537200928,1.6473174349157884,0.019423406085926593,alpha,0
0.2995387315750122,0.2925148606300354,-0.007023870944976807,0.5069754174455271,-0.009927941315109122,delta,0
0.26482611894607544,0.2717631459236145,0.0069370269775390625,1.0273954802622067,0.009525784006547177,alpha,0
0.2585185170173645,0.25571995973587036,-0.0027985572814941406,1.674360834272585,-0.0037600864326564373,beta,0
0.277262806892395,0.2704136371612549,-0.006849169731140137,0.8676143573130092,-0.009387743631186753,delta,0
0.2501901388168335,0.2470097541809082,-0.003180384635925293,1.6973265853775028,-0.0042236730868481795,beta,0
0.2725924253463745,0.26058489084243774,-0.012007534503936768,0.49689544039172856,-0.016239233355154606,activated_stellate,0
0.22709274291992188,0.22256839275360107,-0.004524350166320801,1.519654271584581,-0.0058196118142735285,beta,0
0.2862469553947449,0.2824774980545044,-0.0037694573402404785,2.038787198978019,-0.005253434324386964,beta,0
0.28615134954452515,0.28422409296035767,-0.0019272565841674805,1.6278345715751796,-0.0026925418489403582,delta,0
0.28255945444107056,0.2819138169288635,-0.0006456375122070312,1.665270393223293,-0.0008991086688867147,delta,0
0.25271445512771606,0.23748517036437988,-0.015229284763336182,0.6481396494624716,-0.019972444038385113,ductal,0
0.2098606824874878,0.21182680130004883,0.001966118812561035,0.8523747371721254,0.002494526350051031,acinar,0
0.18697261810302734,0.20106571912765503,0.014093101024627686,0.6596656600153412,0.017639875221325624,acinar,0
0.25721776485443115,0.2591422200202942,0.0019244551658630371,1.4175730858491655,0.0025976040447543837,delta,0
0.1929314136505127,0.18862849473953247,-0.004302918910980225,0.6779564067035659,-0.0053032659923137136,ductal,0
0.2750985026359558,0.2838965654373169,0.008798062801361084,1.58247334150552,0.012286022349179165,delta,0
0.23261910676956177,0.24513596296310425,0.01251685619354248,0.7488852738267917,0.01658160354634922,beta,0
0.18623971939086914,0.17844367027282715,-0.007796049118041992,1.188250226791758,-0.00948936650592291,ductal,0
0.30046141147613525,0.2980283498764038,-0.0024330615997314453,1.1512277576943584,-0.003466039688786657,beta,0
0.2361973524093628,0.23321157693862915,-0.0029857754707336426,0.9495014657350491,-0.003893871348256744,beta,0
0.23631048202514648,0.23441755771636963,-0.0018929243087768555,0.8207563278270696,-0.0024725283708577676,beta,0
0.2471943497657776,0.24421560764312744,-0.0029787421226501465,1.9356101926630183,-0.003941259111426079,beta,0
0.22739177942276,0.22070670127868652,-0.006685078144073486,1.6292564554072906,-0.008578385256286115,alpha,0
0.27078473567962646,0.2710973620414734,0.00031262636184692383,1.3366408724960732,0.0004289000280236491,beta,0
0.2778196334838867,0.2882917523384094,0.010472118854522705,1.064788036311234,0.014714061399358803,beta,0
0.22333413362503052,0.2196294069290161,-0.0037047266960144043,1.0125786603992395,-0.004747394031642369,beta,0
0.21488893032073975,0.21782159805297852,0.0029326677322387695,1.8321781308849063,0.003749359129501258,beta,0
0.23082613945007324,0.23974227905273438,0.008916139602661133,1.4172964623455018,0.011727785666618163,beta,0
0.20300722122192383,0.20074009895324707,-0.002267122268676758,1.263564442971282,-0.0028365269741514806,alpha,0
0.21903342008590698,0.21483111381530762,-0.004202306270599365,1.4896349665136672,-0.005352104935053262,acinar,0
0.22808301448822021,0.22704416513442993,-0.0010388493537902832,0.7842649774349131,-0.001343995745851322,beta,0
0.23575937747955322,0.22445005178451538,-0.011309325695037842,1.9194318040122087,-0.014582330539844965,beta,0
0.23706203699111938,0.23141729831695557,-0.005644738674163818,0.7749164117321065,-0.007344347799921797,beta,0
0.23474246263504028,0.2372971773147583,0.0025547146797180176,1.0268848284410832,0.003349554510266075,beta,0
0.27471208572387695,0.2676270008087158,-0.007085084915161133,1.646505232390191,-0.009674148177205836,delta,0
0.2589103579521179,0.25518500804901123,-0.0037253499031066895,0.9228512601267782,-0.005001711758444075,beta,0
0.2709473967552185,0.26749563217163086,-0.0034517645835876465,1.1719750205123902,-0.0047122784998825,beta,0
0.28503918647766113,0.27552342414855957,-0.009515762329101562,1.9051526932922227,-0.013134672184422486,beta,0
0.20271575450897217,0.21890002489089966,0.01618427038192749,0.47243457338021677,0.020719844959240907,activated_stellate,0
0.24769693613052368,0.24272191524505615,-0.004975020885467529,0.718582294046403,-0.006569608952934974,beta,0
0.3067164421081543,0.3056560754776001,-0.0010603666305541992,1.1108448300946376,-0.0015271490008119041,delta,0
0.2702385187149048,0.263325572013855,-0.006912946701049805,1.7765653864592892,-0.009383991677229524,beta,0
0.21199804544448853,0.22048544883728027,0.008487403392791748,1.2889437502268626,0.010888062807977071,acinar,0
0.27621716260910034,0.2718908190727234,-0.004326343536376953,0.9587505791937663,-0.005941888455337397,beta,0
0.21226173639297485,0.21633601188659668,0.004074275493621826,1.5445568456963275,0.00519900819154681,beta,0
0.13784706592559814,0.1600293517112732,0.02218228578567505,0.7451171829298905,0.026408405854260558,activated_stellate,0
0.27754300832748413,0.2731891870498657,-0.004353821277618408,1.859363004576368,-0.00599030889475377,alpha,0
0.23483532667160034,0.23466819524765015,-0.0001671314239501953,1.8239264288474621,-0.000218377732262514,beta,0
0.25293368101119995,0.25453728437423706,0.0016036033630371094,1.2336253676115962,0.0021511516665068866,beta,0
0.3099634647369385,0.2918807864189148,-0.01808267831802368,1.0586201721385176,-0.025536206292971986,quiescent_stellate,0
0.16788101196289062,0.17536145448684692,0.007480442523956299,0.7712301416735177,0.009071177383906299,activated_stellate,0
0.19011038541793823,0.20013129711151123,0.010020911693572998,2.4104767666202447,0.012528195761861222,acinar,0
0.2691209316253662,0.26180344820022583,-0.007317483425140381,1.3169198222513017,-0.009912649154618577,beta,0
0.2294880747795105,0.2315654754638672,0.0020774006843566895,1.3531900741168164,0.002703419247867236,alpha,0
0.29703348875045776,0.2948427200317383,-0.0021907687187194824,0.8877348540906818,-0.003106780261586587,delta,0
0.25651776790618896,0.259793221950531,0.003275454044342041,1.6529651632681002,0.004425052757518979,acinar,0
0.3106800317764282,0.31256699562072754,0.0018869638442993164,1.2718661753482852,0.0027449421722240083,beta,0
0.24591481685638428,0.24238276481628418,-0.0035320520401000977,1.8985874623351955,-0.004662053443443119,beta,0
0.23922979831695557,0.24103301763534546,0.0018032193183898926,0.8599725611728113,0.002375886382793283,beta,0
0.23314541578292847,0.22055679559707642,-0.01258862018585205,0.9038632222224317,-0.01615078573363829,beta,0
0.17753469944000244,0.17345041036605835,-0.004084289073944092,0.6711034696602067,-0.004941372090878325,ductal,0
0.23344063758850098,0.2212105393409729,-0.012230098247528076,0.7051956364140842,-0.015703985307118466,beta,0
0.17220622301101685,0.18691480159759521,0.01470857858657837,1.8367437231531163,0.01808983685286438,acinar,0
0.2612385153770447,0.25627201795578003,-0.0049664974212646484,0.7634827394427137,-0.006677841282257085,beta,0
0.26512348651885986,0.26349616050720215,-0.0016273260116577148,1.5110531906350544,-0.0022095282120706827,beta,0
0.31548064947128296,0.3055550456047058,-0.009925603866577148,1.5447159644063142,-0.014292859072206988,beta,0
0.25416654348373413,0.2572094798088074,0.003042936325073242,1.0170396124434153,0.0040966278410365245,beta,0
0.3446429371833801,0.3360545039176941,-0.008588433265686035,1.5378457969709256,-0.012935449244498484,beta,0
0.239615797996521,0.23087799549102783,-0.008737802505493164,0.7626402466708257,-0.011360749600541734,beta,0
0.2733549475669861,0.2702644467353821,-0.003090500831604004,1.0761450896594138,-0.004235096971468679,alpha,0
0.22909098863601685,0.2402348518371582,0.011143863201141357,0.629425382151691,0.014667510385397244,acinar,0
0.23936820030212402,0.2329038381576538,-0.006464362144470215,1.0407048955946014,-0.008427055780001115,beta,0
0.26671576499938965,0.27427971363067627,0.007563948631286621,1.5680932414699078,0.01042267768085689,beta,0
0.22373199462890625,0.2203022837638855,-0.003429710865020752,1.5992973168892524,-0.004398769925320826,alpha,0
0.2720608711242676,0.2598307132720947,-0.012230157852172852,2.3111148228914975,-0.01652346033734955,beta,0
0.28538978099823,0.27805209159851074,-0.007337689399719238,1.3921897694733143,-0.01016373801257501,beta,0
0.2698991894721985,0.24844545125961304,-0.02145373821258545,0.9048984161122161,-0.028545816466073064,gamma,0
0.26104164123535156,0.2615465521812439,0.000504910945892334,0.8006444258577063,0.0006837410636834861,delta,0
0.295288622379303,0.22383087873458862,-0.07145774364471436,0.0710358091699434,-0.09206465664108705,macrophage,0
0.23024892807006836,0.2397017478942871,0.00945281982421875,2.4501510359401832,0.012433041636013675,alpha,0
0.34045273065567017,0.3414052128791809,0.0009524822235107422,1.3841581665800415,0.001446234076152822,delta,0
0.2737446427345276,0.26710158586502075,-0.006643056869506836,1.1860297442351142,-0.009064089567375394,beta,0
0.20809835195541382,0.21926969289779663,0.011171340942382812,0.8626868125411752,0.014308834741982678,ductal,0
0.19467121362686157,0.19413626194000244,-0.0005349516868591309,0.5703143794423182,-0.0006638239960355469,ductal,0
0.26235705614089966,0.2644009590148926,0.00204390287399292,1.350230715976649,0.002778555653438243,alpha,0
0.2327946424484253,0.2333776354789734,0.0005829930305480957,1.3864187135649104,0.0007604696360669577,beta,0
0.2767038941383362,0.28076136112213135,0.004057466983795166,1.5529970190665054,0.005641336219263034,beta,0
0.22785723209381104,0.21985924243927002,-0.007997989654541016,0.9725192263967534,-0.010251982833903424,acinar,0
0.32741284370422363,0.35155683755874634,0.024143993854522705,0.5762531653108242,0.03723378586278185,endothelial,0
0.24684828519821167,0.23506242036819458,-0.01178586483001709,2.4989619646923082,-0.015407616443279058,alpha,0
0.2671147584915161,0.2519604563713074,-0.01515430212020874,0.6812343562267998,-0.020258691200596396,gamma,0
0.2332148551940918,0.22824627161026,-0.004968583583831787,0.8484822494541838,-0.006438042864008847,beta,0
0.3909262418746948,0.37724924087524414,-0.013677000999450684,0.942928721819168,-0.021962238984137097,quiescent_stellate,0
0.2256678342819214,0.21578240394592285,-0.009885430335998535,2.0487577594960347,-0.012605468668056853,beta,0
0.29673218727111816,0.2887417674064636,-0.007990419864654541,1.2376432610700678,-0.011234203694934011,delta,0
0.24846488237380981,0.2489609718322754,0.0004960894584655762,0.5281875816438274,0.0006605375218327373,beta,0
0.19808512926101685,0.22155100107192993,0.023465871810913086,1.426941881604793,0.03014439204524094,ductal,0
0.2560020685195923,0.2476792335510254,-0.008322834968566895,1.339595682961333,-0.011062880807945081,beta,0
0.267891526222229,0.2689340114593506,0.001042485237121582,1.1297328411765801,0.0014259796700467303,alpha,0
0.27495527267456055,0.26635366678237915,-0.008601605892181396,0.7485710498641388,-0.011724458370093033,beta,0
0.31399595737457275,0.31183111667633057,-0.0021648406982421875,1.4994450813100875,-0.0031457985833166315,delta,0
0.3125646710395813,0.3164881467819214,0.003923475742340088,1.5670846526110074,0.005740172206038217,beta,0
0.26241207122802734,0.28030258417129517,0.017890512943267822,1.4131222886737778,0.024858381522278445,alpha,0
0.3683789372444153,0.374910831451416,0.006531894207000732,0.8797903886645405,0.010449539898711351,quiescent_stellate,0
0.2061052918434143,0.2159714698791504,0.009866178035736084,1.046839120207825,0.012583952824032204,ductal,0
0.37069976329803467,0.37406039237976074,0.0033606290817260742,1.0228402505272318,0.005368935023145212,delta,0
0.26604682207107544,0.2622210383415222,-0.0038257837295532227,1.550553981075263,-0.005185541914821096,beta,0
0.2503618001937866,0.25015848875045776,-0.00020331144332885742,1.0408119489926553,-0.0002711392211269519,beta,0
0.28566551208496094,0.27955174446105957,-0.006113767623901367,0.9858865848964823,-0.00848606069470997,delta,0
0.28908973932266235,0.2912787199020386,0.0021889805793762207,1.1481328083241786,0.0030886339113080584,alpha,0
0.26355981826782227,0.25605344772338867,-0.007506370544433594,1.373944304729139,-0.010089932564997767,beta,0
0.26749497652053833,0.2613781690597534,-0.006116807460784912,1.389989831436132,-0.008281379191024415,beta,0
0.2984123229980469,0.2998265027999878,0.001414179801940918,1.153389787572386,0.0020197562569794643,delta,0
0.28325432538986206,0.2825024724006653,-0.0007518529891967773,1.3886765838482344,-0.0010478823414380146,beta,0
0.2815113663673401,0.2798205614089966,-0.0016908049583435059,1.884484807359777,-0.0023477551117697623,beta,0
0.2806251049041748,0.28679436445236206,0.006169259548187256,1.6036518887895586,0.008650043186282683,delta,0
0.23761868476867676,0.25311923027038574,0.015500545501708984,1.31196764303988,0.0207537081284346,ductal,0
0.21175223588943481,0.21266722679138184,0.0009149909019470215,0.7614224430934431,0.0011621399909699656,ductal,0
0.23930495977401733,0.23495537042617798,-0.0043495893478393555,1.8265948373985887,-0.0056854060269168226,beta,0
0.2479678988456726,0.24082821607589722,-0.007139682769775391,1.817540374149219,-0.009404568137228307,beta,0
0.24615871906280518,0.236763596534729,-0.009395122528076172,1.2200332646799432,-0.012309583879149537,beta,0
0.23449116945266724,0.22883808612823486,-0.005653083324432373,0.8768334460836554,-0.007330604925819005,beta,0
0.3727514147758484,0.350627601146698,-0.02212381362915039,0.7022133099120383,-0.034069531856016445,endothelial,0
0.22070229053497314,0.2194802165031433,-0.001222074031829834,2.452570270278745,-0.0015657182017280097,beta,0
0.24719363451004028,0.24451923370361328,-0.002674400806427002,1.3025453956873752,-0.0035399985356844854,beta,0
0.23637771606445312,0.23528647422790527,-0.0010912418365478516,0.7409540671696261,-0.0014269942923346057,alpha,0
0.24283599853515625,0.24566948413848877,0.0028334856033325195,0.9223136833224591,0.0037562918955975576,beta,0
0.23781996965408325,0.23642343282699585,-0.0013965368270874023,1.3077232175840603,-0.001828941441010706,beta,0
0.233900249004364,0.23426496982574463,0.00036472082138061523,1.934173222967357,0.00047630160174024833,alpha,0
0.24299782514572144,0.23916518688201904,-0.0038326382637023926,0.9050916921379667,-0.005037411797701315,beta,0
0.21867692470550537,0.21616780757904053,-0.0025091171264648438,0.7462540065678145,-0.0032010896601671023,acinar,0
0.2674281597137451,0.26917320489883423,0.0017450451850891113,0.7805598118185587,0.002387768479188767,delta,0
0.2515077590942383,0.253242552280426,0.0017347931861877441,1.9756595882395107,0.0023231012847416584,beta,0
0.2817978262901306,0.27176105976104736,-0.010036766529083252,1.4422511300772156,-0.013782243676491604,beta,0
0.1936478614807129,0.20109564065933228,0.007447779178619385,1.3811361897746663,0.009322491599327364,ductal,0
0.2808854579925537,0.25959765911102295,-0.02128779888153076,0.517422194805143,-0.028751663394217787,ductal,0
0.23228514194488525,0.23386609554290771,0.001580953598022461,0.8821261438519336,0.0020635473627064927,beta,0
0.23680561780929565,0.2359248399734497,-0.0008807778358459473,1.862493380725062,-0.0011527371676568333,alpha,0
0.2491118311882019,0.2505100965499878,0.0013982653617858887,1.0391027224557712,0.001865622679304241,beta,0
0.29090267419815063,0.28967374563217163,-0.001228928565979004,0.7767783786470707,-0.001730090304873664,beta,0
0.2193279266357422,0.2221207618713379,0.002792835235595703,0.3521190400703923,0.0035903198063421834,ductal,0
0.23829668760299683,0.2390601634979248,0.0007634758949279785,1.3820904769753584,0.0010033327975540894,alpha,0
0.17893409729003906,0.18298959732055664,0.004055500030517578,0.6332732320247345,0.004963829122881764,activated_stellate,0
0.2268604040145874,0.22532343864440918,-0.0015369653701782227,1.169618805011,-0.0019840091295504256,beta,0
0.2760258913040161,0.3038867115974426,0.027860820293426514,2.0133032574639103,0.04002339957819452,alpha,0
0.19978034496307373,0.19593727588653564,-0.003843069076538086,0.7459103888187005,-0.004779563784374334,ductal,0
0.3559424877166748,0.34221434593200684,-0.013728141784667969,0.9373765208832582,-0.020870235919205584,delta,0
0.23479366302490234,0.24975979328155518,0.014966130256652832,0.9287219650669366,0.019948451339491354,alpha,0
0.2813977599143982,0.27872246503829956,-0.002675294876098633,0.6976483254743476,-0.003709106060319333,gamma,0
0.2645074129104614,0.2591993808746338,-0.005308032035827637,1.3371988627451195,-0.007165264038378665,beta,0
0.2679774761199951,0.26565927267074585,-0.0023182034492492676,0.297251649112989,-0.0031568498967508058,activated_stellate,0
0.4183382987976074,0.3742750883102417,-0.04406321048736572,0.9369821114927227,-0.07041946015601945,ductal,0
0.26666921377182007,0.27710604667663574,0.010436832904815674,2.0381648813841147,0.014437571177396582,beta,0
0.2585243582725525,0.2522820234298706,-0.006242334842681885,1.7159666998191136,-0.008348515133093645,beta,0
0.17966598272323608,0.19321829080581665,0.013552308082580566,0.761348986350609,0.016797986280721044,activated_stellate,0
0.27378416061401367,0.2640432119369507,-0.009740948677062988,1.273777935743084,-0.013235761711907035,beta,0
0.2903667688369751,0.2798682451248169,-0.010498523712158203,1.3141532718388884,-0.014578615150748158,delta,0
0.2893696427345276,0.288651704788208,-0.0007179379463195801,0.43824626689683144,-0.0010092636070855082,activated_stellate,0
0.2388877272605896,0.2387046217918396,-0.00018310546875,0.9168187386985016,-0.00024051829814200398,beta,0
0.2974323630332947,0.3099159002304077,0.012483537197113037,1.4022506158351447,0.01808987803266455,gamma,0
0.2829492688179016,0.28652775287628174,0.003578484058380127,1.104682103017746,0.005015589706265908,beta,0
0.2629995346069336,0.26776671409606934,0.004767179489135742,1.7125122857650255,0.006510465422574628,beta,0
0.252771258354187,0.25494325160980225,0.0021719932556152344,1.8405837454195528,0.00291520513076103,beta,0
0.28468412160873413,0.286155641078949,0.0014715194702148438,0.7721560285345004,0.00206140099284246,delta,0
0.2590484619140625,0.25317633152008057,-0.005872130393981934,0.5326925095147041,-0.007862807034402156,beta,0
0.2564523220062256,0.2548511028289795,-0.0016012191772460938,1.3213210290198345,-0.0021488580112312707,beta,0
0.32802391052246094,0.33436858654022217,0.0063446760177612305,0.7839349989444659,0.009531815790939412,alpha,0
0.2741522789001465,0.25976723432540894,-0.014385044574737549,0.8865256263176489,-0.019433136766957525,beta,0
0.1994565725326538,0.21311873197555542,0.013662159442901611,2.7271113494410475,0.0173624153961652,alpha,0
0.30290865898132324,0.3008307218551636,-0.002077937126159668,3.0372229553770578,-0.0029720086266851286,epsilon,1
0.2812873125076294,0.2852957248687744,0.0040084123611450195,0.47210444306816424,0.005608490813083554,activated_stellate,0
0.35752278566360474,0.35551708936691284,-0.0020056962966918945,1.1190962672841045,-0.003112101598972831,beta,0
0.23392903804779053,0.23166024684906006,-0.0022687911987304688,0.671254747515773,-0.002952848904961925,alpha,0
0.2528443932533264,0.26264339685440063,0.009799003601074219,0.3114408507412641,0.013289368480964556,ductal,0
0.26052147150039673,0.260314404964447,-0.00020706653594970703,0.9182597243006255,-0.00027993858112074547,alpha,0
0.22443640232086182,0.2257254719734192,0.001289069652557373,0.8967417859785692,0.001664874157545732,beta,0
0.2949645519256592,0.2880868911743164,-0.0068776607513427734,1.9647839536785607,-0.009660814874848458,beta,0
0.34984034299850464,0.35049206018447876,0.0006517171859741211,1.4468537891084385,0.0010034014151685772,delta,0
0.17643386125564575,0.17823141813278198,0.0017975568771362305,0.9030324500543231,0.0021874246798920345,ductal,0
0.255706787109375,0.2490740418434143,-0.006632745265960693,0.7895381315834835,-0.008832755338812791,beta,0
0.23386061191558838,0.23183345794677734,-0.002027153968811035,1.9018717399955822,-0.0026389511360292795,alpha,0
0.3003270626068115,0.29345405101776123,-0.006873011589050293,1.360998720651188,-0.009727621535373161,delta,0
0.2718396782875061,0.26195967197418213,-0.009880006313323975,1.5331060263655218,-0.013386810907409325,beta,0
0.3914142847061157,0.36662721633911133,-0.024787068367004395,1.5376757592521166,-0.03913503864775397,beta,0
0.277815580368042,0.26183491945266724,-0.015980660915374756,2.1316557375426552,-0.02164916945614043,beta,0
0.2762691378593445,0.2674340009689331,-0.008835136890411377,1.1275394998707475,-0.012060533661263596,beta,0
0.30678510665893555,0.326082706451416,0.01929759979248047,0.6734234697963482,0.028634967491139574,beta,0
0.16938483715057373,0.18415838479995728,0.014773547649383545,0.6919984431505127,0.018108352619106222,activated_stellate,0
0.23547124862670898,0.23051655292510986,-0.004954695701599121,2.267152322700108,-0.0064389893251555605,alpha,0
0.27508801221847534,0.27111709117889404,-0.003970921039581299,1.1790423268946109,-0.005447954659828504,beta,0
0.2167721390724182,0.21964800357818604,0.0028758645057678223,0.992398031913526,0.003685342664534292,ductal,0
0.26827573776245117,0.26980286836624146,0.0015271306037902832,1.42915887847004,0.002091394963950966,delta,0
0.23824870586395264,0.23779535293579102,-0.0004533529281616211,1.1737986379660554,-0.0005947916086680985,alpha,0
0.2542436122894287,0.25602108240127563,0.0017774701118469238,0.9246232175552208,0.0023891404310002608,alpha,0
0.2920558452606201,0.27854156494140625,-0.013514280319213867,1.0049039161094746,-0.018731890379958333,beta,0
0.24013054370880127,0.2375074028968811,-0.002623140811920166,1.1709286423876841,-0.0034402180714751445,beta,0
0.2994410991668701,0.2981530427932739,-0.0012880563735961914,1.9723601030125641,-0.0018352382387216075,beta,0
0.2909863591194153,0.29343634843826294,0.0024499893188476562,1.5910975782174053,0.003467471491680017,delta,0
0.28074806928634644,0.2895832657814026,0.008835196495056152,1.3586818329484691,0.012436639045072853,alpha,0
0.3470258116722107,0.3369419574737549,-0.01008385419845581,1.4580528535918065,-0.015208101782517285,beta,0
0.291265070438385,0.29164576530456543,0.0003806948661804199,1.3392492148426576,0.0005374357172356064,beta,0
0.263994038105011,0.25870537757873535,-0.005288660526275635,0.873180073642291,-0.007134357064403716,beta,0
0.27196043729782104,0.276669979095459,0.0047095417976379395,2.2234464604454316,0.006510917093899335,beta,0
0.2885003089904785,0.2691763639450073,-0.01932394504547119,0.9121082281716008,-0.02644132468098926,beta,0
0.29573583602905273,0.2921075224876404,-0.0036283135414123535,2.2682075750118353,-0.005125515041723274,delta,0
0.2588585615158081,0.245067298412323,-0.013791263103485107,0.969271226777942,-0.018268202019174826,beta,0
0.25405049324035645,0.24807173013687134,-0.005978763103485107,1.530013426663364,-0.007951241286051666,beta,0
0.3137689232826233,0.30249524116516113,-0.011273682117462158,0.9189415735128499,-0.016162874840158097,beta,0
0.22696548700332642,0.22888600826263428,0.0019205212593078613,0.976185617905848,0.00249058022534491,alpha,0
0.28187835216522217,0.27955740690231323,-0.0023209452629089355,1.469846558958587,-0.003221554756957897,beta,0
0.2901487350463867,0.2942885160446167,0.0041397809982299805,1.4689568774340647,0.005866109723802804,gamma,0
0.2832084894180298,0.2807791829109192,-0.0024293065071105957,1.4846853695868465,-0.0033776921487656385,beta,0
0.21418005228042603,0.22102224826812744,0.006842195987701416,0.8437248659649984,0.00878355764653023,activated_stellate,0
0.2469562292098999,0.2464870810508728,-0.0004691481590270996,1.4027627290466969,-0.0006226146191114923,beta,0
0.325900673866272,0.3174828886985779,-0.008417785167694092,1.2559777572345447,-0.01233344194351857,alpha,0
0.26572084426879883,0.26542019844055176,-0.0003006458282470703,1.048621387130425,-0.00040927592565004605,alpha,0
0.27096718549728394,0.2592580318450928,-0.011709153652191162,1.3338783439863269,-0.01580733123756597,beta,0
0.3313870429992676,0.3278605341911316,-0.0035265088081359863,1.152044793863138,-0.005246692074377901,beta,0
0.34863102436065674,0.3401390314102173,-0.008491992950439453,1.0771788294543656,-0.012869366964662354,delta,0
0.2763737440109253,0.2582255005836487,-0.01814824342727661,1.257340312989332,-0.02446598452974071,beta,0
0.26249194145202637,0.2620306611061096,-0.00046128034591674805,1.303178861014883,-0.0006250670882995502,beta,0
0.26648032665252686,0.26326340436935425,-0.0032169222831726074,1.0761544375025287,-0.004366448337507824,beta,0
0.2672334313392639,0.2689545750617981,0.0017211437225341797,1.6478730489134288,0.0023543594745561464,beta,0
0.417468786239624,0.3940163850784302,-0.023452401161193848,0.8003960582866113,-0.03870137836025352,beta,0
0.280336856842041,0.2863757610321045,0.0060389041900634766,1.3458225133699655,0.00846230251202994,beta,0
0.23891305923461914,0.2404019832611084,0.0014889240264892578,0.7180542826143723,0.0019601473327714976,quiescent_stellate,0
0.2189655303955078,0.21336466073989868,-0.005600869655609131,0.5145876670198064,-0.007120033103111327,ductal,0
0.26462823152542114,0.2795671820640564,0.014938950538635254,0.3817758288901117,0.020736077211801214,ductal,0
0.30600613355636597,0.3002627491950989,-0.00574338436126709,0.7876132298788654,-0.008207915692155204,delta,0
0.29450953006744385,0.29794996976852417,0.0034404397010803223,1.460885287867306,0.004900562001180971,alpha,0
0.2568146586418152,0.24818110466003418,-0.008633553981781006,1.078883017163537,-0.011483555461687339,beta,0
0.36037445068359375,0.3644082546234131,0.004033803939819336,0.7647189663283311,0.0063465329264610175,beta,0
0.26822876930236816,0.25223374366760254,-0.015995025634765625,1.1138496504746678,-0.02139040843219797,beta,0
0.263629674911499,0.2618829607963562,-0.0017467141151428223,0.7815982913090028,-0.0023664460002540467,beta,0
0.25856029987335205,0.24792110919952393,-0.010639190673828125,1.30305320157433,-0.014146375870893397,beta,0
0.3107735514640808,0.3034917116165161,-0.007281839847564697,1.1478195744016635,-0.010454778455637642,beta,0
0.3280426859855652,0.32879602909088135,0.0007533431053161621,0.9053191928759072,0.0011223758171391468,gamma,0
0.27100664377212524,0.267747700214386,-0.003258943557739258,1.6651517980258,-0.004450574697673737,beta,0
0.31987297534942627,0.30825674533843994,-0.011616230010986328,1.2288008453234471,-0.016792689965108,beta,0
0.2874106764793396,0.29036813974380493,0.002957463264465332,0.863034230089168,0.0041676021471155665,gamma,0
0.3060528635978699,0.31228625774383545,0.006233394145965576,0.6758112626092189,0.009063937163035076,alpha,0
0.29522275924682617,0.28825050592422485,-0.006972253322601318,2.3644134840528617,-0.009795937166987337,beta,0
0.328873872756958,0.3187596797943115,-0.010114192962646484,1.124775788939281,-0.014846732735362292,alpha,0
0.3015136122703552,0.28386104106903076,-0.017652571201324463,0.8416639772691559,-0.024649645129872128,alpha,0
0.29269546270370483,0.2871559262275696,-0.005539536476135254,2.0441478752951383,-0.007771035321679205,beta,0
0.30905741453170776,0.28813326358795166,-0.020924150943756104,0.78086334085176,-0.029393353943208578,delta,0
0.2404363751411438,0.24096786975860596,0.0005314946174621582,1.2288913860055135,0.0007002267707601885,beta,0
0.28754204511642456,0.27702319622039795,-0.010518848896026611,1.4935953928062546,-0.014549358763705592,beta,0
0.3632284998893738,0.34341567754745483,-0.019812822341918945,0.5755487161385973,-0.03017559461047126,beta,0
0.25766611099243164,0.25231993198394775,-0.005346179008483887,1.3057862965047895,-0.007150356465526519,beta,0
0.237207293510437,0.24006086587905884,0.002853572368621826,0.7786076846762938,0.0037550012106202335,endothelial,0
0.24933624267578125,0.24502718448638916,-0.00430905818939209,1.5094856697111732,-0.00570756734659462,beta,0
0.1987878680229187,0.21335357427597046,0.014565706253051758,1.5018439879019245,0.018516204709943834,quiescent_stellate,0
0.2577175498008728,0.26098036766052246,0.003262817859649658,1.478518326118178,0.004415062492075777,beta,0
0.26410233974456787,0.25039827823638916,-0.013704061508178711,2.257202497616901,-0.01828179032985243,beta,0
0.26708751916885376,0.2602739930152893,-0.006813526153564453,0.5236189963239805,-0.009210878202508948,alpha,0
0.23318713903427124,0.22813808917999268,-0.0050490498542785645,1.101924248614278,-0.006541390089989771,ductal,0
0.37197059392929077,0.37460941076278687,0.0026388168334960938,1.391396133796415,0.0042194700062798355,beta,0
0.30185115337371826,0.2836213707923889,-0.018229782581329346,1.1951805765112455,-0.025447133454404372,beta,0
0.280975341796875,0.276977002620697,-0.0039983391761779785,0.7690667578990511,-0.005530030428728426,gamma,0
0.28146153688430786,0.27998030185699463,-0.0014812350273132324,0.8181260339249211,-0.0020572145888973162,alpha,0
0.28836727142333984,0.2893494963645935,0.0009822249412536621,1.0595745030183243,0.0013821490820438295,gamma,0
0.2881622314453125,0.2925680875778198,0.004405856132507324,1.216593590661887,0.0062279578502786054,beta,0
0.2728601098060608,0.25236374139785767,-0.020496368408203125,1.4168724765362521,-0.027414893502523865,beta,0
0.34256672859191895,0.3222109079360962,-0.020355820655822754,0.3752787851633855,-0.03003267667503795,alpha,0
0.32245951890945435,0.29372984170913696,-0.028729677200317383,1.8073784948861622,-0.04067802789493712,alpha,0
0.36278730630874634,0.34278804063796997,-0.019999265670776367,1.6130725872343068,-0.030430465218846733,ductal,0
0.279738187789917,0.27059149742126465,-0.009146690368652344,0.5635770800789198,-0.012539873522608153,beta,0
0.2959606647491455,0.2920333743095398,-0.003927290439605713,0.7296004977328282,-0.005547281887441425,alpha,0
0.2908087372779846,0.29688751697540283,0.006078779697418213,2.210336484088126,0.008645529476690512,beta,0
0.2864193916320801,0.2918628454208374,0.005443453788757324,2.5195824209455235,0.0076870049164307775,delta,0
0.2150413990020752,0.22599971294403076,0.010958313941955566,0.8298453606592637,0.014158023097946414,ductal,0
0.31672048568725586,0.30700254440307617,-0.009717941284179688,1.7529362891651081,-0.01402305478280435,beta,0
0.30539029836654663,0.31093889474868774,0.005548596382141113,1.046259279175912,0.008052401071335242,beta,0
0.28931915760040283,0.2854587435722351,-0.0038604140281677246,1.839057129305345,-0.0054026467939265665,beta,0
0.28789305686950684,0.28358185291290283,-0.004311203956604004,0.7887704759919029,-0.00601772020171884,beta,0
0.2929045557975769,0.29644644260406494,0.003541886806488037,2.94014149911117,0.005034281710688286,beta,0
0.2725718021392822,0.2660173177719116,-0.0065544843673706055,1.3642121453446505,-0.008930025906706298,beta,0
0.2859882116317749,0.2824596166610718,-0.003528594970703125,0.3044940795309064,-0.004917625617506747,ductal,0
0.29438161849975586,0.30097395181655884,0.0065923333168029785,1.058930098301953,0.009430740576741701,beta,0
0.3047187328338623,0.31704461574554443,0.012325882911682129,0.519909149622728,0.018047859634546422,alpha,0
0.335831880569458,0.3263663649559021,-0.009465515613555908,1.0138566078428324,-0.014051429621586918,beta,0
0.24689942598342896,0.2484721541404724,0.001572728157043457,1.252578789668759,0.002092707762870339,beta,0
0.23085880279541016,0.2314501404762268,0.0005913376808166504,1.9908798025459458,0.0007694200623276008,alpha,0
0.23213958740234375,0.2421114444732666,0.009971857070922852,0.8601392346434937,0.013157418723643873,acinar,0
0.22832471132278442,0.2443455457687378,0.01602083444595337,1.317642449022685,0.02120127044344837,acinar,0
0.28634655475616455,0.28515928983688354,-0.0011872649192810059,1.5859728261817088,-0.001660880392514423,beta,0
0.2645168900489807,0.2644614577293396,-5.543231964111328e-05,1.938396644255341,-7.536290276508112e-05,beta,0
0.3343035578727722,0.3481638431549072,0.01386028528213501,1.9194747779521752,0.021263449620866723,beta,0
0.2751326560974121,0.2737860679626465,-0.001346588134765625,1.1470139517931326,-0.0018542581949479344,alpha,0
0.2845836877822876,0.28364843130111694,-0.0009352564811706543,0.638855952543835,-0.0013055830712695592,alpha,0
0.2615576982498169,0.25750869512557983,-0.0040490031242370605,0.7781036727775096,-0.005453266721987917,alpha,0
0.2491716742515564,0.2523706555366516,0.003198981285095215,0.7902284011192389,0.004278833233052747,alpha,0
0.26296597719192505,0.26217103004455566,-0.0007949471473693848,1.4180572772752265,-0.0010774138448608078,beta,0
0.26116061210632324,0.27255141735076904,0.0113908052444458,1.6489340915496713,0.015658570950764148,alpha,0
0.3004152774810791,0.2974613308906555,-0.002953946590423584,0.933642765980146,-0.00420467473223716,beta,0
0.2602589726448059,0.25719505548477173,-0.0030639171600341797,0.8994537147165342,-0.004124793706150897,alpha,0
0.27762097120285034,0.264872670173645,-0.012748301029205322,1.4353906839959032,-0.01734162302497529,beta,0
0.35115712881088257,0.33009958267211914,-0.021057546138763428,1.6895336076349474,-0.031433845380718535,beta,0
0.27869904041290283,0.27796173095703125,-0.000737309455871582,1.0569107551358128,-0.001021150107249654,beta,0
0.30669546127319336,0.3012520670890808,-0.005443394184112549,1.446239982048383,-0.007790211502216361,alpha,0
0.3764793872833252,0.3780197501182556,0.00154036283493042,1.0530042011851055,0.0024765462170596017,delta,0
0.2663472890853882,0.25965023040771484,-0.00669705867767334,0.8632967717034431,-0.009045803690006479,alpha,0
0.26173949241638184,0.26485031843185425,0.003110826015472412,1.1716240034977263,0.004231554598291763,beta,0
0.2457459568977356,0.24102061986923218,-0.004725337028503418,1.0642128683323706,-0.00622590962575198,beta,0
0.3216717839241028,0.3124292492866516,-0.009242534637451172,0.455389817019462,-0.013442303396213592,beta,0
0.33086246252059937,0.3291318416595459,-0.0017306208610534668,1.1878875705964267,-0.0025796735760041938,alpha,0
0.2891373038291931,0.29394829273223877,0.004810988903045654,1.5521098684385313,0.006813932823224726,gamma,0
0.21238410472869873,0.22656714916229248,0.01418304443359375,0.8310046615693636,0.01833778384022873,acinar,0
0.2771671414375305,0.28103452920913696,0.0038673877716064453,1.5182019813195626,0.005379100845207926,beta,0
0.2552451491355896,0.255712628364563,0.00046747922897338867,0.40405670635223495,0.0006280896959815233,ductal,0
0.29539811611175537,0.2955728769302368,0.0001747608184814453,1.1719133168705123,0.0002480892810030795,delta,0
0.3063409924507141,0.2909334897994995,-0.0154075026512146,0.8860824128915092,-0.021729277055910972,beta,0
0.20555466413497925,0.21634644269943237,0.010791778564453125,1.3302305753394905,0.013771109011011579,ductal,0
0.3349897265434265,0.33279675245285034,-0.002192974090576172,0.6231266074235402,-0.003286815672193202,gamma,0
0.3092515468597412,0.3101465702056885,0.0008950233459472656,1.2438551960306266,0.0012974108807636544,beta,0
0.23229706287384033,0.2311009168624878,-0.001196146011352539,1.0226437149840506,-0.001555660603042515,quiescent_stellate,0
0.3792240619659424,0.3545873165130615,-0.02463674545288086,0.7263345300072196,-0.03817208134147157,ductal,0
0.3893839120864868,0.3758748173713684,-0.013509094715118408,1.300998546157482,-0.021644848006648405,delta,0
0.30876070261001587,0.2959102392196655,-0.012850463390350342,0.4353698883443335,-0.01825117208934884,gamma,0
0.25329750776290894,0.24762457609176636,-0.005672931671142578,1.4529487191499102,-0.007540027878202597,beta,0
0.2835248112678528,0.26754236221313477,-0.015982449054718018,1.416797662994312,-0.021820304998128346,beta,0
0.25932198762893677,0.2554503083229065,-0.0038716793060302734,1.1740201381108228,-0.005200028083161703,beta,0
0.32541823387145996,0.326166033744812,0.0007477998733520508,1.5985060571025624,0.0011097687424513876,gamma,0
0.23102515935897827,0.2457979917526245,0.01477283239364624,1.8335709943630214,0.019587368148190884,ductal,0
0.2568392753601074,0.2632840871810913,0.006444811820983887,0.8253496453377802,0.008748028526116659,alpha,0
0.35211026668548584,0.348555326461792,-0.0035549402236938477,1.2512417362958568,-0.005457010193031145,acinar,0
0.19847512245178223,0.21951568126678467,0.02104055881500244,1.5381534418583036,0.026958336394449087,ductal,0
0.2240275740623474,0.23658031225204468,0.012552738189697266,0.4540006835439919,0.016442775043864967,endothelial,0
0.2885162830352783,0.30486953258514404,0.016353249549865723,1.0363770385341968,0.023525439203783388,alpha,0
0.24424231052398682,0.24464362859725952,0.0004013180732727051,0.4610246008495605,0.0005312963370222644,endothelial,0
0.27955377101898193,0.2773319482803345,-0.002221822738647461,1.097914252366921,-0.003074472066892119,beta,0
0.26426589488983154,0.261694073677063,-0.0025718212127685547,0.8826460267752672,-0.003483408599436913,beta,0
0.31063389778137207,0.3118407726287842,0.0012068748474121094,0.9882140963941066,0.0017537726726740252,beta,0
0.31220322847366333,0.30689483880996704,-0.005308389663696289,1.0771456886562942,-0.0076588517312178184,beta,0
0.26656389236450195,0.26001429557800293,-0.0065495967864990234,1.0659129952138058,-0.008850977454510306,alpha,0
0.4077121615409851,0.4015870690345764,-0.006125092506408691,1.1643482039782496,-0.010235561749187203,beta,0
0.269683301448822,0.2874884605407715,0.017805159091949463,0.7670775397424291,0.02498929225127071,ductal,0
0.3768780827522278,0.3657416105270386,-0.011136472225189209,0.9178780601816632,-0.017558257659694636,ductal,0
0.2593279480934143,0.25883179903030396,-0.0004961490631103516,1.1944587996861702,-0.0006694149350460834,beta,0
0.32699090242385864,0.32543087005615234,-0.0015600323677062988,3.5504392904348085,-0.0023126352785164637,beta,0
0.2751477360725403,0.26615411043167114,-0.00899362564086914,0.7575612242137866,-0.012255469123305267,gamma,0
0.302908718585968,0.3036991357803345,0.0007904171943664551,1.4422113606655282,0.0011351661831588626,beta,0
0.27772748470306396,0.27056753635406494,-0.0071599483489990234,1.1906593569472788,-0.009815779672337762,quiescent_stellate,0
0.24364697933197021,0.25155210494995117,0.007905125617980957,0.5563394951075553,0.010562025319681525,ductal,0
0.3018644452095032,0.2911723852157593,-0.010692059993743896,0.959521596551643,-0.015084147077140104,beta,0
0.22563350200653076,0.22987794876098633,0.004244446754455566,1.2583041043452405,0.005511394911529767,acinar,0
0.23708629608154297,0.2380920648574829,0.0010057687759399414,0.43200851102447874,0.0013200660205117951,ductal,0
0.20673692226409912,0.19634747505187988,-0.010389447212219238,0.5000494970051153,-0.012927785192848028,endothelial,0
0.24847310781478882,0.26271820068359375,0.014245092868804932,1.0969721267306782,0.0193210966037853,acinar,0
0.2945464253425598,0.2868102788925171,-0.007736146450042725,0.7545139776762554,-0.010847248945245008,gamma,0
0.39837831258773804,0.38385623693466187,-0.014522075653076172,1.1797656022662522,-0.023569297497759784,beta,0
0.39887839555740356,0.39390337467193604,-0.004975020885467529,1.0732388760570672,-0.008208296627249298,beta,0
0.25261908769607544,0.2633665204048157,0.010747432708740234,1.6315467808055253,0.01458993245140917,quiescent_stellate,0
0.2863101363182068,0.28253644704818726,-0.0037736892700195312,1.57506939262377,-0.005259764422169867,beta,0
0.29562902450561523,0.28333163261413574,-0.012297391891479492,1.5651585827094268,-0.017159110756256393,beta,0
0.37967026233673096,0.3624117374420166,-0.017258524894714355,2.329667555109879,-0.027068448257616465,epsilon,1
0.2689528465270996,0.2700537443161011,0.0011008977890014648,1.089701110476647,0.001508190199523683,beta,0
0.24479317665100098,0.26099473237991333,0.016201555728912354,1.1934052662946761,0.02192346447148922,alpha,0
0.26402342319488525,0.27386873960494995,0.009845316410064697,1.3262512927596657,0.013558590501541519,alpha,0
0.34024131298065186,0.33575743436813354,-0.0044838786125183105,1.1498693468034593,-0.006750363262632804,delta,0
0.3185831904411316,0.3073408603668213,-0.011242330074310303,1.3194985078799988,-0.016230681775547005,beta,0
0.32034575939178467,0.2962437868118286,-0.024101972579956055,1.3067173636253637,-0.03424761604699557,epsilon,1
0.31927061080932617,0.291117787361145,-0.028152823448181152,1.565302942967135,-0.039714388295032314,beta,0
0.25147509574890137,0.24660444259643555,-0.00487065315246582,1.0212258350935552,-0.00646493479368475,alpha,0
0.34376657009124756,0.33509087562561035,-0.008675694465637207,1.399527155788252,-0.013047940158439145,beta,0
0.3353138566017151,0.32924383878707886,-0.0060700178146362305,1.255045350230166,-0.009049514809763182,beta,0
0.3362243175506592,0.33668380975723267,0.00045949220657348633,1.0167644183484503,0.000692719721503129,gamma,0
0.2677379846572876,0.26220637559890747,-0.005531609058380127,0.4264803740427685,-0.007497501842565307,acinar,0
0.3054842948913574,0.3070096969604492,0.0015254020690917969,1.465855370010355,0.00220118818748426,beta,0
0.27974963188171387,0.271539568901062,-0.008210062980651855,1.048271500199326,-0.01127043093921567,alpha,0
0.3077923059463501,0.3081398010253906,0.00034749507904052734,1.429874722426559,0.0005022619881235286,beta,0
0.2740270495414734,0.2767910957336426,0.0027640461921691895,0.90597234941682,0.0038219194701054077,alpha,0
0.2266055941581726,0.22464489936828613,-0.0019606947898864746,0.42450976273692703,-0.002528770092940661,ductal,0
0.3000614643096924,0.29714059829711914,-0.002920866012573242,0.4172641146256983,-0.004155690320847379,alpha,0
0.3364623785018921,0.34648799896240234,0.010025620460510254,1.9760512217914674,0.015341142082459574,beta,0
0.38107216358184814,0.3771151900291443,-0.003956973552703857,1.8067014329247553,-0.006352657007142302,beta,0
0.3044304847717285,0.3017754554748535,-0.002655029296875,0.8311886116811297,-0.0038025436339833214,gamma,0
0.2856253385543823,0.2687492370605469,-0.01687610149383545,0.7589893280797023,-0.02307840531474806,beta,0
0.2756904363632202,0.26619935035705566,-0.00949108600616455,2.0052701461606763,-0.01293414772906342,beta,0
0.34601831436157227,0.34126925468444824,-0.0047490596771240234,1.3837635267868111,-0.007209409475565137,delta,0
0.31719523668289185,0.3246220350265503,0.007426798343658447,1.4250660413132619,0.010996506739674883,delta,0
0.3569209575653076,0.3545953035354614,-0.0023256540298461914,1.5904819314693406,-0.00360340425563354,delta,0
0.24874740839004517,0.25233912467956543,0.0035917162895202637,1.3342586865935568,0.004803937731770324,quiescent_stellate,0
0.34058916568756104,0.33063554763793945,-0.009953618049621582,0.7742395444818418,-0.014870251944956364,beta,0
0.3036946654319763,0.2975059151649475,-0.006188750267028809,0.9911690930570126,-0.008809683100010648,beta,0
0.27252233028411865,0.2853447198867798,0.012822389602661133,2.892436391178369,0.017942062361352356,alpha,0
0.37037456035614014,0.36556923389434814,-0.004805326461791992,1.103270625537427,-0.00757423302669997,beta,0
0.27864837646484375,0.28096193075180054,0.002313554286956787,0.9450207267181213,0.0032175685626433617,alpha,0
0.33492136001586914,0.34705424308776855,0.012132883071899414,0.7737322138625479,0.018581762640246868,alpha,0
0.3087294101715088,0.3019489645957947,-0.006780445575714111,3.97523431893556,-0.009713395198658943,beta,0
0.26752495765686035,0.2679741382598877,0.00044918060302734375,1.4251841103523608,0.0006136130244901296,beta,0
0.3133534789085388,0.3160884380340576,0.002734959125518799,0.6708238193166757,0.003998995305265793,beta,0
0.3164170980453491,0.3099595904350281,-0.006457507610321045,1.28863882817968,-0.009358158624930541,alpha,0
0.3377244472503662,0.31818902492523193,-0.019535422325134277,0.6439509213203954,-0.02865225559472991,beta,0
0.35802632570266724,0.3586236834526062,0.0005973577499389648,3.2676463004723937,0.0009313685811702774,beta,0
0.25352418422698975,0.24387633800506592,-0.009647846221923828,1.1523189413282053,-0.012759614209756694,quiescent_stellate,0
0.3194984197616577,0.3093510866165161,-0.010147333145141602,0.7863764275906645,-0.014692462332894859,alpha,0
0.2146351933479309,0.2314908504486084,0.01685565710067749,0.8840978502124474,0.021932929634626713,endothelial,0
0.3017048239707947,0.3019494414329529,0.0002446174621582031,1.3440960704072726,0.00035042943402316303,gamma,0
0.32514941692352295,0.3145524263381958,-0.010596990585327148,2.0739671877827965,-0.01545995783268414,beta,0
0.29177194833755493,0.2844432592391968,-0.007328689098358154,1.640930105780278,-0.010241939850312994,beta,0
0.2661687135696411,0.26776427030563354,0.0015955567359924316,2.6011799683699866,0.002179020595810605,quiescent_stellate,0
0.2890157699584961,0.2753657102584839,-0.013650059700012207,1.6447189916621248,-0.018837170546926935,beta,0
0.2690965533256531,0.28294670581817627,0.013850152492523193,1.2021396042484338,0.019315373912794826,alpha,0
0.2920041084289551,0.29178518056869507,-0.00021892786026000977,1.4810392139194681,-0.00030912634733597976,delta,0
0.31547683477401733,0.31029897928237915,-0.005177855491638184,0.9684000089294653,-0.007507391371192583,beta,0
0.19035977125167847,0.20544296503067017,0.0150831937789917,0.49078908577602703,0.018983147987071708,acinar,0
0.33728694915771484,0.3266053795814514,-0.010681569576263428,1.3795387401480965,-0.015862273401626367,beta,0
0.24664485454559326,0.2668508291244507,0.020205974578857422,0.48405249553110896,0.027560522989785046,endothelial,0
0.23474466800689697,0.24463504552841187,0.009890377521514893,0.8303827723587738,0.01309350859206019,endothelial,0
0.30541688203811646,0.2892639636993408,-0.016152918338775635,1.2257425645408857,-0.022727028761410018,beta,0
0.3658331632614136,0.34927916526794434,-0.01655399799346924,1.4013393846869457,-0.02543947743779497,beta,0
0.35051971673965454,0.3669772148132324,0.01645749807357788,0.5758195713305267,0.02599827124504254,alpha,0
0.32473814487457275,0.31837570667266846,-0.006362438201904297,1.8085638395318975,-0.009334230402567105,beta,0
0.5004435181617737,0.348924458026886,-0.1515190601348877,0.10195834601355609,-0.23272116730986744,mast,1
0.2958158254623413,0.29157698154449463,-0.00423884391784668,1.9101546867756467,-0.005983492641286772,beta,0
0.28425437211990356,0.27030009031295776,-0.0139542818069458,1.2734911928345949,-0.019123315792831316,alpha,0
0.40802037715911865,0.4006953835487366,-0.00732499361038208,1.148119308580291,-0.01222248821268301,endothelial,0
0.34843385219573975,0.35368144512176514,0.005247592926025391,1.845945872546037,0.00811920512944894,beta,0
0.30248451232910156,0.29952913522720337,-0.0029553771018981934,1.5178166635369665,-0.004219129232244076,beta,0
0.3388388156890869,0.3250136375427246,-0.013825178146362305,1.4029308589000322,-0.020482159218790732,beta,0
0.21570217609405518,0.2169044017791748,0.001202225685119629,0.6687830096110456,0.0015352221208381931,endothelial,0
0.38518792390823364,0.38090354204177856,-0.004284381866455078,1.305952140531651,-0.0069203785797530785,alpha,0
0.29768407344818115,0.2923874258995056,-0.005296647548675537,2.4336543063520333,-0.007485236614694912,beta,0
0.33541351556777954,0.34095317125320435,0.005539655685424805,0.9874456880378424,0.008405557001099125,beta,0
0.3273671865463257,0.32105207443237305,-0.006315112113952637,1.1612385659501818,-0.00930132028707939,beta,0
0.2977220416069031,0.29269009828567505,-0.005031943321228027,1.4332633191836048,-0.007114198895041592,beta,0
0.3134933114051819,0.31903791427612305,0.005544602870941162,1.5202340710682785,0.008142307754252035,alpha,0
0.4429493546485901,0.3500624895095825,-0.09288686513900757,0.29504511175006676,-0.14291660911972717,mast,1
0.34356606006622314,0.34054017066955566,-0.0030258893966674805,1.0563546670472541,-0.004588436265692929,beta,0
0.32561230659484863,0.30123746395111084,-0.024374842643737793,1.048281474113269,-0.03488286991109151,epsilon,1
0.20428204536437988,0.22024869918823242,0.01596665382385254,1.7335041196656222,0.02047659786810269,endothelial,0
0.24757307767868042,0.24849343299865723,0.0009203553199768066,2.360616433763268,0.001224680342647175,quiescent_stellate,0
0.32249778509140015,0.32407552003860474,0.0015777349472045898,1.1807499470531904,0.002334188202940513,alpha,0
0.3409392833709717,0.4259631633758545,0.08502388000488281,0.6732371993762473,0.1481157211180034,alpha,0
0.42296040058135986,0.4140128493309021,-0.008947551250457764,0.8314562366700639,-0.015269193599622753,beta,0
0.30924510955810547,0.29241955280303955,-0.016825556755065918,0.9346424685493917,-0.023779001838899593,beta,0
0.32305437326431274,0.3117084503173828,-0.011345922946929932,0.5687437384588152,-0.01648418167005207,acinar,0
0.33279675245285034,0.3236464858055115,-0.009150266647338867,0.8483530766994865,-0.013528822509684879,delta,0
0.2773928642272949,0.2738708257675171,-0.003522038459777832,0.7531743717690363,-0.004850429627070996,acinar,0
0.35283327102661133,0.3422461748123169,-0.010587096214294434,0.8449756317512038,-0.016095833743381905,beta,0
0.32971614599227905,0.3338925838470459,0.004176437854766846,3.6264869126277137,0.0062699164631547,beta,0
0.390829861164093,0.3946945071220398,0.0038646459579467773,0.9954019848108043,0.0063846206641411645,endothelial,0
0.2985772490501404,0.2899419069290161,-0.008635342121124268,0.9269487800778036,-0.012161458626260597,beta,0
0.30936765670776367,0.25690025091171265,-0.052467405796051025,0.09718650663825952,-0.07060614118148141,macrophage,0
0.24800312519073486,0.2616029381752014,0.013599812984466553,1.2446884834730136,0.018418021532828656,acinar,0
0.25623881816864014,0.25609254837036133,-0.0001462697982788086,1.4035132965797366,-0.00019662364983491306,quiescent_stellate,0
0.3306105136871338,0.32775819301605225,-0.002852320671081543,1.4302323944912658,-0.004242998042443457,beta,0
0.3335859179496765,0.3390442728996277,0.005458354949951172,1.3574377080123239,0.008258276199371323,beta,0
0.3572230935096741,0.35451942682266235,-0.0027036666870117188,1.4144448110796675,-0.004188610470030243,beta,0
0.2701989412307739,0.26933205127716064,-0.0008668899536132812,1.0312636072493495,-0.0011864348985452958,endothelial,0
0.3867204785346985,0.38322341442108154,-0.0034970641136169434,1.4032762055790076,-0.005669904136089296,beta,0
0.3291740417480469,0.31853556632995605,-0.01063847541809082,1.0438969178435498,-0.015611196846762848,beta,0
0.22643375396728516,0.21755003929138184,-0.00888371467590332,0.8622277393320479,-0.01135371604831812,ductal,0
0.3469032049179077,0.3466659188270569,-0.00023728609085083008,1.6915126856881086,-0.000363192580470968,beta,0
0.39489322900772095,0.34989506006240845,-0.0449981689453125,1.3371470750868009,-0.06921677744770284,beta,0
0.2552797794342041,0.25774502754211426,0.0024652481079101562,1.8797081672409643,0.0033212955108226374,quiescent_stellate,0
0.32843858003616333,0.318206787109375,-0.01023179292678833,1.7260385192790217,-0.015007179205272817,beta,0
0.25690382719039917,0.25738972425460815,0.0004858970642089844,0.7295660571761406,0.0006543096427278323,acinar,0
0.38245564699172974,0.3820863962173462,-0.0003692507743835449,1.0261579716369054,-0.0005975767034794494,beta,0
0.38645386695861816,0.3805127739906311,-0.0059410929679870605,0.4954351018392695,-0.009590339749632238,delta,0
0.30678778886795044,0.3039131164550781,-0.0028746724128723145,1.7997538868415985,-0.0041297609261542675,beta,0
0.34934109449386597,0.33320319652557373,-0.016137897968292236,1.429750835585633,-0.024202122571979567,beta,0
0.29382890462875366,0.28785157203674316,-0.005977332592010498,1.122350388545389,-0.008393380308520316,beta,0
0.37893664836883545,0.36766403913497925,-0.011272609233856201,1.2804992305402927,-0.017826930510856185,beta,0
0.25362682342529297,0.2545909881591797,0.0009641647338867188,1.339776325041923,0.0012934707235503788,quiescent_stellate,0
0.3518686890602112,0.3310815095901489,-0.020787179470062256,0.3919305407942257,-0.031075803357335518,alpha,0
0.2540755271911621,0.26425909996032715,0.010183572769165039,0.8430843620109865,0.013841248690423377,endothelial,0
0.31619465351104736,0.3211362957954407,0.0049416422843933105,1.2356719999541825,0.007279284860550248,beta,0
0.4515499472618103,0.45051419734954834,-0.0010357499122619629,1.8216168722048056,-0.0018849439007632412,delta,0
0.35783541202545166,0.35524606704711914,-0.0025893449783325195,0.9912185019907543,-0.004016020447480932,gamma,0
0.36074090003967285,0.35712701082229614,-0.003613889217376709,1.8104466979210785,-0.0056214668810385384,beta,0
0.25859272480010986,0.2748599648475647,0.016267240047454834,2.891731194733513,0.022433239455652475,quiescent_stellate,0
0.2347034215927124,0.2430105209350586,0.008307099342346191,0.6905871628674597,0.010973863669290882,endothelial,0
0.3006784915924072,0.30235737562179565,0.0016788840293884277,1.1889894989856564,0.002406510110939373,alpha,0
0.3647017478942871,0.36534029245376587,0.0006385445594787598,0.7749170301253635,0.0010061211573483143,beta,0
0.30317431688308716,0.26645421981811523,-0.036720097064971924,0.2845217550920197,-0.05005835771540676,ductal,0
0.3349984288215637,0.3397064805030823,0.004708051681518555,1.5254473734064191,0.007130240631629479,beta,0
0.3054041862487793,0.30195099115371704,-0.003453195095062256,1.2667618554968028,-0.004946923570265655,beta,0
0.31372129917144775,0.30264508724212646,-0.011076211929321289,1.5933765822553958,-0.015883177599649356,beta,0
0.2807619571685791,0.28117460012435913,0.0004126429557800293,1.256242703629671,0.0005740517180547847,quiescent_stellate,0
0.3999675512313843,0.3914479613304138,-0.008519589900970459,1.7192848195666857,-0.013999772179871337,beta,0
0.3976783752441406,0.3741363286972046,-0.023542046546936035,0.7179151524577524,-0.03761529487393157,epsilon,1
0.39613258838653564,0.3865821361541748,-0.00955045223236084,0.5741052911489933,-0.015569243732949429,beta,0
0.43624383211135864,0.4090859889984131,-0.027157843112945557,0.9515030997317074,-0.04595904413725709,beta,0
0.317844033241272,0.310524046421051,-0.007319986820220947,1.106484667490087,-0.010616739832947295,alpha,0
0.36973291635513306,0.3532745838165283,-0.016458332538604736,0.7869165452318316,-0.02544871768876889,beta,0
0.3690418601036072,0.36239200830459595,-0.0066498517990112305,0.5666016440745436,-0.010429373354197191,endothelial,0
0.23380166292190552,0.22758221626281738,-0.006219446659088135,0.5401514821193689,-0.008051920592760872,endothelial,0
0.23530912399291992,0.25154781341552734,0.016238689422607422,1.453584221171191,0.0216963617899387,quiescent_stellate,0
0.41292130947113037,0.4075824022293091,-0.005338907241821289,1.3585358498346995,-0.009012067267940677,beta,0
0.32444125413894653,0.336167573928833,0.011726319789886475,1.9855748029887963,0.01766457818170717,beta,0
0.3405052423477173,0.32863157987594604,-0.01187366247177124,1.4157845856174271,-0.017685762564728993,epsilon,1
0.2737891674041748,0.2698333263397217,-0.003955841064453125,1.5478564177214849,-0.005417723387213428,quiescent_stellate,0
0.3667919635772705,0.3572635054588318,-0.00952845811843872,0.630890157938564,-0.014824828213995882,beta,0
0.4166145324707031,0.38522064685821533,-0.03139388561248779,0.2617654556104072,-0.05106528944417481,mast,1
0.23601245880126953,0.20383328199386597,-0.032179176807403564,0.208799452838145,-0.04041763625587228,ductal,0
0.3399602174758911,0.35526978969573975,0.015309572219848633,0.5682217771526419,0.023745703202931595,alpha,0
0.22787415981292725,0.23629498481750488,0.008420825004577637,1.639129502347649,0.01102627956759639,acinar,0
0.2148851752281189,0.22302734851837158,0.008142173290252686,0.6730772971721675,0.010479356351508864,acinar,0
0.2558084726333618,0.26540786027908325,0.009599387645721436,1.9150156514223846,0.013067642745766918,endothelial,0
0.3282986283302307,0.343891978263855,0.015593349933624268,0.37171169983267766,0.02376643695402822,ductal,0
0.38983356952667236,0.36849039793014526,-0.0213431715965271,0.7349788161523823,-0.033797065834901135,endothelial,0
0.28199517726898193,0.28362494707107544,0.0016297698020935059,0.6327758000440699,0.002275023111748706,alpha,0
0.36043012142181396,0.34803879261016846,-0.012391328811645508,1.9971465225663214,-0.01900623636988309,delta,0
0.3773953914642334,0.3819626569747925,0.004567265510559082,1.1394617822957478,0.0073899507240176585,beta,0
0.31841105222702026,0.31013697385787964,-0.008274078369140625,1.4412030952291464,-0.011993798849332826,beta,0
0.3373340368270874,0.32881343364715576,-0.00852060317993164,1.1414599445293627,-0.012694835694092752,beta,0
0.3284953832626343,0.3468739986419678,0.018378615379333496,0.8227068828732064,0.02813946365803719,ductal,0
0.25332391262054443,0.24886155128479004,-0.0044623613357543945,1.5282209030716838,-0.005940797390131036,quiescent_stellate,0
0.35704904794692993,0.3455875515937805,-0.011461496353149414,1.4461080181875496,-0.017514178376440072,beta,0
0.32820576429367065,0.26450324058532715,-0.0637025237083435,0.04578541419256108,-0.08661156271992225,macrophage,0
0.4656103253364563,0.4711785912513733,0.005568265914916992,0.8736705223518189,0.010529577325724055,delta,0
0.23579150438308716,0.24596309661865234,0.010171592235565186,0.7723903350932829,0.013489515154964491,endothelial,0
0.32226014137268066,0.2993329167366028,-0.02292722463607788,1.0072875271956747,-0.0327219947728856,alpha,0
0.35571056604385376,0.35089319944381714,-0.004817366600036621,2.787125613290902,-0.007421531550599828,beta,0
0.24184060096740723,0.24455225467681885,0.002711653709411621,1.0945608855222007,0.003589465619824669,endothelial,0
0.3379829525947571,0.3301810026168823,-0.007801949977874756,0.8088385832232451,-0.011647848162497337,beta,0
0.39879292249679565,0.4003564715385437,0.0015635490417480469,0.558832729946536,0.002607464214213642,beta,0
0.27353131771087646,0.28687936067581177,0.013348042964935303,1.2842233723924124,0.018717790832116436,endothelial,0
0.3546203374862671,0.358737587928772,0.004117250442504883,1.2573263369201841,0.006420539181778146,delta,0
0.2802897095680237,0.277829110622406,-0.0024605989456176758,0.4253068798480852,-0.003407225328257628,acinar,0
0.2647925615310669,0.2790778875350952,0.01428532600402832,1.267428317910246,0.019815352805846616,acinar,0
0.25803351402282715,0.2604966163635254,0.002463102340698242,0.803322178649689,0.003330751954894442,endothelial,0
0.32840514183044434,0.3195938467979431,-0.00881129503250122,1.2560553880574936,-0.012950051952108925,beta,0
0.2690872550010681,0.26454395055770874,-0.004543304443359375,0.9015593942116567,-0.00617753358178866,endothelial,0
0.31083691120147705,0.3068912625312805,-0.003945648670196533,0.5052490273145942,-0.005692683495242481,acinar,0
0.3863590955734253,0.38704055547714233,0.000681459903717041,2.7273025770878196,0.0011117536564715237,beta,0
0.35959529876708984,0.3529295325279236,-0.00666576623916626,0.8737647058360442,-0.010301453356707109,delta,0
0.25360751152038574,0.2446979284286499,-0.00890958309173584,1.5386357742415595,-0.011796052767603446,quiescent_stellate,0
0.2525978088378906,0.2580721378326416,0.0054743289947509766,1.294910852397338,0.007378519225250661,quiescent_stellate,0
0.41072893142700195,0.40411263704299927,-0.0066162943840026855,1.4744813390312361,-0.011103263461017745,beta,0
0.3355664014816284,0.32371580600738525,-0.011850595474243164,1.2214043297279304,-0.017523099873560814,beta,0
0.2523982524871826,0.2542552947998047,0.0018570423126220703,1.318153516292517,0.002490185045462102,quiescent_stellate,0
0.3805195093154907,0.3440777063369751,-0.036441802978515625,1.0814596734030355,-0.055558110054477465,alpha,0
0.2649775743484497,0.26135581731796265,-0.0036217570304870605,1.4562125641790113,-0.004903249921141138,quiescent_stellate,0
0.2792966365814209,0.27054423093795776,-0.008752405643463135,1.0961872960986934,-0.011998541946850677,quiescent_stellate,0
0.33117836713790894,0.3345698118209839,0.003391444683074951,0.7380387507466354,0.005096619815755299,beta,0
0.2914881706237793,0.2857005000114441,-0.005787670612335205,1.5804382571807896,-0.008102582477557288,quiescent_stellate,0
0.4287930130958557,0.38601231575012207,-0.04278069734573364,0.5968746759956761,-0.06967680043615167,schwann,1
0.3684196472167969,0.3675955533981323,-0.0008240938186645508,1.0294256588245783,-0.0013031119927962205,beta,0
0.40092211961746216,0.4101649522781372,0.009242832660675049,0.8734346805962708,0.0156701991452931,beta,0
0.346333384513855,0.3375495672225952,-0.008783817291259766,0.8900365266066018,-0.01325958419927742,beta,0
0.34946054220199585,0.3601030111312866,0.010642468929290771,2.6806370929854797,0.016631534628887383,beta,0
0.3413482904434204,0.3333691954612732,-0.007979094982147217,0.5291668406565487,-0.0119692863393379,beta,0
0.39088720083236694,0.3765723705291748,-0.014314830303192139,1.3070479544786353,-0.022961494849599116,beta,0
0.41798555850982666,0.4071900248527527,-0.010795533657073975,0.7369596665823407,-0.01821078272914096,beta,0
0.3252110481262207,0.32857024669647217,0.003359198570251465,1.2205104439975414,0.005003052893804215,endothelial,0
0.3149282932281494,0.2928825616836548,-0.02204573154449463,0.3051514726614481,-0.031176902661297353,ductal,0
0.3046218156814575,0.2990608811378479,-0.005560934543609619,0.737099612909309,-0.007933548569291996,beta,0
0.3579294681549072,0.3596263527870178,0.0016968846321105957,0.7887007820030753,0.002649835200895186,beta,0
0.38901233673095703,0.3913053870201111,0.0022930502891540527,0.8724680579846521,0.0037671604779420226,beta,0
0.33838921785354614,0.3315795063972473,-0.006809711456298828,1.5253481487935405,-0.010187765817284906,beta,0
0.31292837858200073,0.31137239933013916,-0.0015559792518615723,1.427176761422439,-0.0022595365773140624,alpha,0
0.269308865070343,0.26860636472702026,-0.0007025003433227539,1.6864561853439033,-0.0009604955655111192,quiescent_stellate,0
0.2872905731201172,0.27977943420410156,-0.007511138916015625,1.166904253566193,-0.01042894256666393,quiescent_stellate,0
0.350691020488739,0.34109264612197876,-0.009598374366760254,1.1864845004900044,-0.01456710766736583,beta,0
0.3646278381347656,0.35266733169555664,-0.011960506439208984,1.0560267538259573,-0.018476599474791078,beta,0
0.34770750999450684,0.357904314994812,0.010196805000305176,0.8269742538974889,0.015880506968712595,alpha,0
0.2864758372306824,0.27933430671691895,-0.007141530513763428,0.2961220824051217,-0.009909630193757814,ductal,0
0.2889115810394287,0.28870272636413574,-0.00020885467529296875,1.669484512428645,-0.00029362501872865057,quiescent_stellate,0
0.37201178073883057,0.36877286434173584,-0.0032389163970947266,1.5125176147035417,-0.0051311425224409585,beta,0
0.24878430366516113,0.2591714859008789,0.010387182235717773,0.9830615966996774,0.014021034609269904,endothelial,0
0.4237169623374939,0.4038466215133667,-0.019870340824127197,0.891825933901072,-0.03333092043287434,delta,0
0.3742034435272217,0.37059617042541504,-0.0036072731018066406,0.8985378698229872,-0.005731253818784043,beta,0
0.4232041835784912,0.41162097454071045,-0.011583209037780762,1.147008676053426,-0.019686645064784375,beta,0
0.35465121269226074,0.3442878723144531,-0.010363340377807617,0.7111037108145782,-0.01580471054330942,alpha,0
0.38366174697875977,0.3691922426223755,-0.014469504356384277,1.2338520848883092,-0.02293805709767501,beta,0
0.3733714818954468,0.36326420307159424,-0.010107278823852539,1.4090624656638993,-0.015873583474668374,beta,0
0.3057482838630676,0.29382002353668213,-0.011928260326385498,0.7604625601844106,-0.01689124688315926,endothelial,0
0.40200817584991455,0.41319841146469116,0.011190235614776611,0.928839903682086,0.019069879552828232,beta,0
0.2839503288269043,0.2883723974227905,0.0044220685958862305,1.4461322768609066,0.006214020619592885,endothelial,0
0.3471376895904541,0.34075927734375,-0.0063784122467041016,1.5655142910534243,-0.009675391746134618,alpha,0
0.3304670453071594,0.33171218633651733,0.0012451410293579102,1.429350472931344,0.0018631808090771244,quiescent_stellate,0
0.2777189016342163,0.2620377540588379,-0.015681147575378418,0.7880960582385977,-0.021249254499977062,endothelial,0
0.31642967462539673,0.3051993250846863,-0.01123034954071045,0.7957843068270497,-0.016163411962832747,alpha,0
0.3711436986923218,0.3896629810333252,0.018519282341003418,1.236750922098953,0.030342715197510566,alpha,0
0.3106310963630676,0.30831146240234375,-0.002319633960723877,0.8618497182058712,-0.0033535816117183795,ductal,0
0.28513526916503906,0.28228282928466797,-0.0028524398803710938,1.2867580950121906,-0.003974323029680526,quiescent_stellate,0
0.26288658380508423,0.2667468786239624,0.003860294818878174,1.2721517974314405,0.005264614232577513,endothelial,0
0.4491778612136841,0.4334874153137207,-0.01569044589996338,0.9240040158481493,-0.027696553128916564,beta,0
0.4051140546798706,0.3929239511489868,-0.012190103530883789,0.43434763847499214,-0.020080027129970743,gamma,0
0.39726585149765015,0.3834158778190613,-0.013849973678588867,1.0741158570021239,-0.02246242350451662,epsilon,1
0.2666815519332886,0.26929813623428345,0.002616584300994873,0.9377942958020393,0.0035809191556049227,activated_stellate,0
0.3300042748451233,0.3370242118835449,0.007019937038421631,1.0316921889933106,0.0105885270084532,alpha,0
0.325046181678772,0.30328816175460815,-0.02175801992416382,0.9622293917913944,-0.031229582633416277,activated_stellate,0
0.3868269920349121,0.3855016827583313,-0.0013253092765808105,0.7843639009973594,-0.002156733776798278,beta,0
0.43823152780532837,0.427060604095459,-0.011170923709869385,1.0009005822537682,-0.019497566042274046,beta,0
0.4680638313293457,0.3492565155029297,-0.11880731582641602,0.17679955303956998,-0.18257165635432634,mast,1
0.3159630298614502,0.32823097705841064,0.01226794719696045,0.7756625345716025,0.01826215079588026,activated_stellate,0
0.44895100593566895,0.43315553665161133,-0.015795469284057617,0.8782607497665804,-0.027865614476946125,epsilon,1
0.2861427664756775,0.2862187623977661,7.599592208862305e-05,1.9458147359008515,0.00010646948684713537,quiescent_stellate,0
0.3525620698928833,0.36549752950668335,0.012935459613800049,1.0073174614653375,0.020386775805211463,endothelial,0
0.3729707598686218,0.36696386337280273,-0.006006896495819092,0.7950670357023227,-0.009489026215507547,gamma,0
0.40296465158462524,0.39563339948654175,-0.007331252098083496,0.9504130993871829,-0.012130471955026974,beta,0
0.3592168688774109,0.3595007658004761,0.00028389692306518555,0.863146630399046,0.0004432431889165193,quiescent_stellate,0
0.34814560413360596,0.34868937730789185,0.0005437731742858887,0.9595433916455652,0.0008348906886214639,quiescent_stellate,0
0.374813437461853,0.3795158863067627,0.004702448844909668,0.5445537005454197,0.007578677263660812,alpha,0
0.34870338439941406,0.3488813638687134,0.0001779794692993164,1.2411557803007967,0.00027334414870507556,beta,0
0.4997478723526001,0.5070345997810364,0.007286727428436279,1.8827639640698453,0.014781417570481998,beta,0
0.4131854772567749,0.40384435653686523,-0.009341120719909668,0.949310188563492,-0.01566892945212437,beta,0
0.43303000926971436,0.4237491488456726,-0.009280860424041748,1.0120969799999724,-0.01610559082984541,beta,0
0.6464161276817322,0.49400949478149414,-0.15240663290023804,2.320478245278112,-0.30120453116886664,t_cell,1
0.3735286593437195,0.3670697808265686,-0.006458878517150879,1.678054589127711,-0.010204724504362873,beta,0
0.40732336044311523,0.3981097936630249,-0.009213566780090332,1.6618579264508788,-0.015307720051075249,beta,0
0.4320991635322571,0.4243677258491516,-0.007731437683105469,1.4506176916641573,-0.013431209524362758,beta,0
0.37683600187301636,0.38578319549560547,0.008947193622589111,0.7692722270247974,0.014566833009084656,alpha,0
0.40071600675582886,0.3962855935096741,-0.004430413246154785,1.0066129497240868,-0.007338591225461801,beta,0
0.30104732513427734,0.2899346947669983,-0.011112630367279053,1.3288053567110363,-0.015650152578054126,endothelial,0
0.2735258936882019,0.2774624824523926,0.003936588764190674,1.1627101848910082,0.005448282848414574,endothelial,0
0.4892253875732422,0.34006643295288086,-0.14915895462036133,0.1331455954148127,-0.22602116647555132,mast,1
0.3430296778678894,0.3282034397125244,-0.01482623815536499,1.2675850071488122,-0.02206953567761725,beta,0
0.3935389518737793,0.38298290967941284,-0.010556042194366455,0.5487033038544705,-0.01710818445706551,quiescent_stellate,0
0.4179065227508545,0.40982240438461304,-0.008084118366241455,1.2490144668243686,-0.01369777237614726,beta,0
0.392087459564209,0.38369596004486084,-0.008391499519348145,1.437211764323004,-0.013615843764319577,beta,0
0.467515230178833,0.44745850563049316,-0.020056724548339844,0.9089973242511962,-0.036299037724263836,beta,0
0.3481787443161011,0.3359084129333496,-0.012270331382751465,1.0676157592402362,-0.018476866175869768,beta,0
0.3912571668624878,0.36006230115890503,-0.031194865703582764,0.6165396661581053,-0.04874672293892919,beta,0
0.40825986862182617,0.40873950719833374,0.00047963857650756836,0.944928612455986,0.0008112136399217517,endothelial,0
0.5454031229019165,0.4624253511428833,-0.0829777717590332,1.7729081436522105,-0.15435581260285225,t_cell,1
0.3269256353378296,0.30816036462783813,-0.018765270709991455,1.1807559989559129,-0.02712372889693872,ductal,0
0.34011632204055786,0.33022189140319824,-0.00989443063735962,0.866286292250674,-0.014772699361716442,quiescent_stellate,0
0.4114152789115906,0.42164456844329834,0.010229289531707764,2.2247819071652355,0.01768685651343259,beta,0
0.3827071785926819,0.3761153817176819,-0.006591796875,0.9201214902627161,-0.010565730716600394,beta,0
0.31242698431015015,0.3122715353965759,-0.00015544891357421875,2.844371285070152,-0.0002260323973413806,quiescent_stellate,0
0.29618585109710693,0.29346203804016113,-0.0027238130569458008,1.1244106535490253,-0.003855154575686661,quiescent_stellate,0
0.2900735139846802,0.2919900417327881,0.0019165277481079102,0.7000185859626792,0.002706922022394194,quiescent_stellate,0
0.35986965894699097,0.3723827004432678,0.012513041496276855,0.8708657734042609,0.01993737506138606,beta,0
0.37608206272125244,0.3760353922843933,-4.667043685913086e-05,1.0807138896719288,-7.479660910575639e-05,beta,0
0.3725266456604004,0.36225128173828125,-0.01027536392211914,0.9499767291269575,-0.016111931906544964,alpha,0
0.444415807723999,0.4477006196975708,0.0032848119735717773,1.0298303518707363,0.005947520657678583,beta,0
0.4506816864013672,0.4423561096191406,-0.008325576782226562,0.859333537813221,-0.01492991661137068,beta,0
0.44881200790405273,0.44448578357696533,-0.004326224327087402,1.2002422617383246,-0.007787783281126509,beta,0
0.37803876399993896,0.3743816018104553,-0.0036571621894836426,1.379057621276927,-0.005845675574866368,alpha,0
0.41367387771606445,0.41235601902008057,-0.0013178586959838867,0.8407463066309782,-0.0022426141314104936,endothelial,0
0.36828935146331787,0.3581991195678711,-0.010090231895446777,1.6248141939493639,-0.015721748291546368,beta,0
0.2904345989227295,0.2920228838920593,0.001588284969329834,0.9551093713437913,0.0022434128634853763,endothelial,0
0.4358406066894531,0.4207615852355957,-0.015079021453857422,0.9261347892799032,-0.026032495548470428,beta,0
0.3164454698562622,0.31439292430877686,-0.0020525455474853516,0.734004636952555,-0.002993763658894554,quiescent_stellate,0
0.28314483165740967,0.270610511302948,-0.01253432035446167,0.9579504301663375,-0.01718467368765131,delta,0
0.2893229126930237,0.29153645038604736,0.0022135376930236816,1.1680533468490604,0.003124420013181844,delta,0
0.21217530965805054,0.21418529748916626,0.0020099878311157227,1.1776936784262186,0.0025578394304578587,alpha,0
0.2425328493118286,0.2412968873977661,-0.0012359619140625,1.3105202946478358,-0.0016290455298428163,delta,0
0.2871703505516052,0.2920510768890381,0.004880726337432861,4.929996481804844,0.006894178630833047,delta,0
0.3302549719810486,0.32183903455734253,-0.008415937423706055,0.9029900607715547,-0.012409940784799818,delta,0
0.3045812249183655,0.3108009696006775,0.006219744682312012,1.973765628139325,0.009024598712375272,delta,0
0.28320813179016113,0.3018326759338379,0.018624544143676758,1.4219203442360377,0.02667633316782353,delta,0
0.1557270884513855,0.14255094528198242,-0.013176143169403076,1.3872191173072466,-0.015366677584986327,activated_stellate,0
0.16448193788528442,0.16503024101257324,0.0005483031272888184,0.5383751200932089,0.000656674234470179,ductal,0
0.3282470703125,0.33078277111053467,0.002535700798034668,0.6637475998251542,0.0037890548667471467,delta,0
0.27725183963775635,0.2840654253959656,0.0068135857582092285,1.7098890594426308,0.009517050858980589,delta,0
0.22039389610290527,0.21906542778015137,-0.0013284683227539062,2.107131430733803,-0.0017011262787068875,alpha,0
0.281091570854187,0.2862619161605835,0.005170345306396484,0.7570749189054556,0.00724403730649149,delta,0
0.20767247676849365,0.19838577508926392,-0.009286701679229736,1.3280752060999055,-0.011585001102324324,alpha,0
0.22443914413452148,0.2180393934249878,-0.006399750709533691,1.8324175011032888,-0.008184236719499978,alpha,0
0.2148006558418274,0.21837520599365234,0.003574550151824951,2.317142780440023,0.004573230249648301,beta,0
0.19769757986068726,0.18931615352630615,-0.008381426334381104,1.0001798916607731,-0.010338711411160547,ductal,0
0.23169344663619995,0.2263442873954773,-0.005349159240722656,1.8458480497478167,-0.00691413396627634,alpha,0
0.23673421144485474,0.23473799228668213,-0.0019962191581726074,2.692803238711665,-0.002608543398276777,alpha,0
0.2016671895980835,0.20511376857757568,0.0034465789794921875,1.1018883200498484,0.004335939966307683,ductal,0
0.253619909286499,0.2434065341949463,-0.010213375091552734,1.1380014106188647,-0.013499158469053373,alpha,0
0.22265475988388062,0.2198750376701355,-0.002779722213745117,1.0461494683174146,-0.0035631755782348008,alpha,0
0.280392050743103,0.28089070320129395,0.000498652458190918,3.5024497150802794,0.0006934306932350804,delta,0
0.1906326413154602,0.17612212896347046,-0.014510512351989746,0.3142552275626729,-0.017612455513259406,ductal,0
0.22158843278884888,0.21900975704193115,-0.0025786757469177246,0.9045137947519606,-0.003301802769200758,alpha,0
0.27139216661453247,0.27750104665756226,0.006108880043029785,2.771807823946875,0.008455209540122894,delta,0
0.21653831005096436,0.20793628692626953,-0.008602023124694824,0.9766551974316066,-0.010860266646117762,ductal,0
0.19843900203704834,0.19100958108901978,-0.0074294209480285645,0.848772592234446,-0.00918357099708258,ductal,0
0.18047738075256348,0.17087972164154053,-0.00959765911102295,0.690762792910649,-0.011575713875946868,ductal,0
0.22919762134552002,0.22974467277526855,0.0005470514297485352,1.4548298481591104,0.0007102208974257781,activated_stellate,0
0.237343430519104,0.23403972387313843,-0.003303706645965576,1.1447402958956412,-0.004313156633488918,ductal,0
0.24411702156066895,0.23629075288772583,-0.007826268672943115,1.484178364661929,-0.010247707098657877,alpha,0
0.27782881259918213,0.2707556486129761,-0.007073163986206055,1.9660463253707416,-0.009699305826302096,delta,0
0.3044412136077881,0.29533451795578003,-0.009106695652008057,0.6685674503769437,-0.01292343088182739,delta,0
0.31528806686401367,0.32695472240448,0.011666655540466309,0.7686886106243469,0.01733413178701124,delta,0
0.22584658861160278,0.21284878253936768,-0.012997806072235107,1.0550485789985915,-0.016512463912799785,alpha,0
0.18610966205596924,0.18667352199554443,0.0005638599395751953,0.590065508879224,0.0006932762609163529,ductal,0
0.21979278326034546,0.21726596355438232,-0.0025268197059631348,2.380352131969943,-0.003228197048179202,alpha,0
0.2298274040222168,0.29660725593566895,0.06677985191345215,0.3994977756338834,0.0949396371756496,macrophage,0
0.2463911771774292,0.2445828914642334,-0.0018082857131958008,1.0609893229462377,-0.0023937579553907923,alpha,0
0.33603811264038086,0.347469687461853,0.011431574821472168,0.9886874272240758,0.017518841043578152,delta,0
0.1803206205368042,0.1851586103439331,0.004837989807128906,0.8048607951011925,0.005937339301297586,ductal,0
0.27474331855773926,0.2710229158401489,-0.003720402717590332,1.8216984874708964,-0.005103593512652199,delta,0
0.26633936166763306,0.2588639259338379,-0.007475435733795166,1.798768639824405,-0.010086455099644528,alpha,0
0.2527027726173401,0.2404232621192932,-0.012279510498046875,2.275529115152086,-0.01616625402761531,alpha,0
0.25244367122650146,0.25197774171829224,-0.0004659295082092285,1.3633559506376731,-0.0006228818769103497,alpha,0
0.2305404543876648,0.22744637727737427,-0.0030940771102905273,0.733876992596929,-0.004004999807503862,alpha,0
0.1766749620437622,0.17530971765518188,-0.0013652443885803223,0.9128469249563265,-0.0016554631693956213,ductal,0
0.160270094871521,0.16515928506851196,0.004889190196990967,1.673081022174621,0.005856434777971032,activated_stellate,0
0.1765749454498291,0.18209898471832275,0.005524039268493652,1.1778573645028418,0.006753921520186922,ductal,0
0.2288551926612854,0.2262566089630127,-0.002598583698272705,1.0975130837030471,-0.003358456729161884,alpha,0
0.3055461645126343,0.3257083296775818,0.02016216516494751,1.200237069726838,0.029901252013548974,quiescent_stellate,0
0.3264889717102051,0.3193305730819702,-0.007158398628234863,2.438081578723255,-0.010516703623147921,beta,0
0.21819984912872314,0.21940499544143677,0.001205146312713623,1.9151809904746322,0.0015438816616500756,alpha,0
0.2517378330230713,0.2646557688713074,0.012917935848236084,2.1698761527359522,0.017567195473075406,beta,0
0.20910882949829102,0.2058773636817932,-0.0032314658164978027,1.519897053854371,-0.0040692276843786465,beta,0
0.28779733180999756,0.28352558612823486,-0.004271745681762695,0.9505431660805916,-0.005962174781201962,beta,0
0.27515554428100586,0.25881218910217285,-0.016343355178833008,0.8581134797076955,-0.0220502211970212,alpha,0
0.263947069644928,0.24748927354812622,-0.016457796096801758,1.0627661502478742,-0.021870513626298858,delta,0
0.2782410979270935,0.2785069942474365,0.0002658963203430176,0.921344822578037,0.00036853624113191596,delta,0
0.2549501061439514,0.2586350440979004,0.0036849379539489746,0.9112373874231731,0.004970477663683345,alpha,0
0.23594987392425537,0.2331957221031189,-0.0027541518211364746,1.135106841961543,-0.003591727251040258,beta,0
0.2536661624908447,0.25308018922805786,-0.0005859732627868652,3.1260762888353772,-0.0007845196423177763,alpha,0
0.24182558059692383,0.235823392868042,-0.006002187728881836,1.6168188169639484,-0.007854451016773114,alpha,0
0.2673444151878357,0.255609393119812,-0.011735022068023682,1.0364791549230519,-0.015764602561558747,alpha,0
0.18953287601470947,0.18457883596420288,-0.004954040050506592,0.5678402919677257,-0.006075437171617376,ductal,0
0.19186115264892578,0.20562702417373657,0.013765871524810791,1.26579599111955,0.017329229396924387,beta,0
0.2069915533065796,0.19578033685684204,-0.011211216449737549,2.1116389655539836,-0.013940490345536176,ductal,0
0.17997539043426514,0.18281829357147217,0.0028429031372070312,1.0555012581125485,0.0034789118684898958,activated_stellate,0
0.169746994972229,0.17048853635787964,0.0007415413856506348,0.5771198027677982,0.0008939495331321438,ductal,0
0.27079278230667114,0.2673133611679077,-0.0034794211387634277,1.7366915798199019,-0.004748852994384679,alpha,0
0.23962974548339844,0.24900305271148682,0.009373307228088379,1.0690267158516997,0.012481152236278534,beta,0
0.17981767654418945,0.18048614263534546,0.0006684660911560059,0.5739544767687021,0.0008156861353212753,ductal,0
0.2627146244049072,0.26329559087753296,0.0005809664726257324,0.7351039177259011,0.0007886018672234588,alpha,0
0.2826758623123169,0.28121447563171387,-0.0014613866806030273,1.8090629250450423,-0.0020331331545489677,beta,0
0.26474529504776,0.25268107652664185,-0.012064218521118164,1.111083361753027,-0.01614333337773194,alpha,0
0.21071630716323853,0.2080439329147339,-0.0026723742485046387,0.7688195621608126,-0.003374397090409457,ductal,0
0.22095924615859985,0.2244759202003479,0.003516674041748047,2.4841580767111133,0.004534577498427309,alpha,0
0.24475544691085815,0.25612372159957886,0.011368274688720703,2.3773602545314856,0.015282480459205173,beta,0
0.2580939531326294,0.267111599445343,0.009017646312713623,0.9576044178351255,0.01230425574465223,alpha,0
0.19273018836975098,0.1871129870414734,-0.005617201328277588,1.0280590254353368,-0.006910187072411964,ductal,0
0.2085450291633606,0.2021716833114624,-0.006373345851898193,1.0659070722759085,-0.00798836757054622,ductal,0
0.24127089977264404,0.24414193630218506,0.0028710365295410156,1.2501309264655238,0.003798380499501861,alpha,0
0.21799010038375854,0.21235406398773193,-0.005636036396026611,0.7747188917511569,-0.007155545579986115,alpha,0
0.1781664490699768,0.1889815330505371,0.010815083980560303,1.2716946461925185,0.013335188311111816,ductal,0
0.2549448013305664,0.26008957624435425,0.005144774913787842,1.5981043918663667,0.006953240214773479,alpha,0
0.24639511108398438,0.24585658311843872,-0.0005385279655456543,2.287492489359402,-0.0007140922449107985,alpha,0
0.22894513607025146,0.22809511423110962,-0.0008500218391418457,1.5661696918650556,-0.0011012002318072432,alpha,0
0.2623502016067505,0.2675894498825073,0.005239248275756836,1.1407120620455757,0.007153430920562737,beta,0
0.2663297653198242,0.2685995101928711,0.002269744873046875,1.6430916940808262,0.0031032859625858456,alpha,0
0.2616145610809326,0.2549594044685364,-0.00665515661239624,1.0421126650404815,-0.008932609380363875,beta,0
0.2348402738571167,0.23452848196029663,-0.00031179189682006836,1.5797440413935784,-0.00040732004976297024,alpha,0
0.1949150562286377,0.18269062042236328,-0.012224435806274414,0.7261563383371828,-0.01495692587376358,ductal,0
0.2861640453338623,0.28287315368652344,-0.003290891647338867,0.5748186451217608,-0.004588995188586657,delta,0
0.2657703757286072,0.2700653076171875,0.004294931888580322,0.8799774848805051,0.005883994737337208,gamma,0
0.2742919921875,0.2828984260559082,0.008606433868408203,1.2766491717864883,0.012001694294257952,alpha,0
0.20847809314727783,0.20298165082931519,-0.0054964423179626465,1.1817800913766079,-0.006896255680539622,ductal,0
0.21528667211532593,0.2163117527961731,0.001025080680847168,1.4701822099449087,0.00130802099496148,alpha,0
0.2448633909225464,0.24758243560791016,0.0027190446853637695,1.173741455106183,0.0036137443010924412,beta,0
0.25365138053894043,0.2559940814971924,0.002342700958251953,0.7602737428384406,0.00314876656218846,beta,0
0.3072276711463928,0.30762553215026855,0.0003978610038757324,0.9142249161847836,0.0005746326913402036,gamma,0
0.30136001110076904,0.2940014600753784,-0.007358551025390625,1.612875694616767,-0.010422898362050842,alpha,0
0.3048306107521057,0.3088216781616211,0.003991067409515381,0.9921076100222722,0.0057742948287209574,delta,0
0.24063801765441895,0.2365260124206543,-0.0041120052337646484,0.7334712473072676,-0.005385913994007948,beta,0
0.2367633581161499,0.23240327835083008,-0.004360079765319824,1.1535873451446674,-0.005680169863091988,alpha,0
0.23504018783569336,0.23388218879699707,-0.001157999038696289,2.5769171785781424,-0.0015115156203951601,beta,0
0.22040724754333496,0.21970009803771973,-0.0007071495056152344,1.6430053501094752,-0.0009062534851496342,alpha,0
0.2288219928741455,0.22780710458755493,-0.0010148882865905762,1.4906392209981443,-0.0013142937375103694,alpha,0
0.2591591477394104,0.26085519790649414,0.0016960501670837402,2.103828782773799,0.002294611505458684,alpha,0
0.24073868989944458,0.2444096803665161,0.003670990467071533,0.8891716552202953,0.004858440310421433,beta,0
0.26566392183303833,0.2679787874221802,0.0023148655891418457,1.4020623340817426,0.003162293044746646,ductal,0
0.20577526092529297,0.22274821996688843,0.01697295904159546,0.47047879698947714,0.021837143995826418,ductal,0
0.2336096167564392,0.23679745197296143,0.003187835216522217,1.3714918123293707,0.004176918990591838,alpha,0
0.23174160718917847,0.23224031925201416,0.0004987120628356934,1.864261123369325,0.0006495679251479131,beta,0
0.2497766613960266,0.24772775173187256,-0.0020489096641540527,0.6583062542488852,-0.002723627873912708,alpha,0
0.1663733720779419,0.17048168182373047,0.004108309745788574,1.1350891902712785,0.004952644993809014,ductal,0
0.25103628635406494,0.2429720163345337,-0.00806427001953125,1.3574348707835395,-0.010652538867169385,alpha,0
0.21391433477401733,0.2196919322013855,0.005777597427368164,4.39887528853969,0.007404251815142418,beta,0
0.23581677675247192,0.24117213487625122,0.005355358123779297,2.5278848173625934,0.007057408366133143,alpha,0
0.310011088848114,0.2878111004829407,-0.02219998836517334,1.7075529965581513,-0.03117148888479913,ductal,0
0.23959565162658691,0.2298329472541809,-0.009762704372406006,0.7219503754532044,-0.012676086749750935,alpha,0
0.27892953157424927,0.2871630787849426,0.00823354721069336,1.685967073781554,0.011550393877829683,delta,0
0.37616127729415894,0.3808399438858032,0.004678666591644287,1.3376669333943338,0.007556473557107764,beta,0
0.19821733236312866,0.1989452838897705,0.0007279515266418457,0.9010449518979088,0.0009087413281537632,ductal,0
0.24377310276031494,0.24795585870742798,0.004182755947113037,0.9748976318225243,0.005561848989241438,beta,0
0.2521173357963562,0.2526220679283142,0.0005047321319580078,1.7245404946400833,0.0006753372160172315,alpha,0
0.2236344814300537,0.22849512100219727,0.004860639572143555,1.223884929666369,0.0063002058761541515,beta,0
0.2167794108390808,0.2197962999343872,0.0030168890953063965,0.7655231978078588,0.0038667967032874687,ductal,0
0.24201440811157227,0.24037981033325195,-0.0016345977783203125,1.4205047986994523,-0.0021518619443717324,alpha,0
0.22892528772354126,0.2216660976409912,-0.007259190082550049,0.8983013624576608,-0.009326575728679651,alpha,0
0.2397444248199463,0.24232763051986694,0.0025832056999206543,1.970665883782546,0.0034093967313247636,alpha,0
0.25414764881134033,0.25442641973495483,0.00027877092361450195,0.7468946719575119,0.00037390129021927146,alpha,0
0.26320958137512207,0.23609018325805664,-0.02711939811706543,0.5415134977254752,-0.03550078493915551,ductal,0
0.21003955602645874,0.20622175931930542,-0.0038177967071533203,0.9902272469128862,-0.004809651501506789,alpha,0
0.2678481340408325,0.2651718854904175,-0.002676248550415039,1.7179379407560436,-0.0036420062019553276,ductal,0
0.2556493878364563,0.25954997539520264,0.003900587558746338,1.6633398003306934,0.0052678606646386576,beta,0
0.2611464262008667,0.2607218623161316,-0.0004245638847351074,1.036357708074587,-0.0005742951983745261,ductal,0
0.22684288024902344,0.2277519702911377,0.0009090900421142578,1.419493867404575,0.0011771995617223976,beta,0
0.2254941463470459,0.22898262739181519,0.003488481044769287,1.1664626996997678,0.004524516786137401,alpha,0
0.24857521057128906,0.25390052795410156,0.0053253173828125,1.2763113194756441,0.007137543427299059,beta,0
0.25380825996398926,0.2522433400154114,-0.0015649199485778809,0.679712779318892,-0.0020928198066602764,alpha,0
0.19041192531585693,0.1924828290939331,0.002070903778076172,1.896362868041974,0.002564532189145321,activated_stellate,0
0.25076520442962646,0.24030977487564087,-0.010455429553985596,1.4898363375953716,-0.01376275382808048,alpha,0
0.2920360565185547,0.2911287546157837,-0.0009073019027709961,1.0832301605619177,-0.0012799248222845152,beta,0
0.2443854808807373,0.23245465755462646,-0.01193082332611084,0.843654946719655,-0.015544128361328648,alpha,0
0.2884061336517334,0.282495379447937,-0.005910754203796387,0.9376206469669545,-0.008237931902443402,alpha,0
0.2520836591720581,0.2469056248664856,-0.00517803430557251,1.496418314158275,-0.006875677838723079,alpha,0
0.2522910237312317,0.2498399019241333,-0.0024511218070983887,1.816336723774267,-0.0032674649230016724,alpha,0
0.2673850655555725,0.25286585092544556,-0.014519214630126953,1.2542156440536414,-0.019433209749696666,beta,0
0.17439734935760498,0.17719846963882446,0.0028011202812194824,0.8633589630320685,0.003404369313690882,ductal,0
0.19332599639892578,0.18468207120895386,-0.008643925189971924,2.2698939382330745,-0.010601907409038755,activated_stellate,0
0.2728688716888428,0.2697591781616211,-0.0031096935272216797,1.8802772054185157,-0.004258449314560416,alpha,0
0.22372490167617798,0.22159886360168457,-0.002126038074493408,1.5947533561168865,-0.0027312885029056456,alpha,0
0.20432400703430176,0.20139122009277344,-0.0029327869415283203,0.9374174597116437,-0.003672370020611367,ductal,0
0.2909625768661499,0.2934788465499878,0.0025162696838378906,0.8620033936895568,0.003561492351008457,delta,0
0.2650381326675415,0.25491923093795776,-0.01011890172958374,1.2096669660742516,-0.013580946052764312,alpha,0
0.24975228309631348,0.25085556507110596,0.0011032819747924805,1.2203863465574674,0.001472722646464296,alpha,0
0.2606791853904724,0.21394109725952148,-0.04673808813095093,0.9724890378823418,-0.059458760619599205,ductal,0
0.2085263729095459,0.2065141797065735,-0.002012193202972412,0.8565521481322171,-0.0025358905622640043,ductal,0
0.25800424814224243,0.25777220726013184,-0.0002320408821105957,0.993716300732487,-0.00031262758465839353,alpha,0
0.24836033582687378,0.25028127431869507,0.001920938491821289,2.0908978373684017,0.0025622122350960905,alpha,0
0.25414156913757324,0.25173163414001465,-0.0024099349975585938,1.3344780786106474,-0.0032206827222862134,alpha,0
0.2332218885421753,0.23529529571533203,0.0020734071731567383,1.7412139648144953,0.0027113827880740934,alpha,0
0.22260552644729614,0.2188534140586853,-0.00375211238861084,0.7510036887383439,-0.004803339675471263,activated_stellate,0
0.2608119249343872,0.2514268159866333,-0.009385108947753906,1.385949620238255,-0.012537329880609674,alpha,0
0.240714430809021,0.20661687850952148,-0.03409755229949951,0.064419699832781,-0.0429774107564106,macrophage,0
0.2632235884666443,0.2555983066558838,-0.007625281810760498,1.6256640438825831,-0.010243504117387253,alpha,0
0.29155391454696655,0.2997754216194153,0.00822150707244873,0.6130855804704032,0.011741243204376915,delta,0
0.2447553277015686,0.25018149614334106,0.005426168441772461,1.0248784062126781,0.007236642485965869,alpha,0
0.21638363599777222,0.21064960956573486,-0.0057340264320373535,1.2238788441010346,-0.007264234618143091,activated_stellate,0
0.2208925485610962,0.2113722562789917,-0.009520292282104492,1.0725513522826857,-0.012071972306204425,alpha,0
0.35310351848602295,0.3274456858634949,-0.025657832622528076,1.5394182891779433,-0.03814982981035555,delta,0
0.2586323022842407,0.2632259130477905,0.004593610763549805,1.503731681329727,0.006234761570608505,alpha,0
0.23386669158935547,0.23880267143249512,0.0049359798431396484,1.1701648220065177,0.00648449443776774,alpha,0
0.26656824350357056,0.27254897356033325,0.005980730056762695,2.0801820637025825,0.008221488236856209,alpha,0
0.16803830862045288,0.17744392156600952,0.00940561294555664,2.124072350801953,0.011434616061026937,ductal,0
0.20905745029449463,0.21360570192337036,0.004548251628875732,1.3381424509405182,0.005783678289631407,alpha,0
0.25599080324172974,0.25848984718322754,0.0024990439414978027,1.2754923113696732,0.0033702086640414724,alpha,0
0.23924648761749268,0.24017536640167236,0.0009288787841796875,1.647484388525195,0.0012224910105648513,alpha,0
0.19938373565673828,0.19882625341415405,-0.0005574822425842285,1.0126518245045375,-0.0006958318903482619,ductal,0
0.23128759860992432,0.23985981941223145,0.008572220802307129,1.3572829259735482,0.011277157846962873,beta,0
0.24034345149993896,0.24780386686325073,0.007460415363311768,1.8483188664711288,0.00991817829772792,beta,0
0.24510765075683594,0.24070334434509277,-0.004404306411743164,1.375207138846713,-0.005800508113583576,alpha,0
0.3015984296798706,0.2935602068901062,-0.008038222789764404,1.345841501922528,-0.011378496608151826,gamma,0
0.2404094934463501,0.23518741130828857,-0.0052220821380615234,0.9494958131218482,-0.006827923880011465,ductal,0
0.2697230577468872,0.2836681008338928,0.013945043087005615,3.222773740203455,0.019467293168486915,beta,0
0.19077807664871216,0.1764775514602661,-0.014300525188446045,0.04842857794918637,-0.01736507027076635,endothelial,0
0.26094383001327515,0.2620334029197693,0.0010895729064941406,0.8254873869517496,0.0014764528784975395,gamma,0
0.23849302530288696,0.23769497871398926,-0.0007980465888977051,1.0932916518314786,-0.0010468861762859677,ductal,0
0.2438456416130066,0.2364962100982666,-0.00734943151473999,2.157628922860534,-0.009625926697346058,alpha,0
0.19396507740020752,0.19985556602478027,0.005890488624572754,1.2425007767493217,0.007361781666477456,ductal,0
0.24859833717346191,0.24965673685073853,0.0010583996772766113,0.9389250383261476,0.0014105539814329884,delta,0
0.188681960105896,0.19930052757263184,0.01061856746673584,1.850557438031344,0.01326161416660488,ductal,0
0.26747989654541016,0.2801850438117981,0.01270514726638794,2.328340259361604,0.01765057416098766,beta,0
0.26399844884872437,0.28074926137924194,0.016750812530517578,2.4982705914480445,0.023289253150631576,beta,0
0.1931341290473938,0.1824779510498047,-0.010656177997589111,0.04823071061664081,-0.013034728557196751,endothelial,0
0.22256577014923096,0.22742968797683716,0.004863917827606201,0.4543435096425991,0.006295760724831442,beta,0
0.2206263542175293,0.23219096660614014,0.01156461238861084,1.6064162015923533,0.015061834239554444,alpha,0
0.32482361793518066,0.32011914253234863,-0.004704475402832031,0.6975600691527208,-0.006919558553765973,delta,0
0.2707304358482361,0.28111016750335693,0.01037973165512085,1.5041014607989192,0.014438556766163915,beta,0
0.20084482431411743,0.204167902469635,0.003323078155517578,1.6603486067472504,0.0041756020721327915,activated_stellate,0
0.2731466293334961,0.2616441249847412,-0.011502504348754883,1.1870179898479387,-0.015578537041527804,alpha,0
0.2930338382720947,0.2914787530899048,-0.0015550851821899414,1.6781759152707179,-0.0021948321083831482,beta,0
0.28391945362091064,0.2734721302986145,-0.010447323322296143,0.7080253778953867,-0.014379797056636187,ductal,0
0.3215704560279846,0.31286710500717163,-0.008703351020812988,1.5753968697245992,-0.012666183040041804,beta,0
0.3002650737762451,0.2868063449859619,-0.013458728790283203,1.7951937088609269,-0.018871071967147955,gamma,0
0.2635856866836548,0.25891566276550293,-0.0046700239181518555,1.2764017139060102,-0.006301609254864263,alpha,0
0.26305967569351196,0.26080673933029175,-0.002252936363220215,1.5430943585790566,-0.0030478313089313844,alpha,0
0.2928897738456726,0.2870888113975525,-0.005800962448120117,1.111308932402716,-0.00813700576013123,alpha,0
0.26638638973236084,0.271852970123291,0.005466580390930176,2.204081378366911,0.007507522748332553,delta,0
0.23440366983413696,0.2375008463859558,0.0030971765518188477,1.8314381036555356,0.004061875396371328,alpha,0
0.215908944606781,0.22539150714874268,0.00948256254196167,1.032270678113583,0.012241748740782965,ductal,0
0.25357210636138916,0.24927985668182373,-0.00429224967956543,1.3106488648622934,-0.005717509670905758,alpha,0
0.2584313154220581,0.26502716541290283,0.0065958499908447266,2.9496241959912073,0.008974277252777963,beta,0
0.19705605506896973,0.17659395933151245,-0.020462095737457275,0.059399702438856755,-0.0248505533440646,endothelial,0
0.1827397346496582,0.1761752963066101,-0.006564438343048096,0.6611057515413126,-0.007968246537908192,activated_stellate,0
0.2890605926513672,0.2837086319923401,-0.0053519606590271,2.1740243498988745,-0.0074717648404913715,alpha,0
0.24878692626953125,0.2506142258644104,0.0018272995948791504,1.2934035219965463,0.0024383964280439213,beta,0
0.2955707907676697,0.2996481657028198,0.0040773749351501465,1.386737508582916,0.0058218951325256256,alpha,0
0.2333652377128601,0.23014134168624878,-0.003223896026611328,1.6195183125342165,-0.004187646643700471,alpha,0
0.25107574462890625,0.25197118520736694,0.0008954405784606934,1.9889975481824185,0.0011970669588562916,alpha,0
0.2595760226249695,0.2551764249801636,-0.004399597644805908,1.0458777043401646,-0.005906899019259342,beta,0
0.280148983001709,0.2943468689918518,0.014197885990142822,0.8125686700920942,0.020120205475257613,beta,0
0.24927645921707153,0.24632370471954346,-0.002952754497528076,1.293763048506696,-0.003917802000697531,alpha,0
0.3108983635902405,0.3040998578071594,-0.006798505783081055,0.8044045261860628,-0.00976936972833255,gamma,0
0.25643569231033325,0.2651478052139282,0.00871211290359497,1.3721880135136777,0.011855598942765923,beta,0
0.24417948722839355,0.2390754222869873,-0.00510406494140625,0.6171327083799448,-0.006707714655172144,alpha,0
0.24319612979888916,0.2368016242980957,-0.006394505500793457,0.9819015021687022,-0.008378562775258147,alpha,0
0.2777706980705261,0.2813236117362976,0.0035529136657714844,3.3261284325396594,0.004943690545274769,alpha,0
0.2631128430366516,0.27229785919189453,0.00918501615524292,2.08161480727097,0.012621944666870236,beta,0
0.17648166418075562,0.1783638596534729,0.0018821954727172852,1.4798995652180207,0.0022907895360146455,ductal,0
0.29946523904800415,0.30084431171417236,0.0013790726661682129,1.3856985303131035,0.0019724829380268487,beta,0
0.23037225008010864,0.22242146730422974,-0.007950782775878906,1.1345014169433512,-0.010225054372726198,activated_stellate,0
0.22289180755615234,0.22402900457382202,0.0011371970176696777,1.3722378407478544,0.0014655148509063894,alpha,0
0.2446027398109436,0.24497878551483154,0.00037604570388793945,0.977578891027245,0.0004980597851735283,beta,0
0.2829751968383789,0.2936941385269165,0.010718941688537598,0.9601865320237577,0.015176062203677584,beta,0
0.30101317167282104,0.2937394976615906,-0.007273674011230469,1.4451966344300688,-0.01029885429972019,gamma,0
0.31726986169815063,0.31524282693862915,-0.0020270347595214844,1.661644249187422,-0.002960224206866122,alpha,0
0.24340218305587769,0.23710113763809204,-0.0063010454177856445,1.051870596059205,-0.00825934567300026,alpha,0
0.24357861280441284,0.24974584579467773,0.006167232990264893,2.18291224502092,0.008220191725292472,alpha,0
0.25600218772888184,0.2650175094604492,0.009015321731567383,1.8214062683430268,0.01226603605883078,beta,0
0.24956554174423218,0.24803346395492554,-0.0015320777893066406,0.9527256854577082,-0.0020374281512107136,alpha,0
0.19373857975006104,0.17703062295913696,-0.016707956790924072,0.04998603002982972,-0.020302039489003332,endothelial,0
0.2610669732093811,0.2551705241203308,-0.005896449089050293,1.112958769981648,-0.007916508784895205,alpha,0
0.2967149019241333,0.311410129070282,0.014695227146148682,1.698723520086194,0.021341044599316468,delta,0
0.18595337867736816,0.1919689178466797,0.0060155391693115234,2.091801230938986,0.007444687837107362,activated_stellate,0
0.3101091980934143,0.3035321831703186,-0.006577014923095703,1.6227619934598214,-0.009443386706702755,gamma,0
0.27172917127609253,0.27412664890289307,0.002397477626800537,0.8648847003220054,0.0033028869611715556,beta,0
0.3399493098258972,0.3220776915550232,-0.017871618270874023,1.2617948677330206,-0.026362339826031207,alpha,0
0.17090928554534912,0.1625242829322815,-0.008385002613067627,0.9388628692046254,-0.01001223371875941,ductal,0
0.2508564591407776,0.25576817989349365,0.0049117207527160645,1.8216796802066684,0.006599718824187271,beta,0
0.3408089876174927,0.3404430150985718,-0.00036597251892089844,1.6600809474172007,-0.0005548762689179822,gamma,0
0.2957194447517395,0.3028847575187683,0.007165312767028809,1.711928203579309,0.010278519720104556,beta,0
0.28334784507751465,0.2905614376068115,0.007213592529296875,1.3501366790561071,0.01016802992067821,beta,0
0.22784703969955444,0.22298473119735718,-0.004862308502197266,1.8492002179311215,-0.006257674330763071,ductal,0
0.24129658937454224,0.23605877161026,-0.0052378177642822266,1.0058915684518388,-0.006856309843785585,ductal,0
0.29018306732177734,0.28933942317962646,-0.0008436441421508789,1.5362996020339676,-0.0011871266954549503,alpha,0
0.2869507074356079,0.2827226519584656,-0.004228055477142334,1.9011114947099774,-0.005894589434180076,beta,0
0.3139301538467407,0.3122398853302002,-0.0016902685165405273,0.8223260719924532,-0.002457642542054131,beta,0
0.2986581325531006,0.304237961769104,0.005579829216003418,1.1881098652660698,0.008019737941137415,ductal,0
0.26848822832107544,0.2666202783584595,-0.0018679499626159668,2.5097549126711267,-0.0025470433767038063,beta,0
0.21681106090545654,0.22641849517822266,0.009607434272766113,1.2943887228437598,0.012419420853371534,ductal,0
0.27687597274780273,0.27084141969680786,-0.006034553050994873,1.1739925482828166,-0.008276050250256453,alpha,0
0.2729604244232178,0.26741546392440796,-0.0055449604988098145,1.4287837044143783,-0.007569038419120624,alpha,0
0.19636034965515137,0.20095407962799072,0.0045937299728393555,0.9312677779420409,0.00574901874312889,activated_stellate,0
0.26647889614105225,0.2917778491973877,0.02529895305633545,2.7824198748690403,0.03572177603830198,delta,0
0.25681573152542114,0.25464558601379395,-0.0021701455116271973,1.1815448607027248,-0.002911561897139794,alpha,0
0.2134273648262024,0.20633018016815186,-0.007097184658050537,1.6706237707087652,-0.00894223829697114,activated_stellate,0
0.26208752393722534,0.25911009311676025,-0.002977430820465088,0.7262626893402674,-0.004018722340260353,beta,0
0.2769874334335327,0.27212655544281006,-0.004860877990722656,2.3027566003202105,-0.0066781911430768386,alpha,0
0.30658143758773804,0.30446046590805054,-0.0021209716796875,1.920337899659326,-0.003049390546083769,delta,0
0.22903424501419067,0.22630304098129272,-0.0027312040328979492,0.5039670748409282,-0.0035300694943430832,beta,0
0.3043411374092102,0.29959261417388916,-0.004748523235321045,0.8426335056503624,-0.006779658997627924,beta,0
0.38596367835998535,0.37921857833862305,-0.006745100021362305,1.3253684564066959,-0.010865499169273807,delta,0
0.23541700839996338,0.22741687297821045,-0.00800013542175293,0.7128279608932673,-0.01035504807436378,ductal,0
0.28914451599121094,0.29574596881866455,0.006601452827453613,1.4973918511944204,0.00937368127858658,alpha,0
0.32853347063064575,0.3162909746170044,-0.012242496013641357,0.9773596301621075,-0.01790600322525132,delta,0
0.25192052125930786,0.25248658657073975,0.0005660653114318848,0.40675153290687105,0.0007572644199587376,alpha,0
0.21770673990249634,0.21631133556365967,-0.00139540433883667,2.4465954291338043,-0.0017805595540166445,beta,0
0.22901779413223267,0.24082636833190918,0.011808574199676514,1.2055385031663315,0.015554510466505769,ductal,0
0.2559879422187805,0.250154972076416,-0.005832970142364502,1.7004310226029342,-0.00777890087304671,beta,0
0.26990199089050293,0.25563788414001465,-0.014264106750488281,0.07770404948997185,-0.019162859643936207,endothelial,0
0.2573390007019043,0.240064799785614,-0.017274200916290283,2.006279321024254,-0.02273114985516797,ductal,0
0.27957916259765625,0.2828493118286133,0.0032701492309570312,1.4586113783434882,0.004559919253923273,beta,0
0.23549360036849976,0.23079288005828857,-0.004700720310211182,1.0003318664466305,-0.006111124284142599,alpha,0
0.2182302474975586,0.21867525577545166,0.0004450082778930664,2.705614417508969,0.0005695561047855071,activated_stellate,0
0.261721134185791,0.2637432813644409,0.0020221471786499023,1.3639110870204398,0.002746524585062358,beta,0
0.23541134595870972,0.2490430474281311,0.013631701469421387,2.685670847713581,0.018152440592947024,alpha,0
0.28353434801101685,0.2808312773704529,-0.002703070640563965,1.1856793648983093,-0.003758604282289332,beta,0
0.2956733703613281,0.29465252161026,-0.0010208487510681152,1.8387893132356519,-0.0014472990722227334,beta,0
0.2511667013168335,0.25280559062957764,0.0016388893127441406,1.7619415510563998,0.0021933907590730643,alpha,0
0.26992911100387573,0.2720509171485901,0.0021218061447143555,1.26500906725867,0.002914772742625272,beta,0
0.23307979106903076,0.22717201709747314,-0.005907773971557617,1.2358220250088143,-0.007644358255985585,alpha,0
0.27289456129074097,0.2781308889389038,0.005236327648162842,0.6893487921881849,0.0072538463939339545,gamma,0
0.35737884044647217,0.34329140186309814,-0.014087438583374023,1.9273799533243112,-0.021451582365969363,beta,0
0.21801578998565674,0.2115415334701538,-0.00647425651550293,0.928013016914536,-0.00821128415805762,ductal,0
0.22515565156936646,0.2405092716217041,0.015353620052337646,1.6167453408357355,0.02021567805721802,beta,0
0.2725570797920227,0.27004367113113403,-0.002513408660888672,1.0484322208774095,-0.0034432315489111905,alpha,0
0.2521364092826843,0.2445298433303833,-0.007606565952301025,1.8986174382040348,-0.010068651799342406,alpha,0
0.27535033226013184,0.2674033045768738,-0.007947027683258057,2.4885973141741,-0.010847752566871855,alpha,0
0.23572063446044922,0.2351279854774475,-0.000592648983001709,1.1663546301469065,-0.0007748341836923549,alpha,0
0.20640933513641357,0.20276987552642822,-0.0036394596099853516,1.4367873018916797,-0.004565130566771502,ductal,0
0.2731137275695801,0.270308256149292,-0.002805471420288086,0.7532536274452641,-0.0038447350459018953,beta,0
0.23787468671798706,0.23625528812408447,-0.0016193985939025879,0.8303796949301062,-0.002120340172208864,alpha,0
0.2516409754753113,0.25379079580307007,0.002149820327758789,1.3681943928770788,0.002880988757130683,alpha,0
0.19431185722351074,0.19783645868301392,0.003524601459503174,1.539028413677815,0.004393868928169572,ductal,0
0.30237817764282227,0.2887898087501526,-0.013588368892669678,1.156347292035162,-0.019105981691277675,alpha,0
0.20474064350128174,0.19913893938064575,-0.005601704120635986,1.1239117276936537,-0.006994601680725805,ductal,0
0.27954745292663574,0.2730973958969116,-0.006450057029724121,2.146147019807585,-0.008873344232523044,alpha,0
0.2465696930885315,0.2445598840713501,-0.0020098090171813965,1.5579307316909765,-0.002660447830084813,alpha,0
0.26578038930892944,0.29052865505218506,0.024748265743255615,1.491511387163561,0.03488268542413925,gamma,0
0.1979479193687439,0.19967889785766602,0.0017309784889221191,1.2642940089125194,0.0021628549894393157,ductal,0
0.26717543601989746,0.2652251720428467,-0.0019502639770507812,1.71362736384224,-0.0026542335186862257,ductal,0
0.27350717782974243,0.26760178804397583,-0.0059053897857666016,1.62488322360604,-0.008063086022554603,alpha,0
0.29545503854751587,0.2958787679672241,0.00042372941970825195,1.204145742294873,0.0006017847501700218,alpha,0
0.1961827278137207,0.19524449110031128,-0.0009382367134094238,0.8837194508379694,-0.0011658655368414175,ductal,0
0.28835034370422363,0.2898476719856262,0.0014973282814025879,1.6440496383972505,0.002108460709534253,beta,0
0.27598100900650024,0.2778986692428589,0.0019176602363586426,1.2764322943221427,0.0026556663928979725,ductal,0
0.263175368309021,0.2565842270851135,-0.006591141223907471,0.9947569943277622,-0.008866022842189668,alpha,0
0.18994158506393433,0.19542157649993896,0.005479991436004639,1.2814692231554807,0.0068110096864960525,ductal,0
0.30719059705734253,0.30000537633895874,-0.007185220718383789,0.8103227664802543,-0.010264679863974344,alpha,0
0.17673969268798828,0.1712120771408081,-0.005527615547180176,1.417093792929705,-0.006669517490205149,ductal,0
0.25187474489212036,0.25868314504623413,0.0068084001541137695,1.3798335355957032,0.009184197160252606,beta,0
0.29009705781936646,0.30124545097351074,0.011148393154144287,2.342345251370206,0.015954662720516558,beta,0
0.2503804564476013,0.24089884757995605,-0.009481608867645264,0.5443723131868163,-0.012490573670475307,beta,0
0.205549955368042,0.2040819525718689,-0.0014680027961730957,1.4420982064741654,-0.001844414510911881,ductal,0
0.2525898814201355,0.2518267035484314,-0.0007631778717041016,0.4337055635586917,-0.0010200549462587032,ductal,0
0.30078548192977905,0.2922458052635193,-0.008539676666259766,1.8244215219630548,-0.012065879269623202,alpha,0
0.3273899555206299,0.3399556875228882,0.0125657320022583,1.0674392198781326,0.019037709688156792,delta,0
0.26610976457595825,0.26178765296936035,-0.0043221116065979,1.3928011865179846,-0.0058548351622443266,alpha,0
0.277469277381897,0.27967458963394165,0.0022053122520446777,1.2034624835819183,0.003061549988808491,beta,0
0.2592654228210449,0.2659373879432678,0.0066719651222229,0.9114877083488419,0.009089095415892475,beta,0
0.2291198968887329,0.2187483310699463,-0.010371565818786621,0.0712165432043215,-0.013275575888357172,endothelial,0
0.25607913732528687,0.2555738687515259,-0.0005052685737609863,1.6440493532347604,-0.0006787356764513389,alpha,0
0.2594277858734131,0.2535734176635742,-0.005854368209838867,0.7197356622417139,-0.007843193621955192,alpha,0
0.26345813274383545,0.26043635606765747,-0.0030217766761779785,1.5739036956596628,-0.004085891323849905,alpha,0
0.258284330368042,0.26176559925079346,0.003481268882751465,1.552583081328948,0.00471566873505008,alpha,0
0.25232791900634766,0.24655985832214355,-0.0057680606842041016,1.3396857294602824,-0.007655632299281333,alpha,0
0.2894008159637451,0.2914072871208191,0.0020064711570739746,1.7901635301320924,0.002831628269109916,alpha,0
0.30491018295288086,0.29828745126724243,-0.006622731685638428,0.9129533803450395,-0.009437955324582132,ductal,0
0.26205605268478394,0.2557410001754761,-0.006315052509307861,2.3044719257337793,-0.0084850200142649,alpha,0
0.2593129873275757,0.2552114725112915,-0.00410151481628418,0.8645837320401243,-0.005506952195026072,alpha,0
0.24989914894104004,0.2321479320526123,-0.017751216888427734,0.9127611541698627,-0.023118016645940747,ductal,0
0.2691190242767334,0.26674342155456543,-0.0023756027221679688,0.9482417853291535,-0.0032397973533417807,alpha,0
0.25310009717941284,0.25695234537124634,0.003852248191833496,1.6056134777620208,0.005184389140906691,ductal,0
0.21533340215682983,0.21862030029296875,0.003286898136138916,2.0412745656154367,0.004206531264340881,ductal,0
0.2047405242919922,0.20334303379058838,-0.0013974905014038086,0.8697030849765442,-0.0017541935370919233,ductal,0
0.29507261514663696,0.29359519481658936,-0.0014774203300476074,1.7907149742461272,-0.002091464156538418,alpha,0
0.2183818817138672,0.21829676628112793,-8.511543273925781e-05,1.7903344985529648,-0.00010888458569415143,activated_stellate,0
0.22106319665908813,0.21750253438949585,-0.003560662269592285,1.2291884382449707,-0.004550381855632284,ductal,0
0.27183419466018677,0.2729782462120056,0.0011440515518188477,0.9695909071277672,0.0015736139198834244,alpha,0
0.23382198810577393,0.23446738719940186,0.0006453990936279297,1.7050414779059673,0.00084307197738686,alpha,0
0.2512092590332031,0.2613176703453064,0.010108411312103271,2.178999010045144,0.01368438218473234,beta,0
0.304857075214386,0.31004106998443604,0.005183994770050049,2.452186523566173,0.007513483114035656,delta,0
0.2624366283416748,0.2602502703666687,-0.0021863579750061035,0.9482246618873308,-0.002955537376255354,alpha,0
0.2542245388031006,0.2511705160140991,-0.003054022789001465,1.6128165615366927,-0.004078395488309815,alpha,0
0.23761200904846191,0.2362878918647766,-0.0013241171836853027,0.7389058413830667,-0.0017337910052499176,ductal,0
0.29390400648117065,0.29290610551834106,-0.0009979009628295898,1.6113255121984897,-0.0014112707953179394,alpha,0
0.2836703062057495,0.2801963686943054,-0.003473937511444092,1.230448340122794,-0.004826229488648883,alpha,0
0.30172139406204224,0.2983454465866089,-0.0033759474754333496,0.9990774478659519,-0.004811409630294747,gamma,0
0.26011455059051514,0.27144140005111694,0.011326849460601807,0.7411043163587291,0.015546929871387859,ductal,0
0.22864127159118652,0.22763878107070923,-0.001002490520477295,1.1641054265604207,-0.0012979555367461715,alpha,0
0.35457003116607666,0.3633107542991638,0.008740723133087158,0.6022816237001924,0.013728397632138109,delta,0
0.1961904764175415,0.18727737665176392,-0.008913099765777588,0.05823009964188059,-0.010966964016650113,endothelial,0
0.2768840789794922,0.2790735363960266,0.002189457416534424,1.0328622077263667,0.0030370051968811604,beta,0
0.284981369972229,0.27634191513061523,-0.00863945484161377,0.8435769884646495,-0.011938586774958966,alpha,0
0.22940707206726074,0.2333086133003235,0.003901541233062744,1.4820487621498084,0.005088802744814233,beta,0
0.26824337244033813,0.2616182565689087,-0.006625115871429443,1.2590742364427525,-0.008972480604198097,alpha,0
0.31025761365890503,0.32405775785446167,0.01380014419555664,1.6875235156813229,0.020416158859598698,alpha,0
0.2684404253959656,0.2652398347854614,-0.0032005906105041504,1.055633232677999,-0.004355966425547345,alpha,0
0.34913170337677,0.33978354930877686,-0.009348154067993164,1.7030456985088949,-0.014159226202567323,gamma,0
0.24385744333267212,0.24708759784698486,0.003230154514312744,0.7916740125971773,0.004290212918628848,ductal,0
0.37395691871643066,0.3449401259422302,-0.02901679277420044,0.7823137109682077,-0.044296397815448314,alpha,0
0.32214653491973877,0.31974858045578003,-0.0023979544639587402,1.1615274130951012,-0.003525100271845681,alpha,0
0.3473225235939026,0.3403688073158264,-0.006953716278076172,1.7020190000243285,-0.010541824515272065,gamma,0
0.2637958526611328,0.26382023096084595,2.4378299713134766e-05,1.074432234841579,3.3114601539448436e-05,alpha,0
0.19451457262039185,0.19943422079086304,0.004919648170471191,1.1550151233630603,0.006145214170072588,quiescent_stellate,0
0.3360792398452759,0.32655417919158936,-0.009525060653686523,1.2864585507282837,-0.014143766817429428,beta,0
0.23614037036895752,0.2313339114189148,-0.004806458950042725,0.813159372271552,-0.006252986857941373,ductal,0
0.4081430435180664,0.41028064489364624,0.002137601375579834,0.8036655271021181,0.0036247773743059955,ductal,0
0.24970901012420654,0.2462581992149353,-0.0034508109092712402,1.9784578416203256,-0.00457824006268065,beta,0
0.27347445487976074,0.2698115110397339,-0.0036629438400268555,1.0054810090516355,-0.0050164360235842856,alpha,0
0.25244128704071045,0.2537041902542114,0.0012629032135009766,1.335957896820483,0.0016922287342483679,alpha,0
0.29059547185897827,0.290591835975647,-3.635883331298828e-06,0.934630062389188,-5.125234689537649e-06,alpha,0
0.2530279755592346,0.251468300819397,-0.0015596747398376465,1.5377338115800137,-0.00208364554439709,alpha,0
0.2859151363372803,0.2759459614753723,-0.009969174861907959,1.193185748508275,-0.013768550869796538,alpha,0
0.27221524715423584,0.27708059549331665,0.0048653483390808105,1.2710005489853076,0.0067301393609719195,beta,0
0.31354427337646484,0.31414806842803955,0.000603795051574707,0.9026039263111746,0.0008803577328867756,alpha,0
0.2565956115722656,0.2633962035179138,0.006800591945648193,1.3063700139392864,0.009232360704800657,beta,0
0.2198813557624817,0.22415578365325928,0.004274427890777588,1.2583414682015681,0.005509389386061052,ductal,0
0.32587623596191406,0.31329965591430664,-0.012576580047607422,0.6781575927768896,-0.0183145096051357,gamma,0
0.27708899974823,0.2879396080970764,0.010850608348846436,1.9164492919697471,0.015238325951327058,beta,0
0.23469126224517822,0.22651344537734985,-0.00817781686782837,0.9098113742298978,-0.01057266841802824,activated_stellate,0
0.26443326473236084,0.26413071155548096,-0.0003025531768798828,1.310743504751832,-0.00041115070520121843,ductal,0
0.19558978080749512,0.18943703174591064,-0.006152749061584473,0.984968992799417,-0.007590710780727098,ductal,0
0.26322221755981445,0.2650836110115051,0.0018613934516906738,2.5179237461363675,0.002532796219516359,alpha,0
0.27900952100753784,0.28528648614883423,0.006276965141296387,0.9862027952439241,0.008782491193532298,gamma,0
0.3821491599082947,0.3106694221496582,-0.07147973775863647,4.516622351218426,-0.10369442478751494,epsilon,1
0.3097682595252991,0.2958706021308899,-0.01389765739440918,1.0807153670345968,-0.019737362814941865,alpha,0
0.28835731744766235,0.30904942750930786,0.020692110061645508,1.3211515066968773,0.029947308657775593,delta,0
0.25859344005584717,0.2560831308364868,-0.0025103092193603516,1.0305609521942534,-0.0033744485753939594,alpha,0
0.2679089307785034,0.2743891477584839,0.006480216979980469,0.6256855341530734,0.008930705708110826,ductal,0
0.28750336170196533,0.2777196764945984,-0.009783685207366943,1.4950409786064998,-0.013545551344780301,alpha,0
0.337772011756897,0.343583881855011,0.005811870098114014,1.317645123961111,0.00885394178701488,beta,0
0.18545383214950562,0.18571710586547852,0.0002632737159729004,1.9377179583455924,0.00032331971833047857,activated_stellate,0
0.29359471797943115,0.296165406703949,0.0025706887245178223,3.2078352344244228,0.003652404626034805,gamma,0
0.27471309900283813,0.271806001663208,-0.002907097339630127,1.8451509277694074,-0.0039922017295802885,alpha,0
0.3004530668258667,0.29211634397506714,-0.00833672285079956,1.326725877638364,-0.011776967556524468,alpha,0
0.3818105459213257,0.2770669460296631,-0.1047435998916626,0.5250297347313005,-0.14488699792658863,schwann,1
0.2293916940689087,0.22379928827285767,-0.005592405796051025,1.1764936257369734,-0.007204844973160656,ductal,0
0.2940765619277954,0.28529834747314453,-0.008778214454650879,2.1496004986042965,-0.01228234805896301,alpha,0
0.32747018337249756,0.31881070137023926,-0.0086594820022583,1.316709448686008,-0.012712298944914713,alpha,0
0.3227640390396118,0.32201457023620605,-0.0007494688034057617,1.404680283310831,-0.0011054349702867097,gamma,0
0.3359764814376831,0.3359183669090271,-5.811452865600586e-05,1.3258196749504643,-8.75111217660265e-05,alpha,0
0.26256006956100464,0.24483639001846313,-0.017723679542541504,0.8372928541595007,-0.02346998624970135,alpha,0
0.24793791770935059,0.2315651774406433,-0.016372740268707275,1.453545205784448,-0.021306608951135328,alpha,0
0.3598206639289856,0.33779454231262207,-0.022026121616363525,0.6725492711662169,-0.03326176394450963,alpha,0
0.28199076652526855,0.27125465869903564,-0.01073610782623291,0.77663954032062,-0.01473231761189264,alpha,0
0.28613388538360596,0.2834309935569763,-0.0027028918266296387,1.0595488475725998,-0.003771990976900496,alpha,0
0.30802708864212036,0.3113783597946167,0.003351271152496338,0.9969316901216918,0.0048666364180725025,beta,0
0.33278805017471313,0.26214712858200073,-0.0706409215927124,0.044483206350988964,-0.09573849249506244,macrophage,0
0.19071006774902344,0.19124311208724976,0.0005330443382263184,1.0944267239842262,0.0006590909409155151,ductal,0
0.2711141109466553,0.2705519199371338,-0.0005621910095214844,2.314402560126977,-0.0007707073675113833,alpha,0
0.2913520336151123,0.28881406784057617,-0.002537965774536133,1.1638613861386138,-0.0035686388886095213,alpha,0
0.2125486135482788,0.21647518873214722,0.003926575183868408,1.292815104851316,0.005011424178788493,ductal,0
0.2788506746292114,0.2739078402519226,-0.004942834377288818,1.3947275230282676,-0.006807447664775458,alpha,0
0.28086531162261963,0.28038716316223145,-0.0004781484603881836,1.8316753738740912,-0.000664452377599788,alpha,0
0.3151511549949646,0.29965734481811523,-0.015493810176849365,1.165471883414066,-0.022123185075490645,alpha,0
0.26909178495407104,0.268410861492157,-0.0006809234619140625,1.944891959061545,-0.0009307457233480547,beta,0
0.22916889190673828,0.22131335735321045,-0.007855534553527832,0.7723264968842803,-0.010088184544718182,ductal,0
0.3177065849304199,0.3214711546897888,0.0037645697593688965,1.654659298788649,0.0055481351830338225,gamma,0
0.4109455347061157,0.40620923042297363,-0.00473630428314209,1.247812209376515,-0.00797638583455228,delta,0
0.21404802799224854,0.21478229761123657,0.0007342696189880371,1.5117613383329616,0.0009351159770777789,ductal,0
0.42963171005249023,0.4310191869735718,0.001387476921081543,0.8713515642148331,0.002438530244458519,delta,0
0.23672688007354736,0.24361968040466309,0.006892800331115723,2.639861417760801,0.009112876356702892,beta,0
0.2895336151123047,0.27710872888565063,-0.012424886226654053,0.8805370923044494,-0.0171877662978291,alpha,0
0.21485120058059692,0.23015666007995605,0.01530545949935913,1.9936266375860852,0.019881265064849114,ductal,0
0.31125181913375854,0.3217809200286865,0.010529100894927979,0.9351966565518055,0.015524630913322766,gamma,0
0.2813345789909363,0.26902955770492554,-0.012305021286010742,1.055909055969629,-0.016833815123051876,alpha,0
0.2901562452316284,0.2886785864830017,-0.001477658748626709,1.0398658334685003,-0.002077343266415524,alpha,0
0.2813516855239868,0.27673590183258057,-0.00461578369140625,0.7844000233202091,-0.006381878629260815,alpha,0
0.30298030376434326,0.29784882068634033,-0.00513148307800293,1.3541309481537394,-0.007308231089234748,gamma,0
0.19469726085662842,0.19647037982940674,0.0017731189727783203,1.2063275204954604,0.002206662863780776,activated_stellate,0
0.364174485206604,0.3667294979095459,0.0025550127029418945,0.41462561382289853,0.004034630848125223,alpha,0
0.380775511264801,0.36484622955322266,-0.01592928171157837,0.9929537166002425,-0.02507940982602285,ductal,0
0.28889596462249756,0.2829231023788452,-0.005972862243652344,1.146579491198645,-0.008329458477140787,alpha,0
0.3706303834915161,0.3648282289505005,-0.005802154541015625,0.9094725304785405,-0.009134780236578646,alpha,0
0.2682725787162781,0.27304863929748535,0.004776060581207275,1.5002512524143246,0.006569986438421085,beta,0
0.3044360876083374,0.2925494909286499,-0.0118865966796875,1.1471274596204153,-0.01680201869568331,ductal,0
0.2940141558647156,0.302216112613678,0.008201956748962402,1.8439034347577985,0.011754293696411278,alpha,0
0.3096369504928589,0.2984866499900818,-0.0111503005027771,1.0641692649471317,-0.01589463764676674,gamma,0
0.3303380012512207,0.3295949697494507,-0.0007430315017700195,1.4300698290455733,-0.001108332229387252,delta,0
0.3063446283340454,0.29425525665283203,-0.012089371681213379,2.080552712963539,-0.017129949312660212,alpha,0
0.3097119927406311,0.3031017780303955,-0.006610214710235596,1.879524950670594,-0.009485193822927996,alpha,0
0.2502661943435669,0.25017666816711426,-8.952617645263672e-05,1.1645965544782122,-0.00011939635998495383,ductal,0
0.29973751306533813,0.2950727343559265,-0.004664778709411621,2.769438386346382,-0.006617390100735479,activated_stellate,0
0.28025293350219727,0.2777664065361023,-0.0024865269660949707,0.8691799797354833,-0.0034428292848707885,alpha,0
0.3147120475769043,0.31212878227233887,-0.0025832653045654297,0.9925007957671754,-0.0037554490404455103,alpha,0
0.2704678177833557,0.26492518186569214,-0.005542635917663574,1.3520123476096149,-0.007540233702647206,alpha,0
0.3444061875343323,0.3578294515609741,0.013423264026641846,1.0533227512480243,0.02090295803703677,gamma,0
0.256891131401062,0.2590278387069702,0.002136707305908203,1.8555358493570966,0.0028836539583073574,alpha,0
0.26832419633865356,0.28216034173965454,0.013836145401000977,1.5563476992343814,0.01927470186661503,beta,0
0.294419527053833,0.28472912311553955,-0.009690403938293457,1.6098065995139739,-0.013547879903208715,alpha,0
0.27082663774490356,0.26790547370910645,-0.002921164035797119,1.1656961697768173,-0.0039901459864711665,alpha,0
0.3518860340118408,0.35182178020477295,-6.42538070678711e-05,0.5742599649842915,-9.91298459367706e-05,beta,0
0.3068726062774658,0.302773118019104,-0.004099488258361816,1.1304862678007044,-0.005879704819634511,ductal,0
0.42151445150375366,0.3547048568725586,-0.06680959463119507,1.1307605164406098,-0.10353339141435414,schwann,1
0.33861643075942993,0.3442237377166748,0.005607306957244873,1.4144239017698037,0.008550640332300198,delta,0
0.34283190965652466,0.33266615867614746,-0.010165750980377197,1.3769539660114578,-0.015233381481464279,gamma,0
0.20492279529571533,0.21264946460723877,0.0077266693115234375,1.600434148736703,0.00981350613760499,activated_stellate,0
0.2783154249191284,0.28172868490219116,0.003413259983062744,1.5498297125063403,0.004752048301689385,alpha,0
0.24341726303100586,0.24691152572631836,0.0034942626953125,1.1834475954658212,0.004639909937119342,ductal,0
0.28880876302719116,0.2866712808609009,-0.002137482166290283,1.9159202560249156,-0.00299648970935863,beta,0
0.35701531171798706,0.3863109350204468,0.029295623302459717,1.0261333302549978,0.04773691593060369,beta,0
0.2817493677139282,0.27155601978302,-0.010193347930908203,1.3186066087821453,-0.013993317547729523,alpha,0
0.2939765453338623,0.29928046464920044,0.005303919315338135,2.1901557861211605,0.007569247106380224,gamma,0
0.3343549966812134,0.3452724814414978,0.010917484760284424,2.4812812947542287,0.016674852439868704,gamma,0
0.26181167364120483,0.2571830749511719,-0.004628598690032959,1.4522764064839395,-0.006231143278983182,ductal,0
0.2953372001647949,0.28641068935394287,-0.00892651081085205,0.7878792491138612,-0.012509311277056996,alpha,0
0.2108941674232483,0.2106877565383911,-0.00020641088485717773,0.9576297952244537,-0.00026150726352848887,activated_stellate,0
0.22947067022323608,0.2364400029182434,0.006969332695007324,0.06437185667280323,0.009127419877473095,endothelial,0
0.2969478964805603,0.2931309938430786,-0.0038169026374816895,1.1927269191839864,-0.005399731215028483,beta,0
0.3271524906158447,0.31978100538253784,-0.007371485233306885,2.5169338838617383,-0.010836929417786136,beta,0
0.22536921501159668,0.2152157425880432,-0.010153472423553467,0.05946719297792438,-0.012937915519658042,endothelial,0
0.27338892221450806,0.269852876663208,-0.003536045551300049,1.130346034379848,-0.004842921978710572,alpha,0
0.2835363745689392,0.283977746963501,0.0004413723945617676,1.8773245111482615,0.0006164227336371189,beta,0
0.3137170076370239,0.304573118686676,-0.0091438889503479,0.987038601822412,-0.013148598646459467,beta,0
0.2989238500595093,0.28051310777664185,-0.01841074228286743,1.178420674733357,-0.025588711179955707,alpha,0
0.4822509288787842,0.4202032685279846,-0.06204766035079956,3.743018908388468,-0.10701622996954471,ductal,0
0.3046613931655884,0.29805946350097656,-0.006601929664611816,0.8530669996323651,-0.009405254891731133,alpha,0
0.3116413354873657,0.31322044134140015,0.0015791058540344238,0.8946694961697735,0.002299290702709167,alpha,0
0.32996881008148193,0.32733893394470215,-0.002629876136779785,1.4957848494670876,-0.003909660108919682,alpha,0
0.3221305012702942,0.3201470375061035,-0.001983463764190674,1.340232633174421,-0.0029174893302145177,gamma,0
0.24892538785934448,0.24078726768493652,-0.008138120174407959,1.5454781866441678,-0.010719156605280356,activated_stellate,0
0.24679076671600342,0.24958586692810059,0.002795100212097168,1.3231004713654342,0.00372474356347092,alpha,0
0.45023113489151,0.42156994342803955,-0.02866119146347046,0.39234190837822913,-0.04954996915846613,beta,0
0.3696634769439697,0.35753440856933594,-0.012129068374633789,0.7581367843408612,-0.0188789384776613,alpha,0
0.290216863155365,0.2809945344924927,-0.009222328662872314,0.9942068434967359,-0.012826507036859265,alpha,0
0.2785327434539795,0.3200490474700928,0.04151630401611328,0.8698434352915055,0.061057792274049665,quiescent_stellate,0
0.35004717111587524,0.32745498418807983,-0.02259218692779541,1.1592825934524358,-0.03359208141706518,gamma,0
0.30826443433761597,0.3050307035446167,-0.0032337307929992676,2.4266818541823816,-0.004653055623453534,alpha,0
0.3442347049713135,0.3386416435241699,-0.005593061447143555,1.3834097421335287,-0.008456930183731576,alpha,0
0.32965385913848877,0.31946563720703125,-0.01018822193145752,1.1606968146946985,-0.014970914752407537,alpha,0
0.37328577041625977,0.3906329274177551,0.01734715700149536,1.195791044449611,0.028467499774783214,alpha,0
0.3084675669670105,0.3027585744857788,-0.0057089924812316895,0.9206482746892971,-0.008187970869661483,alpha,0
0.257965087890625,0.29054027795791626,0.03257519006729126,0.9497405918177687,0.045915489005532245,quiescent_stellate,0
0.30891209840774536,0.3059546947479248,-0.0029574036598205566,0.8519403528481044,-0.004261110387810255,alpha,0
0.314761221408844,0.31837379932403564,0.0036125779151916504,0.9248213126865933,0.005299939925444591,alpha,0
0.33646780252456665,0.33063268661499023,-0.005835115909576416,1.730397537648323,-0.008717360099446845,alpha,0
0.3667135238647461,0.359275758266449,-0.007437765598297119,1.3784587305504699,-0.01160837239148844,ductal,0
0.3266563415527344,0.339206337928772,0.012549996376037598,1.3000197134149267,0.018992307427253764,alpha,0
0.3282928466796875,0.3438212275505066,0.015528380870819092,3.166294652794502,0.02366486317875259,beta,0
0.2919044494628906,0.2872049808502197,-0.0046994686126708984,3.9087216213781746,-0.006593015504340098,beta,0
0.30428391695022583,0.29229044914245605,-0.011993467807769775,1.1686503856559376,-0.01694687855100596,beta,0
0.34850817918777466,0.34963303804397583,0.0011248588562011719,2.5680116211964963,0.0017295756426772974,beta,0
0.34983134269714355,0.36033326387405396,0.0105019211769104,1.4617202686404673,0.01641780099511481,ductal,0
0.3682441711425781,0.35534077882766724,-0.012903392314910889,0.8532715962363204,-0.02001583455433348,alpha,0
0.3522707223892212,0.3408552408218384,-0.011415481567382812,2.7656625680084006,-0.01731862600503101,alpha,0
0.39754170179367065,0.39051079750061035,-0.007030904293060303,0.8875715446689025,-0.01153573232179998,ductal,0
0.3963051438331604,0.40054839849472046,0.004243254661560059,1.2516901191065726,0.007078560889494407,alpha,0
0.33650994300842285,0.3481868505477905,0.011676907539367676,0.9523151237169831,0.017914501340117288,beta,0
0.27035725116729736,0.2670547366142273,-0.0033025145530700684,1.6118970011709632,-0.004505813350664699,activated_stellate,0
0.38985276222229004,0.37518125772476196,-0.014671504497528076,1.274409080044238,-0.02348121703920519,ductal,0
0.4276537299156189,0.3376111388206482,-0.0900425910949707,0.2867423240816689,-0.13593614925023673,mast,1
0.3046855926513672,0.30931591987609863,0.004630327224731445,0.753144176465022,0.006703972710505813,alpha,0
0.3006896376609802,0.31518906354904175,0.014499425888061523,1.485695508575218,0.021172888919100782,beta,0
0.3961830735206604,0.3829951286315918,-0.013187944889068604,0.8588068407471456,-0.021374134145521514,alpha,0
0.3086010217666626,0.30737853050231934,-0.0012224912643432617,1.6164634350491818,-0.0017650207482448757,alpha,0
0.38643741607666016,0.4044076204299927,0.01797020435333252,1.04441370321692,0.030171985018186853,beta,0
0.3879380226135254,0.38786864280700684,-6.937980651855469e-05,1.2223871679017764,-0.00011334136979471969,gamma,0
0.3422800302505493,0.3554392457008362,0.013159215450286865,0.9532438048320847,0.020415787592583088,beta,0
0.28335118293762207,0.2971917390823364,0.013840556144714355,1.4695485059560995,0.019693217786943207,ductal,0
0.3238614797592163,0.3208646774291992,-0.00299680233001709,0.9032829474603773,-0.004412673336843953,ductal,0
0.2953333854675293,0.2799159288406372,-0.01541745662689209,1.4815459562572666,-0.02141063418063032,ductal,0
0.31125742197036743,0.3176577091217041,0.00640028715133667,0.9330151164713222,0.009379877573026232,ductal,0
0.3537466526031494,0.3504701852798462,-0.0032764673233032227,1.9051568987368501,-0.005044367862797599,alpha,0
0.37166011333465576,0.38161152601242065,0.009951412677764893,1.22569797072336,0.016092493790504852,beta,0
0.4592917561531067,0.4645564556121826,0.005264699459075928,1.6867688575228943,0.009832408130151531,ductal,0
0.411967396736145,0.39638805389404297,-0.01557934284210205,0.799558559763592,-0.025810196339896955,beta,0
0.25732022523880005,0.25079458951950073,-0.006525635719299316,0.03905619715334739,-0.008710075538715252,endothelial,0
0.4132727384567261,0.44107747077941895,0.02780473232269287,1.6641958414161664,0.049747023727003174,beta,0
0.4131065607070923,0.39663833379745483,-0.01646822690963745,0.5841427925802344,-0.027294121970468637,beta,0
0.44949883222579956,0.43573665618896484,-0.013762176036834717,0.2333208652982528,-0.024389633294066147,macrophage,0
0.4135330319404602,0.4108961224555969,-0.0026369094848632812,2.166247884746735,-0.0044761366974104275,gamma,0
0.43791860342025757,0.4363734722137451,-0.0015451312065124512,1.3595721288348686,-0.002741409657528423,ductal,0
0.2990937829017639,0.2921445369720459,-0.006949245929718018,0.7247835549343421,-0.009817323299295612,ductal,0
0.35615402460098267,0.35594284534454346,-0.00021117925643920898,1.0287262282857665,-0.0003278890000875481,beta,0
0.3296459913253784,0.3333866000175476,0.0037406086921691895,0.3192092050505693,0.005611361386176239,quiescent_stellate,0
0.3052324652671814,0.29156726598739624,-0.013665199279785156,1.429040548103463,-0.01928933916193381,ductal,0
0.35651594400405884,0.3458608388900757,-0.010655105113983154,1.1716429242870818,-0.016288743661064232,alpha,0
0.3553752899169922,0.3543245196342468,-0.0010507702827453613,1.0813054937199271,-0.0016273969117584204,alpha,0
0.2988436818122864,0.28404444456100464,-0.014799237251281738,0.6007667324567982,-0.020670608865109564,ductal,0
0.45498234033584595,0.44119328260421753,-0.013789057731628418,0.6718672189883262,-0.024675898306823915,alpha,0
0.29220348596572876,0.3049789071083069,0.012775421142578125,1.9397987838455526,0.018381343060287453,ductal,0
0.3956671357154846,0.40263843536376953,0.006971299648284912,0.5220876615440655,0.011670150978880198,beta,0
0.47055476903915405,0.4448334574699402,-0.025721311569213867,0.5074547904315418,-0.046330802738929776,alpha,0
0.3363837003707886,0.33172428607940674,-0.004659414291381836,0.7578537199011985,-0.0069722933129595715,ductal,0
0.4555872678756714,0.4592404365539551,0.0036531686782836914,0.6765906201318644,0.006755624727195771,beta,0
0.2652948498725891,0.2695211172103882,0.004226267337799072,1.2768134585567883,0.005785611928519358,delta,0
0.2525908946990967,0.4245787262916565,0.17198783159255981,0.30301325395881035,0.2988902903852893,alpha,0
0.24696069955825806,0.2479192614555359,0.000958561897277832,1.2531600443026933,0.0012745465322419774,alpha,0
0.2487906813621521,0.24118196964263916,-0.0076087117195129395,0.8886681315929538,-0.010027057100804078,alpha,0
0.25127696990966797,0.2499445080757141,-0.0013324618339538574,0.8084166214602625,-0.0017764843378926453,alpha,0
0.2912101745605469,0.28047657012939453,-0.010733604431152344,1.0478509652747918,-0.014917657974087941,delta,0
0.3652747869491577,0.33539730310440063,-0.02987748384475708,1.573929880091088,-0.044955405664642456,ductal,0
0.26136815547943115,0.26464295387268066,0.0032747983932495117,1.385063037301404,0.004453344685409481,alpha,0
0.28929781913757324,0.2985174059867859,0.009219586849212646,1.4104101703765273,0.013143001591054408,delta,0
0.27040982246398926,0.2743709087371826,0.003961086273193359,1.4821139745043874,0.0054588305800968556,delta,0
0.27558356523513794,0.28031396865844727,0.004730403423309326,1.7827299458989565,0.006572870970541798,delta,0
0.360359787940979,0.32615840435028076,-0.03420138359069824,3.757274214741479,-0.05075582126645241,activated_stellate,0
0.2296910285949707,0.23616725206375122,0.006476223468780518,1.3104088933867841,0.008478588390296455,beta,0
0.30608081817626953,0.3093956708908081,0.0033148527145385742,1.6121782769588922,0.0047999304012681055,delta,0
0.20047777891159058,0.21232259273529053,0.011844813823699951,1.0322123081572463,0.015037645760124415,ductal,0
0.19597387313842773,0.18163752555847168,-0.014336347579956055,0.6641895193766978,-0.017518334512759214,ductal,0
0.16890305280685425,0.1797758936882019,0.010872840881347656,0.5854775088363466,0.013255939197200917,ductal,0
0.18376940488815308,0.1769641637802124,-0.006805241107940674,2.2580640485475674,-0.008268462694403707,ductal,0
0.23245364427566528,0.2277774214744568,-0.004676222801208496,0.8996635231430369,-0.006055537524086805,alpha,0
0.3071616291999817,0.3023679852485657,-0.004793643951416016,0.716087845128835,-0.006871307293894743,delta,0
0.23499679565429688,0.3039185404777527,0.06892174482345581,0.27262420695999445,0.09901390689354084,macrophage,0
0.22376298904418945,0.2202785611152649,-0.0034844279289245605,1.562811227854639,-0.004468811238419286,beta,0
0.3144097924232483,0.32967501878738403,0.015265226364135742,1.4173153590060332,0.022772874041664077,delta,0
0.17711007595062256,0.17765545845031738,0.0005453824996948242,0.7751577194265186,0.0006632043774098238,ductal,0
0.2364974021911621,0.2340010404586792,-0.00249636173248291,1.188635700495068,-0.0032589623019562957,beta,0
0.2920674681663513,0.29980820417404175,0.00774073600769043,1.0898419516612567,0.011055165247343872,delta,0
0.24149161577224731,0.23902302980422974,-0.002468585968017578,1.0647133961148785,-0.0032439693508497444,alpha,0
0.27225029468536377,0.2532978057861328,-0.018952488899230957,0.9327615276366441,-0.025381589937852344,alpha,0
0.17501521110534668,0.17288082838058472,-0.002134382724761963,0.4058114363510538,-0.0025805020582258522,activated_stellate,0
0.24797368049621582,0.25229746103286743,0.004323780536651611,1.947356427865055,0.005782754920993622,ductal,0
0.26593756675720215,0.2681831121444702,0.0022455453872680664,1.7857776722306182,0.0030684525385144793,beta,0
0.19697868824005127,0.19683384895324707,-0.00014483928680419922,0.8720964144401603,-0.00018033539712229233,ductal,0
0.24459999799728394,0.23983758687973022,-0.004762411117553711,1.9784793417261757,-0.006264991579898363,alpha,0
0.27518904209136963,0.2798413038253784,0.004652261734008789,0.5400062371036254,0.006460050762034712,delta,0
0.2534595727920532,0.2549537420272827,0.0014941692352294922,1.3065416081425614,0.0020054717666727843,ductal,0
0.24243170022964478,0.22858595848083496,-0.013845741748809814,0.8376630074965162,-0.017948521810081455,ductal,0
0.23167204856872559,0.22820138931274414,-0.0034706592559814453,2.9233570181918602,-0.004496845689953966,beta,0
0.225211501121521,0.22183120250701904,-0.003380298614501953,1.0070586789523712,-0.004343914360730255,alpha,0
0.2237246036529541,0.21972137689590454,-0.0040032267570495605,2.305285535489375,-0.005130509331556425,alpha,0
0.27526336908340454,0.28608739376068115,0.010824024677276611,1.2825076566897278,0.015161554205205008,beta,0
0.2193213701248169,0.21915805339813232,-0.0001633167266845703,1.5350074204278168,-0.000209154653378069,alpha,0
0.250657856464386,0.2512616515159607,0.000603795051574707,2.251238076761522,0.0008064166244419067,beta,0
0.180742084980011,0.18548095226287842,0.004738867282867432,0.9683730620837877,0.005817994430004855,ductal,0
0.1895161271095276,0.19093316793441772,0.0014170408248901367,0.893769261527428,0.001751450892224034,ductal,0
0.1942213773727417,0.1942974328994751,7.605552673339844e-05,1.0367756541458575,9.439653023211633e-05,ductal,0
0.2556726336479187,0.25835591554641724,0.002683281898498535,1.4071764532801976,0.003618018338911828,beta,0
0.28639674186706543,0.2990840673446655,0.012687325477600098,2.4982614022466447,0.018101065886083817,delta,0
0.21400493383407593,0.21353524923324585,-0.0004696846008300781,1.4593028070449598,-0.0005972099835016953,beta,0
0.33246302604675293,0.32105255126953125,-0.01141047477722168,0.9791177022562325,-0.01680612365295367,beta,0
0.20071595907211304,0.21211230754852295,0.011396348476409912,1.8180716997011954,0.014464432666730314,ductal,0
0.24304252862930298,0.24535632133483887,0.0023137927055358887,1.5068767773055256,0.0030660731295445317,alpha,0
0.19289731979370117,0.1865394115447998,-0.006357908248901367,0.7737406360578603,-0.007815877424344963,ductal,0
0.21590012311935425,0.21752476692199707,0.0016246438026428223,1.646725667525951,0.002076287828628137,ductal,0
0.23383384943008423,0.24642473459243774,0.012590885162353516,4.228062413233659,0.016708198557371552,beta,0
0.28741300106048584,0.28564774990081787,-0.0017652511596679688,1.6094049555358159,-0.0024711214382300574,alpha,0
0.2527464032173157,0.25625675916671753,0.0035103559494018555,4.247785671969477,0.004719849212301934,beta,0
0.2601991295814514,0.2739066481590271,0.013707518577575684,2.481930030176774,0.018878452120269337,beta,0
0.23838770389556885,0.240237295627594,0.0018495917320251465,1.5910168451804194,0.00243443343741515,beta,0
0.25935447216033936,0.252424418926239,-0.006930053234100342,0.7433474450391481,-0.009270036916062104,alpha,0
0.25131869316101074,0.2549128532409668,0.0035941600799560547,1.2608358960549808,0.004823811678392076,alpha,0
0.41544198989868164,0.4131360650062561,-0.002305924892425537,1.2155788356525825,-0.003929232578332009,beta,0
0.27196162939071655,0.2810676693916321,0.009106040000915527,4.275611365414512,0.012666059951998408,beta,0
0.25377118587493896,0.24296724796295166,-0.010803937911987305,1.2358784626950539,-0.014271427336420672,alpha,0
0.2532415986061096,0.25552481412887573,0.0022832155227661133,1.7344221615498943,0.0030668792809991114,beta,0
0.3144756555557251,0.3175009489059448,0.0030252933502197266,0.7469766486620715,0.004432670412317996,beta,0
0.25262749195098877,0.26346760988235474,0.010840117931365967,2.1538606990366658,0.01471777490957932,beta,0
0.18305402994155884,0.1889181137084961,0.005864083766937256,1.3166451107013575,0.0072299528149364885,ductal,0
0.1976490020751953,0.20311009883880615,0.00546109676361084,1.4830934471170683,0.006853012888798269,beta,0
0.1962881088256836,0.1884530782699585,-0.007835030555725098,2.059313512336887,-0.009654439374894698,activated_stellate,0
0.257560133934021,0.26088589429855347,0.0033257603645324707,1.8705652533668409,0.004499657547972517,beta,0
0.20346367359161377,0.20874899625778198,0.005285322666168213,0.9776689046822716,0.006679704216704059,ductal,0
0.23960787057876587,0.2403630018234253,0.0007551312446594238,2.785610411479625,0.0009940685438861372,beta,0
0.27565664052963257,0.27402108907699585,-0.0016355514526367188,1.5083340337382833,-0.0022528911350293782,beta,0
0.24849289655685425,0.23979079723358154,-0.008702099323272705,1.8218850356185508,-0.011446979715064707,alpha,0
0.20973187685012817,0.20575731992721558,-0.003974556922912598,0.6356014391098401,-0.005004209698915159,ductal,0
0.1927649974822998,0.19207638502120972,-0.0006886124610900879,0.9027321072184878,-0.0008523237201182261,ductal,0
0.22539138793945312,0.23244422674179077,0.0070528388023376465,1.9262400136214768,0.009188698786537613,beta,0
0.2189115285873413,0.22652173042297363,0.007610201835632324,1.195638723201632,0.009838934246716374,ductal,0
0.22518134117126465,0.22555899620056152,0.000377655029296875,1.1720713755566552,0.0004876485457821633,alpha,0
0.21146142482757568,0.21544122695922852,0.003979802131652832,0.9534682925533328,0.005072662837263324,ductal,0
0.28068917989730835,0.2833755612373352,0.0026863813400268555,1.0950303183557701,0.0037486599601113304,gamma,0
0.26765573024749756,0.27129167318344116,0.0036359429359436035,1.8619832192151027,0.004989572373665076,alpha,0
0.2618616819381714,0.2674795985221863,0.005617916584014893,1.5907769573887347,0.007669297090812897,beta,0
0.25759583711624146,0.2648324966430664,0.007236659526824951,3.324697564560805,0.009843551971191328,beta,0
0.17482632398605347,0.1814194917678833,0.006593167781829834,0.9941875027205741,0.008054391370824426,activated_stellate,0
0.24169957637786865,0.24158430099487305,-0.00011527538299560547,3.8683502845542406,-0.00015199498526576017,beta,0
0.22833490371704102,0.23372310400009155,0.005388200283050537,3.0991604154753727,0.007031662198322603,beta,0
0.21453863382339478,0.20933711528778076,-0.005201518535614014,1.006899225389329,-0.006578680542855165,alpha,0
0.2714955806732178,0.2671573758125305,-0.004338204860687256,1.5805996595788998,-0.005919695057990369,beta,0
0.27749568223953247,0.2686900496482849,-0.008805632591247559,1.3605751951153202,-0.012040903569016928,gamma,0
0.41471898555755615,0.39655542373657227,-0.018163561820983887,0.8346203101872308,-0.03009980126667799,beta,0
0.25407421588897705,0.25332820415496826,-0.0007460117340087891,0.7480980223604995,-0.0009991159946847923,alpha,0
0.17561733722686768,0.17356127500534058,-0.0020560622215270996,1.3740637829014408,-0.002487858033927907,ductal,0
0.2563897967338562,0.24540263414382935,-0.010987162590026855,2.076408014005821,-0.014560298096933794,beta,0
0.2526143789291382,0.24638593196868896,-0.006228446960449219,0.7500036530848452,-0.008264770025750687,alpha,0
0.23129284381866455,0.2318638563156128,0.0005710124969482422,1.9136909078966455,0.0007433740771647123,alpha,0
0.2512083649635315,0.24834883213043213,-0.0028595328330993652,1.0939743677278844,-0.003804334983213347,beta,0
0.2491612434387207,0.2605091333389282,0.01134788990020752,1.3155393649735343,0.015345544362765683,alpha,0
0.24387532472610474,0.2395787239074707,-0.004296600818634033,1.1187841140967214,-0.005650290113806884,alpha,0
0.22908532619476318,0.2238408923149109,-0.005244433879852295,1.693743302119704,-0.006756905675556562,alpha,0
0.23843872547149658,0.22719860076904297,-0.011240124702453613,0.6366851551175154,-0.0145446484874886,alpha,0
0.18043756484985352,0.18395644426345825,0.0035188794136047363,1.4742367966116887,0.004312122053863508,activated_stellate,0
0.25163865089416504,0.25472939014434814,0.0030907392501831055,1.085466479397775,0.0041471369047838035,alpha,0
0.22456151247024536,0.22680950164794922,0.0022479891777038574,1.3007568263674685,0.002907419558951044,activated_stellate,0
0.23989272117614746,0.2622048854827881,0.022312164306640625,2.422460011186689,0.03024168074254727,beta,0
0.329953134059906,0.3256874680519104,-0.0042656660079956055,1.0817364485059562,-0.006325947992798076,gamma,0
0.2390989065170288,0.2289840579032898,-0.010114848613739014,1.7634189978417965,-0.013118857939866418,alpha,0
0.24495697021484375,0.2427014708518982,-0.0022554993629455566,2.182233847944298,-0.0029783490606839114,beta,0
0.29553133249282837,0.29415351152420044,-0.0013778209686279297,1.8080056485887968,-0.0019520122167118626,delta,0
0.22287583351135254,0.22499096393585205,0.0021151304244995117,0.7206437419575626,0.002729168727168803,ductal,0
0.2491002082824707,0.24720418453216553,-0.0018960237503051758,1.7502533120875674,-0.002518642786459789,alpha,0
0.21490371227264404,0.21749800443649292,0.002594292163848877,3.12090714767021,0.0033153808917517663,activated_stellate,0
0.2827220559120178,0.29131174087524414,0.008589684963226318,3.069644496832443,0.012120540805677734,beta,0
0.26633912324905396,0.27017199993133545,0.003832876682281494,1.8792613804640088,0.005251753402063068,alpha,0
0.2392595410346985,0.23533296585083008,-0.003926575183868408,1.727296528977606,-0.005135013029870487,alpha,0
0.28811711072921753,0.28249239921569824,-0.005624711513519287,1.0689775271581392,-0.007839236138224822,alpha,0
0.23571300506591797,0.24028998613357544,0.004576981067657471,0.9418197638313722,0.0060246422768124985,beta,0
0.23747700452804565,0.24610894918441772,0.00863194465637207,1.419528385211553,0.011449856908413715,beta,0
0.20515155792236328,0.2078094482421875,0.0026578903198242188,1.0867128935152803,0.0033551148949284436,activated_stellate,0
0.262514591217041,0.3231545090675354,0.060639917850494385,0.3195657919064517,0.089591965467559,macrophage,0
0.1988445520401001,0.19565194845199585,-0.003192603588104248,1.1279625634589974,-0.0039691817266914965,ductal,0
0.25095975399017334,0.24558740854263306,-0.005372345447540283,1.9634088830433423,-0.007121229826191048,beta,0
0.24725037813186646,0.24588298797607422,-0.0013673901557922363,0.9103297078304873,-0.0018132334027611797,beta,0
0.2421911358833313,0.23176950216293335,-0.01042163372039795,1.0495336960733088,-0.01356576411603001,alpha,0
0.23970866203308105,0.24767816066741943,0.007969498634338379,1.9462256792240302,0.010593203889187225,beta,0
0.26502007246017456,0.2654677629470825,0.000447690486907959,1.545799657281476,0.0006094905905072023,beta,0
0.232682466506958,0.2272898554801941,-0.005392611026763916,1.6100756119930126,-0.006978827785566485,ductal,0
0.2520681619644165,0.2514406442642212,-0.0006275177001953125,1.384733851198192,-0.0008383005240493037,alpha,0
0.35198259353637695,0.3619431257247925,0.009960532188415527,0.6904428570387146,0.015610727804993976,delta,0
0.23840045928955078,0.24362105131149292,0.005220592021942139,1.5875709767767843,0.006902085298637905,beta,0
0.24182933568954468,0.24393314123153687,0.0021038055419921875,2.357450280808829,0.002782565480279111,beta,0
0.23108577728271484,0.2355477213859558,0.004461944103240967,1.3878775309464033,0.0058367856674199385,alpha,0
0.2425869107246399,0.24066781997680664,-0.001919090747833252,1.9892543426484792,-0.002527340205408698,beta,0
0.264567494392395,0.2566474676132202,-0.007920026779174805,1.9304796015756882,-0.010654469358898843,alpha,0
0.26288723945617676,0.2784345746040344,0.015547335147857666,1.6535274016126495,0.021546674217831217,beta,0
0.22027766704559326,0.24640744924545288,0.02612978219985962,0.6218518979809996,0.03467362061062936,ductal,0
0.24662667512893677,0.25904542207717896,0.012418746948242188,1.5390116563470084,0.016760469964375795,beta,0
0.24439215660095215,0.25346696376800537,0.009074807167053223,1.6645292818679067,0.01215593513832536,alpha,0
0.2368220090866089,0.2396998405456543,0.00287783145904541,1.366919474774767,0.003785125418243737,alpha,0
0.3137362003326416,0.31570035219192505,0.0019641518592834473,1.609163580760671,0.0028703096159335326,delta,0
0.23619133234024048,0.23254919052124023,-0.003642141819000244,2.6990990780202413,-0.004745765818494514,beta,0
0.24937236309051514,0.26927441358566284,0.019902050495147705,1.1561280956523312,0.027236011527674648,beta,0
0.27697908878326416,0.2643532156944275,-0.01262587308883667,1.1777920868842469,-0.01716295558982848,alpha,0
0.28129565715789795,0.24059271812438965,-0.0407029390335083,0.04959080707041555,-0.05359829962780812,macrophage,0
0.20467835664749146,0.20806962251663208,0.003391265869140625,4.21558198500355,0.004282277793052393,activated_stellate,0
0.22557508945465088,0.22709530591964722,0.0015202164649963379,1.73369182358249,0.0019668873492936674,ductal,0
0.23889565467834473,0.24370431900024414,0.004808664321899414,1.8626095431328906,0.006358180329078153,beta,0
0.23439162969589233,0.23583096265792847,0.0014393329620361328,1.2024876355475815,0.0018835269314789469,alpha,0
0.28061145544052124,0.2947225570678711,0.014111101627349854,0.8528587914297812,0.020007873169293762,delta,0
0.30855226516723633,0.26652002334594727,-0.04203224182128906,0.11030726840295021,-0.057305234170166926,macrophage,0
0.30263298749923706,0.3080264925956726,0.005393505096435547,1.8287139880373522,0.007794380910140921,delta,0
0.24617469310760498,0.2382938265800476,-0.007880866527557373,1.677286787693558,-0.01034633406235032,alpha,0
0.20706921815872192,0.2065107226371765,-0.0005584955215454102,1.469430609954844,-0.0007038475975397935,ductal,0
0.268135666847229,0.24492794275283813,-0.02320772409439087,0.9672951898844288,-0.030735773985600102,acinar,0
0.29367417097091675,0.30527234077453613,0.011598169803619385,1.5263230300932895,0.01669455598838532,delta,0
0.28041791915893555,0.2838902473449707,0.0034723281860351562,0.9201467504305844,0.00484887710740043,alpha,0
0.1858302354812622,0.19921565055847168,0.013385415077209473,0.9146424481338541,0.016715380472338826,ductal,0
0.19535666704177856,0.20065057277679443,0.005293905735015869,1.1993065937915712,0.006622767909405945,ductal,0
0.25044506788253784,0.2505934238433838,0.00014835596084594727,1.5703364610954715,0.00019796458366672085,alpha,0
0.23760533332824707,0.2475101351737976,0.009904801845550537,1.5550596089684037,0.01316270465362106,beta,0
0.26239240169525146,0.261340856552124,-0.0010515451431274414,1.2192727870316917,-0.0014235864436999885,ductal,0
0.2171204686164856,0.2152894139289856,-0.0018310546875,0.704026223085254,-0.0023334140255045497,ductal,0
0.2541773319244385,0.24825680255889893,-0.005920529365539551,1.9811231590736245,-0.007875733875202007,alpha,0
0.24042820930480957,0.2309408187866211,-0.009487390518188477,0.948806618232346,-0.012336359476548733,alpha,0
0.4031062126159668,0.37888282537460327,-0.024223387241363525,0.5708449106336121,-0.03899970606347014,delta,0
0.323188841342926,0.32575786113739014,0.0025690197944641113,1.5053928035172834,0.0038102332179917337,delta,0
0.2585398554801941,0.26092392206192017,0.0023840665817260742,2.7995861902586547,0.003225739071919755,alpha,0
0.27683234214782715,0.2767080068588257,-0.00012433528900146484,1.2980445101557152,-0.00017190192920771998,alpha,0
0.20562177896499634,0.20108139514923096,-0.004540383815765381,1.2237970190603296,-0.005683161949412211,ductal,0
0.33352601528167725,0.33280307054519653,-0.0007229447364807129,1.7201558208457062,-0.0010835552511781843,alpha,0
0.28065168857574463,0.2558390498161316,-0.024812638759613037,3.0895901932887266,-0.03334310776920274,alpha,0
0.31712067127227783,0.32077980041503906,0.0036591291427612305,2.100049946399167,0.0053872501804233,delta,0
0.2905697822570801,0.2877900004386902,-0.0027797818183898926,1.0090794730108108,-0.0039030367730053164,alpha,0
0.2749711871147156,0.276996374130249,0.0020251870155334473,1.9020749151594765,0.002801074494055559,beta,0
0.2852432131767273,0.28902924060821533,0.003786027431488037,1.2744813678626055,0.00532515209869795,beta,0
0.23871749639511108,0.2358846664428711,-0.0028328299522399902,1.5251933372005775,-0.0037073329480937505,alpha,0
0.22391659021377563,0.22207427024841309,-0.0018423199653625488,0.9360117535028236,-0.002368246601061585,ductal,0
0.35466712713241577,0.35851699113845825,0.0038498640060424805,1.1898059967766679,0.006001505812094609,delta,0
0.29650652408599854,0.2845548987388611,-0.011951625347137451,0.7573083964839629,-0.016705160642053348,alpha,0
0.21200191974639893,0.21124398708343506,-0.0007579326629638672,0.9805123979703759,-0.0009609215657973586,activated_stellate,0
0.356702983379364,0.3621525764465332,0.0054495930671691895,1.158964604268327,0.008543725138543864,delta,0
0.26181864738464355,0.2616962790489197,-0.00012236833572387695,2.217383387922186,-0.0001657425423323649,beta,0
0.2909168004989624,0.29381412267684937,0.002897322177886963,0.42641676994873645,0.004102775587738281,gamma,0
0.30222445726394653,0.30910956859588623,0.006885111331939697,3.4349016949463276,0.009965561858986692,delta,0
0.3096109628677368,0.32677340507507324,0.017162442207336426,1.2363846314341977,0.025492816737654658,gamma,0
0.24963164329528809,0.24455130100250244,-0.0050803422927856445,1.7559246709206613,-0.006724933538872205,beta,0
0.19406485557556152,0.20780426263809204,0.013739407062530518,1.7988963898295285,0.017343449875511997,ductal,0
0.24512070417404175,0.23745417594909668,-0.007666528224945068,0.9339705523612039,-0.010053859037897366,alpha,0
0.22650688886642456,0.22869431972503662,0.0021874308586120605,0.7219816380053059,0.0028360103063577355,ductal,0
0.275168240070343,0.26816821098327637,-0.00700002908706665,1.0917987472232789,-0.00956507928751191,alpha,0
0.277255654335022,0.2718707323074341,-0.005384922027587891,0.8783583254009549,-0.007395557721024802,ductal,0
0.2633262276649475,0.28318333625793457,0.01985710859298706,1.2334200259681918,0.027701795448399777,beta,0
0.18121254444122314,0.19089800119400024,0.0096854567527771,1.5026595512026015,0.011970625170954995,ductal,0
0.2554140090942383,0.25555187463760376,0.00013786554336547852,0.724503989205588,0.00018519160525572656,alpha,0
0.24176430702209473,0.24601316452026367,0.004248857498168945,2.298359247780731,0.005635187908109219,beta,0
0.24759459495544434,0.2556420564651489,0.00804746150970459,1.986332745185579,0.010811279142784892,beta,0
0.20009803771972656,0.1964084506034851,-0.003689587116241455,0.4613781236603578,-0.00459137122461315,ductal,0
0.2922688126564026,0.3076745271682739,0.015405714511871338,1.1580986153439154,0.022252127238449583,beta,0
0.2708626985549927,0.27317649126052856,0.0023137927055358887,1.1139583179762713,0.003183431297576897,alpha,0
0.1727856993675232,0.1852990984916687,0.012513399124145508,1.5958305705432096,0.015359500770133299,ductal,0
0.2242659330368042,0.22394251823425293,-0.00032341480255126953,0.9432518151462953,-0.0004167407829319688,activated_stellate,0
0.25229257345199585,0.2508341670036316,-0.0014584064483642578,2.383344129928736,-0.0019467071029270063,alpha,0
0.26509618759155273,0.2653547525405884,0.00025856494903564453,3.405749705478655,0.00035195892157449774,beta,0
0.2605432868003845,0.26937729120254517,0.008834004402160645,1.6199093200189278,0.012091061906220644,beta,0
0.20084238052368164,0.20023685693740845,-0.0006055235862731934,0.5932834277127487,-0.0007571286468071254,ductal,0
0.3133333921432495,0.3009513020515442,-0.012382090091705322,1.6188775700888287,-0.01771277183985015,alpha,0
0.19459611177444458,0.19876736402511597,0.004171252250671387,1.0239586107741359,0.0052060438671424035,ductal,0
0.23661428689956665,0.23642265796661377,-0.00019162893295288086,1.7145570778362018,-0.0002509620472008482,alpha,0
0.26216381788253784,0.25685572624206543,-0.005308091640472412,1.7545756042929876,-0.007142747146029176,alpha,0
0.2564748525619507,0.2533934712409973,-0.003081381320953369,1.6084992090860672,-0.004127182394286307,alpha,0
0.26485365629196167,0.26582640409469604,0.000972747802734375,1.7388823153170763,0.0013249561250359147,alpha,0
0.3215843439102173,0.31226032972335815,-0.00932401418685913,1.3314060077188492,-0.01355747616406738,alpha,0
0.2701302766799927,0.29274189472198486,0.022611618041992188,0.8399620993652291,0.03197081500127003,beta,0
0.31423383951187134,0.30816853046417236,-0.006065309047698975,1.3050004387237353,-0.008767032600827465,ductal,0
0.3009970784187317,0.30338650941848755,0.0023894309997558594,1.5824092805294883,0.0034300670774567296,alpha,0
0.30080103874206543,0.3055307865142822,0.004729747772216797,1.5614645459000982,0.006810593875683831,alpha,0
0.245519757270813,0.23585033416748047,-0.00966942310333252,0.8674119483974132,-0.012653834105649913,alpha,0
0.19740498065948486,0.19292443990707397,-0.004480540752410889,2.4294671070260807,-0.005551575309621571,ductal,0
0.29936546087265015,0.3017410635948181,0.0023756027221679688,0.9782824552013464,0.0034021801917755437,beta,0
0.21176165342330933,0.21710288524627686,0.005341231822967529,2.0599817508147593,0.006822393035191766,ductal,0
0.1736263632774353,0.184431254863739,0.010804891586303711,1.8027846804976502,0.013248290411740197,activated_stellate,0
0.2528957724571228,0.24753373861312866,-0.005362033843994141,1.3602142598780096,-0.007125945865149317,alpha,0
0.24968582391738892,0.25175195932388306,0.0020661354064941406,0.9858046710557923,0.0027612974497429766,beta,0
0.2703526020050049,0.2684617042541504,-0.0018908977508544922,2.0082782031772526,-0.0025848240096939864,alpha,0
0.2626188397407532,0.2606630325317383,-0.0019558072090148926,1.2932877179057887,-0.002645352924407708,alpha,0
0.2611839175224304,0.26206880807876587,0.0008848905563354492,1.369009681372266,0.0011991504980723208,ductal,0
0.28987574577331543,0.274072527885437,-0.015803217887878418,1.410732704638397,-0.021769692558741484,alpha,0
0.2804597020149231,0.2804083228111267,-5.137920379638672e-05,1.2427923548969602,-7.140049756704047e-05,alpha,0
0.24535518884658813,0.24783778190612793,0.002482593059539795,0.8497877141968441,0.0033006085653054696,beta,0
0.258464515209198,0.26592540740966797,0.007460892200469971,0.9596393879010796,0.010163670389602628,beta,0
0.24076712131500244,0.23475515842437744,-0.006011962890625,1.6237372433294373,-0.007856260590070099,beta,0
0.2959400415420532,0.2980468273162842,0.002106785774230957,1.1758636230473172,0.0030013195412683558,beta,0
0.21206235885620117,0.21405285596847534,0.00199049711227417,1.5010499417203644,0.0025326093839642865,ductal,0
0.33291923999786377,0.2967963218688965,-0.036122918128967285,0.10092770719289293,-0.05136906880943905,macrophage,0
0.2769685983657837,0.2778571844100952,0.0008885860443115234,0.9757655714174588,0.0012304851964575101,alpha,0
0.19984948635101318,0.20101279020309448,0.0011633038520812988,0.9924004169176959,0.0014559730591644877,ductal,0
0.2896287441253662,0.2904442548751831,0.0008155107498168945,0.9831285995490622,0.0011493258358065148,alpha,0
0.2550898790359497,0.25332891941070557,-0.0017609596252441406,2.0724254913516416,-0.0023584141277499865,beta,0
0.28553104400634766,0.28229647874832153,-0.003234565258026123,1.245189657568659,-0.004506826512966002,beta,0
0.21581047773361206,0.2119278907775879,-0.00388258695602417,1.6708890004367751,-0.004926689969849465,ductal,0
0.26117825508117676,0.2820873260498047,0.02090907096862793,0.7346858086853755,0.0291248110352743,beta,0
0.2911132574081421,0.2905310392379761,-0.0005822181701660156,2.1463066466141685,-0.0008206393829275756,delta,0
0.20525115728378296,0.21380865573883057,0.008557498455047607,1.8745959494942563,0.010884752824504313,quiescent_stellate,0
0.2816573977470398,0.2744419574737549,-0.007215440273284912,0.8731455452362324,-0.00994467685612335,alpha,0
0.2506631016731262,0.24035173654556274,-0.010311365127563477,1.2704718411055715,-0.01357386783282226,alpha,0
0.2999436855316162,0.2928912043571472,-0.007052481174468994,1.3702349607820592,-0.009973686111565593,beta,0
0.22355419397354126,0.2210482954978943,-0.0025058984756469727,1.1796946465306413,-0.003217013919044834,ductal,0
0.28856873512268066,0.27520501613616943,-0.01336371898651123,2.1508783177574897,-0.018437929737413736,beta,0
0.2759855389595032,0.26887935400009155,-0.007106184959411621,1.2930674788020247,-0.009719579112272137,alpha,0
0.2584567070007324,0.26176917552948,0.0033124685287475586,1.5182456540196052,0.004487036329217701,beta,0
0.26688677072525024,0.25561338663101196,-0.011273384094238281,1.7638785477521641,-0.015144528248857871,alpha,0
0.24102604389190674,0.23614656925201416,-0.004879474639892578,1.6778016049310263,-0.006387972408678541,beta,0
0.2531500458717346,0.2699897289276123,0.016839683055877686,2.058976679888062,0.023067734418503634,beta,0
0.28538310527801514,0.28635549545288086,0.0009723901748657227,1.7696378374254655,0.0013625694147015176,beta,0
0.29434120655059814,0.3066139221191406,0.01227271556854248,1.3687934889118007,0.017699685586492597,beta,0
0.2562963366508484,0.25267672538757324,-0.0036196112632751465,1.3194954065069406,-0.004843434409496121,alpha,0
0.2618861794471741,0.2560214400291443,-0.005864739418029785,1.900190118156083,-0.007882941436188064,alpha,0
0.2630481719970703,0.2594572901725769,-0.003590881824493408,1.6402735039825471,-0.004848986799600298,beta,0
0.2690986394882202,0.2597823739051819,-0.00931626558303833,0.8266989766385096,-0.012585846722116508,alpha,0
0.3186637759208679,0.3325677514076233,0.013903975486755371,0.7227673824801712,0.020832040279862168,delta,0
0.27297043800354004,0.2551247477531433,-0.01784569025039673,0.6732118619588553,-0.023957958324654537,alpha,0
0.36232125759124756,0.32683873176574707,-0.03548252582550049,0.8528532034056122,-0.05271029023784082,beta,0
0.39208102226257324,0.28581029176712036,-0.10627073049545288,0.9918870245063133,-0.14879902254318206,schwann,1
0.26693785190582275,0.26439058780670166,-0.0025472640991210938,0.9347093717704893,-0.0034627943265790368,beta,0
0.301555871963501,0.30742770433425903,0.005871832370758057,1.542819162092364,0.00847829520110057,beta,0
0.27676326036453247,0.2713243365287781,-0.0054389238357543945,1.1820064962509864,-0.007464121705183307,alpha,0
0.24118489027023315,0.2421758770942688,0.0009909868240356445,1.1952234737611855,0.0013076738969932703,alpha,0
0.2753957509994507,0.2699112296104431,-0.005484521389007568,2.5647761728436165,-0.007512129499103467,alpha,0
0.25564467906951904,0.254173219203949,-0.0014714598655700684,2.4393417649697398,-0.0019729244155050583,beta,0
0.3691037893295288,0.3708816170692444,0.0017778277397155762,1.550963192513314,0.0028259033402164217,alpha,0
0.289520263671875,0.30706214904785156,0.017541885375976562,1.1036191708077767,0.025315236210394193,beta,0
0.23442447185516357,0.23415905237197876,-0.00026541948318481445,1.4282384528499033,-0.0003465725931825365,ductal,0
0.24451303482055664,0.2440561056137085,-0.00045692920684814453,0.9020387521342456,-0.0006044485711722029,ductal,0
0.29721397161483765,0.3107537627220154,0.013539791107177734,1.3303885003142928,0.019644345336798565,gamma,0
0.2998950481414795,0.31217479705810547,0.012279748916625977,0.9849235777321367,0.017853008095813167,beta,0
0.27355676889419556,0.2728232741355896,-0.000733494758605957,1.7574938358715844,-0.0010086884419107833,alpha,0
0.1916467547416687,0.1900966763496399,-0.0015500783920288086,0.7509761859060554,-0.0019139054585457984,ductal,0
0.234636127948761,0.2342354655265808,-0.0004006624221801758,2.3023576299874526,-0.0005232188279073185,beta,0
0.296058714389801,0.3008934259414673,0.00483471155166626,1.2961431701955601,0.006915557271331672,ductal,0
0.18195611238479614,0.19450026750564575,0.01254415512084961,0.9600202422177903,0.01557313381347092,ductal,0
0.26996690034866333,0.2601749300956726,-0.009791970252990723,1.3461920209977465,-0.013235521005333057,alpha,0
0.22993683815002441,0.2271730899810791,-0.0027637481689453125,1.7394402326082474,-0.0035761541596392504,activated_stellate,0
0.27256840467453003,0.2888014316558838,0.01623302698135376,1.6843174501001177,0.022824887034220444,delta,0
0.25857317447662354,0.2530781030654907,-0.0054950714111328125,1.581759048683464,-0.007356955839272476,beta,0
0.2754065990447998,0.27251148223876953,-0.0028951168060302734,1.1508669226794708,-0.003979604812100254,beta,0
0.26262837648391724,0.28316354751586914,0.020535171031951904,2.7234639302380885,0.028646940262020935,beta,0
0.28591275215148926,0.2851450443267822,-0.0007677078247070312,1.2193986187467278,-0.0010739350949648787,alpha,0
0.35679715871810913,0.3527153730392456,-0.004081785678863525,0.8121372000279096,-0.006306013628083598,alpha,0
0.2618451714515686,0.2652127742767334,0.003367602825164795,0.829929815054101,0.0045830993072178035,alpha,0
0.20951712131500244,0.20272910594940186,-0.006788015365600586,0.778650236454192,-0.008514063935174574,activated_stellate,0
0.27517491579055786,0.2751443386077881,-3.057718276977539e-05,1.6840575764648231,-4.2183822791763215e-05,alpha,0
0.3143320083618164,0.31350982189178467,-0.0008221864700317383,0.9536412144032724,-0.0011976667638530036,alpha,0
0.24830859899520874,0.2499648928642273,0.0016562938690185547,1.3036671728585771,0.002208288456447852,alpha,0
0.2954704165458679,0.3010628819465637,0.005592465400695801,1.5123721543729067,0.008001385612873169,alpha,0
0.2960575819015503,0.28200268745422363,-0.01405489444732666,1.0633259364927299,-0.019575135173546462,alpha,0
0.3295775055885315,0.34678274393081665,0.017205238342285156,1.2405275260967503,0.0263392281548406,delta,0
0.32012027502059937,0.3220940828323364,0.0019738078117370605,1.846110291308186,0.0029116249936034814,alpha,0
0.331270694732666,0.3392958641052246,0.008025169372558594,1.5222754243483536,0.012146388885079861,gamma,0
0.2886609435081482,0.28119921684265137,-0.007461726665496826,1.0897109741367197,-0.010380799298410645,alpha,0
0.25393784046173096,0.2518812417984009,-0.002056598663330078,1.5325634717819334,-0.00274902699709593,alpha,0
0.32707250118255615,0.3298559784889221,0.002783477306365967,1.8453914875111506,0.004153550904012585,gamma,0
0.2743431329727173,0.26928913593292236,-0.005053997039794922,1.594408800078713,-0.0069165483754610995,alpha,0
0.2779432535171509,0.2735471725463867,-0.00439608097076416,0.8935413000264923,-0.0060514334924862915,alpha,0
0.30917322635650635,0.30798912048339844,-0.0011841058731079102,1.5632908830850285,-0.0017111087529939667,alpha,0
0.28103482723236084,0.2867841124534607,0.0057492852210998535,1.6683038122649556,0.00806107284132071,alpha,0
0.18511319160461426,0.18093550205230713,-0.004177689552307129,1.681013640899795,-0.005100562364471967,ductal,0
0.2534947395324707,0.2466754913330078,-0.006819248199462891,0.9721436151820342,-0.009052205418790305,alpha,0
0.20785796642303467,0.21513396501541138,0.007275998592376709,1.7455089592806952,0.00927037006069396,activated_stellate,0
0.3119856119155884,0.317787766456604,0.005802154541015625,0.6977806574703239,0.00850491131019354,alpha,0
0.37016570568084717,0.37860751152038574,0.008441805839538574,1.2515027164131676,0.013585303968178754,delta,0
0.2566678524017334,0.25715792179107666,0.0004900693893432617,0.7065993424100298,0.0006597221720730666,alpha,0
0.28884637355804443,0.2809346914291382,-0.00791168212890625,1.3462526188776216,-0.011002730954481274,alpha,0
0.25900888442993164,0.2590322494506836,2.3365020751953125e-05,1.5433710631733284,3.1533114274719066e-05,alpha,0
0.27183765172958374,0.27157139778137207,-0.0002662539482116699,0.782699278816251,-0.0003655182503827018,ductal,0
0.3712931275367737,0.37244194746017456,0.001148819923400879,1.1887873425444673,0.0018306193646172259,delta,0
0.275850772857666,0.27613747119903564,0.0002866983413696289,0.6357985263555942,0.00039606738843703905,alpha,0
0.2724835276603699,0.27614593505859375,0.003662407398223877,2.697047192770937,0.005059593605404892,alpha,0
0.26968926191329956,0.26229315996170044,-0.007396101951599121,0.7037125614800428,-0.010025800968871507,alpha,0
0.28229963779449463,0.2865144610404968,0.004214823246002197,1.0248123822041302,0.005907370249085633,alpha,0
0.29140007495880127,0.29453402757644653,0.0031339526176452637,1.7507890038180678,0.00444238664960537,beta,0
0.26455527544021606,0.2631223201751709,-0.001432955265045166,1.3322522890316508,-0.0019446311162333058,beta,0
0.26049506664276123,0.24712204933166504,-0.013373017311096191,1.097515257647663,-0.017762530167372906,alpha,0
0.2924312949180603,0.28847408294677734,-0.003957211971282959,2.9595545147402755,-0.00556158514600805,activated_stellate,0
0.2507510185241699,0.24395757913589478,-0.0067934393882751465,2.072778124017576,-0.008985526738712234,alpha,0
0.2702024579048157,0.2803061604499817,0.010103702545166016,1.7746746454129043,0.01403888985833651,beta,0
0.2468785047531128,0.25139105319976807,0.0045125484466552734,0.9858523634601789,0.006027911456232512,alpha,0
0.2771003246307373,0.2825390100479126,0.005438685417175293,1.3114618341574371,0.007580461507096703,beta,0
0.2598457336425781,0.25825536251068115,-0.0015903711318969727,1.6311853715680389,-0.002144095220263556,beta,0
0.23815840482711792,0.23267364501953125,-0.00548475980758667,1.411142300779935,-0.0071478840417598805,alpha,0
0.2739642858505249,0.2696218490600586,-0.004342436790466309,1.7548479056622555,-0.005945463709282542,alpha,0
0.20602571964263916,0.20925849676132202,0.0032327771186828613,2.442586027937601,0.004088285622345888,activated_stellate,0
0.3030717968940735,0.3017057180404663,-0.0013660788536071777,2.586012790453258,-0.0019563082340782255,beta,0
0.24701040983200073,0.24728792905807495,0.00027751922607421875,1.3970879058455625,0.00036869240814344607,alpha,0
0.3726520538330078,0.3757669925689697,0.003114938735961914,0.40974149411800287,0.0049900256777211105,beta,0
0.30622124671936035,0.31188666820526123,0.005665421485900879,0.9541998758073106,0.008233268015785007,delta,0
0.2824176549911499,0.2830387353897095,0.0006210803985595703,1.6537478122359393,0.000866267717959858,beta,0
0.2769237756729126,0.27073341608047485,-0.006190359592437744,2.4191808129463226,-0.008488472842354796,alpha,0
0.3722166419029236,0.3641358017921448,-0.008080840110778809,0.8412467637547759,-0.0127084370114785,beta,0
0.30450189113616943,0.30615878105163574,0.0016568899154663086,1.4159567248116203,0.0023879957981994934,gamma,0
0.2637140154838562,0.2610034942626953,-0.0027105212211608887,1.1973621912145833,-0.0036678403755868545,alpha,0
0.2704193592071533,0.25551843643188477,-0.014900922775268555,1.0634168888239848,-0.020015166935568065,alpha,0
0.25161445140838623,0.24341565370559692,-0.008198797702789307,0.7368328921395279,-0.010836594416663995,alpha,0
0.26442861557006836,0.27173280715942383,0.007304191589355469,1.3332377871359342,0.010029549128618262,beta,0
0.2570585012435913,0.26756560802459717,0.01050710678100586,2.5900612737707225,0.014345457963364883,beta,0
0.28969550132751465,0.29892879724502563,0.009233295917510986,1.8936324648729532,0.01317026841386044,beta,0
0.22464126348495483,0.23109310865402222,0.006451845169067383,1.116340285022241,0.008390931648139316,activated_stellate,0
0.22594696283340454,0.20915883779525757,-0.016788125038146973,0.06292510305275932,-0.021228188213350308,endothelial,0
0.30581021308898926,0.2564319372177124,-0.049378275871276855,0.03429252536038441,-0.06640720378241222,macrophage,0
0.2644614577293396,0.2618030309677124,-0.0026584267616271973,1.4385145735324607,-0.0036012431277144975,alpha,0
0.27202481031417847,0.2663182020187378,-0.005706608295440674,1.564415792591233,-0.007778042621668552,alpha,0
0.31405794620513916,0.30606138706207275,-0.007996559143066406,1.1087371641470825,-0.011523438808530025,gamma,0
0.2526512145996094,0.24437928199768066,-0.008271932601928711,1.6851783699831984,-0.010947201955761252,alpha,0
0.2101651430130005,0.1955646276473999,-0.014600515365600586,0.05915471450564875,-0.018150016604691132,endothelial,0
0.2922535538673401,0.2757781744003296,-0.016475379467010498,1.459679944315565,-0.022749078921183503,alpha,0
0.3019043803215027,0.30265527963638306,0.0007508993148803711,1.2140307243111996,0.0010767978776534354,alpha,0
0.2888777256011963,0.2794511318206787,-0.009426593780517578,0.7830973792580258,-0.013082518336801557,alpha,0
0.2761693596839905,0.2890271544456482,0.012857794761657715,0.9125928213333374,0.01808479021675206,beta,0
0.25415557622909546,0.25410252809524536,-5.3048133850097656e-05,0.7154935968342024,-7.111987350571353e-05,quiescent_stellate,0
0.32261043787002563,0.31784921884536743,-0.004761219024658203,1.063497430727064,-0.0069797164442136905,beta,0
0.2601863741874695,0.26024430990219116,5.793571472167969e-05,1.4397622632712008,7.831736274177163e-05,alpha,0
0.24484151601791382,0.231825053691864,-0.013016462326049805,1.2436587332786346,-0.016944658750727527,ductal,0
0.41914641857147217,0.40308070182800293,-0.01606571674346924,1.2640973341933983,-0.02691438657230352,ductal,0
0.2527259588241577,0.24549967050552368,-0.007226288318634033,1.8436530359838925,-0.009577581395459068,alpha,0
0.3798109292984009,0.35893958806991577,-0.020871341228485107,1.190300838988985,-0.03255752631120418,alpha,0
0.2144593596458435,0.22547811269760132,0.011018753051757812,1.1360988866104358,0.014226522493941776,ductal,0
0.2707943916320801,0.2787199020385742,0.00792551040649414,1.0997240231442624,0.01098811741637435,beta,0
0.25937068462371826,0.2560962438583374,-0.0032744407653808594,0.88890679129185,-0.004401699464947053,alpha,0
0.26140397787094116,0.26605868339538574,0.00465470552444458,1.4895251947900787,0.006342067709143758,alpha,0
0.2309207320213318,0.23494672775268555,0.00402599573135376,1.5731691023357168,0.005262373062633341,ductal,0
0.27690720558166504,0.28356605768203735,0.0066588521003723145,2.3819390384947092,0.009294439734147925,beta,0
0.22666215896606445,0.2541618347167969,0.027499675750732422,0.9069062315854721,0.036870834761171666,endothelial,0
0.2698361277580261,0.26721644401550293,-0.0026196837425231934,0.5143989997386437,-0.003574976159233868,alpha,0
0.3235708475112915,0.31621187925338745,-0.007358968257904053,1.117697768132983,-0.01076205923242563,alpha,0
0.2566542625427246,0.2573280334472656,0.0006737709045410156,0.9736661139008231,0.000907225443917673,alpha,0
0.26080334186553955,0.2689123749732971,0.008109033107757568,1.5023522427868865,0.011091738979252162,activated_stellate,0
0.33653509616851807,0.3396560549736023,0.0031209588050842285,1.5340311995951006,0.004726262470627282,ductal,0
0.2749928832054138,0.2699130177497864,-0.005079865455627441,1.3739059030568554,-0.006957890743334035,alpha,0
0.3470402956008911,0.35571563243865967,0.008675336837768555,1.1841404465715262,0.013465074235163098,gamma,0
0.27051419019699097,0.26263368129730225,-0.00788050889968872,0.8381541429741669,-0.010687373019089716,alpha,0
0.274996817111969,0.27440035343170166,-0.000596463680267334,1.0185591866765162,-0.0008220286256867557,alpha,0
0.21616721153259277,0.22221821546554565,0.006051003932952881,1.1661836761936806,0.007779822121412554,ductal,0
0.24920779466629028,0.25540006160736084,0.006192266941070557,0.9444943096454557,0.008316233485645653,quiescent_stellate,0
0.24030035734176636,0.24210774898529053,0.00180739164352417,1.375411647307337,0.0023847606847864334,ductal,0
0.22760862112045288,0.2197437286376953,-0.007864892482757568,0.673428144256125,-0.010079883714392574,ductal,0
0.31948143243789673,0.3237758278846741,0.004294395446777344,0.942169223442927,0.00635055004517786,alpha,0
0.22189760208129883,0.21933186054229736,-0.002565741539001465,1.5367766617321799,-0.0032865969665212386,activated_stellate,0
0.2707148790359497,0.28948235511779785,0.018767476081848145,2.0325978857128213,0.026413807196807384,gamma,0
0.2636291980743408,0.26986515522003174,0.006235957145690918,1.7600278858295935,0.00854082939647973,ductal,0
0.24912023544311523,0.23954880237579346,-0.009571433067321777,0.13086650551347206,-0.012586518500101973,endothelial,0
0.29510587453842163,0.2978637218475342,0.002757847309112549,0.9132397999537606,0.003927794923756517,alpha,0
0.2207556962966919,0.22195661067962646,0.0012009143829345703,1.2979008912622108,0.0015435056700161384,ductal,0
0.29433363676071167,0.28926920890808105,-0.005064427852630615,0.8652998578878719,-0.007125662650481161,beta,0
0.22315526008605957,0.21832311153411865,-0.004832148551940918,1.272954196459375,-0.006181772319537923,ductal,0
0.3682587146759033,0.3309745788574219,-0.037284135818481445,0.12743913059667628,-0.055729027089593514,macrophage,0
0.3030834197998047,0.29757577180862427,-0.00550764799118042,1.786824538580573,-0.007840914037606145,alpha,0
0.27107763290405273,0.2714163661003113,0.0003387331962585449,2.1470806612336344,0.0004649201279000753,alpha,0
0.32309913635253906,0.3123129606246948,-0.010786175727844238,2.3235188789449874,-0.01568471573587078,beta,0
0.28828859329223633,0.2931230068206787,0.004834413528442383,1.8863978171684843,0.006839115680790001,beta,0
0.288812518119812,0.30291247367858887,0.014099955558776855,0.6306263234833145,0.020226951460720427,beta,0
0.26673638820648193,0.2585509419441223,-0.00818544626235962,0.8356247149438258,-0.011039795888098277,alpha,0
0.22762912511825562,0.24044489860534668,0.012815773487091064,1.7216889674176958,0.016872737031927567,activated_stellate,0
0.2758755683898926,0.2714802026748657,-0.0043953657150268555,0.8516239310056356,-0.006033282460085609,alpha,0
0.2302471399307251,0.23004424571990967,-0.0002028942108154297,0.739812462649946,-0.0002635141171262965,ductal,0
0.27187830209732056,0.26503992080688477,-0.006838381290435791,0.5163114182954689,-0.009304425483821366,alpha,0
0.25594282150268555,0.2506152391433716,-0.005327582359313965,1.2153450936380183,-0.007109275018114804,alpha,0
0.24435603618621826,0.25365984439849854,0.009303808212280273,1.6297609937169508,0.012465908664370352,alpha,0
0.2705315351486206,0.27951377630233765,0.008982241153717041,1.0995025665427434,0.012466915894128544,alpha,0
0.31925249099731445,0.3122069239616394,-0.007045567035675049,1.372721341481973,-0.010243730681700107,gamma,0
0.26308518648147583,0.25896668434143066,-0.004118502140045166,1.360090894983127,-0.00555778269750933,beta,0
0.24114900827407837,0.24641597270965576,0.005266964435577393,1.8289619053502675,0.006989219841237576,ductal,0
0.2698286175727844,0.2661404013633728,-0.003688216209411621,0.7538775866602848,-0.0050257790676358684,beta,0
0.2692771553993225,0.25811469554901123,-0.01116245985031128,0.908650550890478,-0.015046072193830206,alpha,0
0.33382248878479004,0.32654738426208496,-0.007275104522705078,1.4128551854770477,-0.010802696956984279,beta,0
0.31041765213012695,0.3065400719642639,-0.003877580165863037,1.1377967209023,-0.005591642731032057,alpha,0
0.29430222511291504,0.2913846969604492,-0.0029175281524658203,0.8290759771620894,-0.004117224310498669,alpha,0
0.3005145788192749,0.3074672222137451,0.006952643394470215,1.166954733232395,0.010039443066788814,beta,0
0.29314887523651123,0.27530544996261597,-0.017843425273895264,1.7123184042451725,-0.024621994567193578,alpha,0
0.3240114450454712,0.3339364528656006,0.009925007820129395,1.6939747689186164,0.014900992349498312,alpha,0
0.3171731233596802,0.3190358877182007,0.0018627643585205078,1.0908429114470264,0.002735480952555178,gamma,0
0.21717345714569092,0.22318154573440552,0.0060080885887146,0.8655605674426491,0.00773422484458696,ductal,0
0.29263949394226074,0.2797282338142395,-0.01291126012802124,1.2974359453646906,-0.017925539683991142,beta,0
0.2473657727241516,0.23893260955810547,-0.008433163166046143,1.2974873020034043,-0.011080704904659809,alpha,0
0.26780587434768677,0.27585721015930176,0.00805133581161499,1.1857536723209314,0.011118436756632178,alpha,0
0.2778339385986328,0.2664334774017334,-0.011400461196899414,1.6038901349933778,-0.015541141594792774,alpha,0
0.29184454679489136,0.2861379384994507,-0.005706608295440674,1.6695236888533413,-0.007993992961953033,alpha,0
0.385223925113678,0.3852583169937134,3.439188003540039e-05,1.0319654292818832,5.594525470798225e-05,gamma,0
0.31035590171813965,0.3064061403274536,-0.003949761390686035,1.3506426130963851,-0.005694631426741238,delta,0
0.28547096252441406,0.2775467038154602,-0.007924258708953857,0.808796628632158,-0.01096854115110816,alpha,0
0.23618268966674805,0.2325366735458374,-0.0036460161209106445,1.5647234218507262,-0.0047507366088174975,activated_stellate,0
0.35902172327041626,0.31139296293258667,-0.04762876033782959,0.1326230422613388,-0.06916682196665792,macrophage,0
0.2883349657058716,0.28545552492141724,-0.0028794407844543457,1.5144929366816207,-0.004029757257779757,beta,0
0.3700828552246094,0.38854312896728516,0.01846027374267578,1.8263596632943926,0.030190639139433432,beta,0
0.2939602732658386,0.28416645526885986,-0.00979381799697876,1.6680926113596721,-0.01368169746872818,alpha,0
0.3211892247200012,0.3175680637359619,-0.0036211609840393066,0.9585861720073535,-0.005306259557346173,gamma,0
0.3524549603462219,0.34767186641693115,-0.0047830939292907715,1.876802933521838,-0.007332343468031158,beta,0
0.2510718107223511,0.2560303211212158,0.004958510398864746,2.724855215181138,0.006664936138711429,alpha,0
0.2988072633743286,0.2984456419944763,-0.0003616213798522949,0.9281209845879963,-0.0005154573921832123,alpha,0
0.3077559471130371,0.3151273727416992,0.007371425628662109,1.8027608856497292,0.010763206668328364,ductal,0
0.2934231162071228,0.2932432293891907,-0.0001798868179321289,1.0330097770422741,-0.0002545243645514185,beta,0
0.3056976795196533,0.3047296404838562,-0.0009680390357971191,1.2709901287310725,-0.001392320300366036,beta,0
0.2661287784576416,0.26484912633895874,-0.0012796521186828613,1.8097665794755045,-0.0017406659837187043,alpha,0
0.2850874066352844,0.28524285554885864,0.00015544891357421875,1.2734968923301035,0.00021748493845918424,alpha,0
0.2298583984375,0.23512065410614014,0.005262255668640137,1.434685676734188,0.006879850654733675,ductal,0
0.2968440055847168,0.29029566049575806,-0.00654834508895874,0.7502388701925514,-0.009226863532401439,alpha,0
0.26791316270828247,0.2785870432853699,0.010673880577087402,1.3943950989594305,0.01479579827024049,alpha,0
0.2808646559715271,0.26768040657043457,-0.01318424940109253,1.1833023309469108,-0.018003409330274313,alpha,0
0.28466200828552246,0.28450047969818115,-0.0001615285873413086,1.275226348580591,-0.0002257563880310794,alpha,0
0.19117295742034912,0.19364243745803833,0.002469480037689209,1.9478221380127327,0.0030625124044281545,activated_stellate,0
0.31099748611450195,0.3083621859550476,-0.0026353001594543457,1.1113506301546403,-0.0038102314621031794,alpha,0
0.335052490234375,0.33459633588790894,-0.00045615434646606445,1.214299087294408,-0.0006855302594023929,alpha,0
0.30857419967651367,0.3106688857078552,0.0020946860313415527,1.0110165808968543,0.003038722593412207,alpha,0
0.28089797496795654,0.274452269077301,-0.006445705890655518,1.0316788152536567,-0.008883917095927426,alpha,0
0.32333898544311523,0.3240605592727661,0.0007215738296508789,1.680899200393138,0.001067512540582848,gamma,0
0.40343284606933594,0.35642528533935547,-0.04700756072998047,1.3763623417241813,-0.07304134183513945,beta,0
0.290222704410553,0.28585195541381836,-0.004370748996734619,1.7402178556309502,-0.0061202281933955055,alpha,0
0.3037739396095276,0.30336374044418335,-0.0004101991653442383,0.928550397512007,-0.0005888283300180011,alpha,0
0.31146472692489624,0.2990317940711975,-0.01243293285369873,1.536504877439796,-0.01773679996972865,alpha,0
0.37343132495880127,0.38400977849960327,0.010578453540802002,0.8514314062018445,0.01717308679841631,beta,0
0.29867660999298096,0.3107925057411194,0.012115895748138428,0.9267465820891481,0.017579460248276765,beta,0
0.2927788496017456,0.2893978953361511,-0.0033809542655944824,1.3795241123818611,-0.004757872575108466,alpha,0
0.33961206674575806,0.33032041788101196,-0.009291648864746094,1.3646128719911756,-0.01387476804256989,alpha,0
0.2408331036567688,0.25665879249572754,0.01582568883895874,1.2679903261295369,0.021289938831849008,quiescent_stellate,0
0.22655588388442993,0.225694477558136,-0.0008614063262939453,1.3443338072167517,-0.0011124889353460875,ductal,0
0.3019050359725952,0.30590420961380005,0.003999173641204834,1.5343030852302262,0.005761702774453746,alpha,0
0.2819511890411377,0.2876095175743103,0.005658328533172607,1.325022562393088,0.007942734599578026,beta,0
0.291415274143219,0.2688552737236023,-0.0225600004196167,1.1355769823114723,-0.030855724740724243,alpha,0
0.3181602358818054,0.3199620842933655,0.0018018484115600586,1.519623498954505,0.002649629336752112,beta,0
0.2568592429161072,0.24923980236053467,-0.00761944055557251,0.9318252437892539,-0.010148967112973622,ductal,0
0.31496310234069824,0.32197821140289307,0.007015109062194824,1.1990502372342264,0.01034643602930485,beta,0
0.3161280155181885,0.3146935701370239,-0.0014344453811645508,1.0006745666237522,-0.002093144495158701,alpha,0
0.2881278991699219,0.2899029850959778,0.0017750859260559082,2.161931543499824,0.0024997794509752044,alpha,0
0.3092154264450073,0.3132432699203491,0.004027843475341797,1.3091287197505797,0.005865022210812034,gamma,0
0.2764734625816345,0.2708470821380615,-0.005626380443572998,1.373535206447816,-0.007716324389225478,alpha,0
0.30254513025283813,0.30263108015060425,8.594989776611328e-05,1.245422746268234,0.00012324882184981098,alpha,0
0.2839975953102112,0.29161542654037476,0.007617831230163574,1.0011048950622297,0.010753807346424034,beta,0
0.21672040224075317,0.21850478649139404,0.0017843842506408691,1.8470915911639363,0.002283295175449234,activated_stellate,0
0.29167377948760986,0.2818741202354431,-0.009799659252166748,1.9050616415999762,-0.013646158045967709,alpha,0
0.2060258984565735,0.184531569480896,-0.02149432897567749,0.041946240000957695,-0.02635826007635245,endothelial,0
0.28957676887512207,0.27860891819000244,-0.010967850685119629,1.8328499173074315,-0.015203751420936443,alpha,0
0.29657983779907227,0.3022751212120056,0.00569528341293335,1.6766681619244685,0.008162649184627795,alpha,0
0.31098610162734985,0.3159593939781189,0.004973292350769043,2.0097729714581085,0.007270463634742113,alpha,0
0.2871297001838684,0.28241872787475586,-0.004710972309112549,1.5371965089606825,-0.006565071431087059,alpha,0
0.3211202621459961,0.33124011754989624,0.010119855403900146,1.360525591544633,0.015132270444848626,beta,0
0.28501570224761963,0.28994858264923096,0.004932880401611328,2.0266083994001822,0.006947215766452671,alpha,0
0.31229615211486816,0.3115515112876892,-0.0007446408271789551,0.5367037057746215,-0.001081621703566737,beta,0
0.2961064577102661,0.2961094379425049,2.9802322387695312e-06,1.3575364972282933,4.233942603319208e-06,alpha,0
0.3078521490097046,0.296963095664978,-0.010889053344726562,1.6915689306822803,-0.015488594236779273,alpha,0
0.3278080224990845,0.3268405795097351,-0.0009674429893493652,1.157983051859693,-0.0014371677197130694,gamma,0
0.2950761318206787,0.27916795015335083,-0.01590818166732788,0.6903483368926385,-0.02206919305365544,alpha,0
0.2898889183998108,0.2889917492866516,-0.0008971691131591797,1.0700515932129042,-0.001261826585358268,alpha,0
0.2897213101387024,0.28536438941955566,-0.0043569207191467285,1.5760317050324308,-0.006096702507740878,alpha,0
0.2960938811302185,0.28782767057418823,-0.008266210556030273,1.3071380321282677,-0.011607036969120799,alpha,0
0.308324933052063,0.29661452770233154,-0.011710405349731445,1.258842970411095,-0.016648631242664722,alpha,0
0.28945308923721313,0.29381972551345825,0.004366636276245117,1.3530746919167798,0.006183458295291616,alpha,0
0.2627405524253845,0.2637968063354492,0.0010562539100646973,1.6912032981776801,0.0014347314968942892,alpha,0
0.2809886932373047,0.2785454988479614,-0.0024431943893432617,2.356503252638979,-0.0033864843665704506,beta,0
0.30427634716033936,0.3090246319770813,0.004748284816741943,1.2679628905108176,0.006871858298405291,alpha,0
0.25244683027267456,0.2516472339630127,-0.0007995963096618652,1.8903346676237975,-0.001068475117552175,alpha,0
0.21558082103729248,0.22350573539733887,0.007924914360046387,1.5281892919142286,0.010206017895189006,ductal,0
0.21036529541015625,0.22219520807266235,0.011829912662506104,2.1761815219987573,0.015209359450193836,activated_stellate,0
0.2836495637893677,0.2871134877204895,0.003463923931121826,1.2739183835530614,0.004859011738131583,ductal,0
0.3038666844367981,0.3048524260520935,0.0009857416152954102,0.9707360075832459,0.0014180321592682137,alpha,0
0.301380455493927,0.30460184812545776,0.0032213926315307617,0.729130587820255,0.004632443475506874,alpha,0
0.449546217918396,0.35268718004226685,-0.09685903787612915,0.1423946650178962,-0.14963250362082067,mast,1
0.2821108102798462,0.28069251775741577,-0.00141829252243042,1.4553295091862732,-0.001971747211649475,alpha,0
0.3275511860847473,0.3148280382156372,-0.012723147869110107,1.1838945673442913,-0.01856927688047214,alpha,0
0.33032894134521484,0.3386037349700928,0.00827479362487793,1.3795279145830759,0.012511098206010821,beta,0
0.34217578172683716,0.3504003882408142,0.00822460651397705,1.8390077438220462,0.012661039762175858,beta,0
0.33149009943008423,0.34377962350845337,0.01228952407836914,1.7450708979815641,0.018727739214796316,beta,0
0.2277125120162964,0.2404705286026001,0.012758016586303711,0.8764715211548274,0.01679726339365241,ductal,0
0.26656121015548706,0.2817450761795044,0.015183866024017334,2.1372243178622385,0.021139940041416335,beta,0
0.3007735013961792,0.3102306127548218,0.009457111358642578,0.5749656779237171,0.013710540846720779,alpha,0
0.32358503341674805,0.33994603157043457,0.016360998153686523,1.0489809907915144,0.024787364270551174,beta,0
0.38044273853302,0.34972357749938965,-0.03071916103363037,1.5769349198215343,-0.047240158139981676,ductal,0
0.3139951825141907,0.31429916620254517,0.0003039836883544922,0.7647852654616012,0.000443318242258816,alpha,0
0.3738292455673218,0.3104509115219116,-0.06337833404541016,0.8820575471995897,-0.09191272253769953,schwann,1
0.3331613540649414,0.32901495695114136,-0.004146397113800049,1.3125210069778754,-0.006179567125608973,alpha,0
0.27312880754470825,0.2587624788284302,-0.014366328716278076,1.4631789963344144,-0.019381545464092594,alpha,0
0.2803264260292053,0.2832183837890625,0.0028919577598571777,2.015144831763546,0.004034642762107504,beta,0
0.32866787910461426,0.3234621286392212,-0.005205750465393066,1.2858946309372457,-0.007694691880178552,gamma,0
0.3087049722671509,0.31936174631118774,0.010656774044036865,0.41555146417694205,0.01565703071533376,beta,0
0.251273512840271,0.24869561195373535,-0.0025779008865356445,0.5821972725908315,-0.0034312336351972695,ductal,0
0.26966917514801025,0.26197493076324463,-0.007694244384765625,1.8921074117458883,-0.010425451255636606,ductal,0
0.2842005491256714,0.2767412066459656,-0.0074593424797058105,0.7538341528847889,-0.01031351785591699,alpha,0
0.3744056224822998,0.3679555654525757,-0.006450057029724121,0.9008209759292521,-0.010205068943202842,gamma,0
0.4202064871788025,0.3207857012748718,-0.09942078590393066,0.31028759468582373,-0.14637616741953388,mast,1
0.3720034956932068,0.35622572898864746,-0.015777766704559326,1.2703314739897547,-0.024508228139923746,gamma,0
0.47640931606292725,0.3672689199447632,-0.10914039611816406,0.23336374332334497,-0.1724909674243222,mast,1
0.3188830018043518,0.31629687547683716,-0.0025861263275146484,1.2203402144727022,-0.00378252816866721,alpha,0
0.32208818197250366,0.3183610439300537,-0.003727138042449951,1.0458674830355352,-0.005467906447042166,ductal,0
0.3286288380622864,0.32932162284851074,0.0006927847862243652,1.085104128689598,0.0010329612670185767,gamma,0
0.2819420099258423,0.2799801826477051,-0.001961827278137207,1.2577036612768207,-0.002724685114017236,alpha,0
0.27747857570648193,0.2823936939239502,0.004915118217468262,0.6060268181427222,0.006849324170999372,alpha,0
0.3184547424316406,0.31297051906585693,-0.005484223365783691,0.7295999083794483,-0.007982515333005624,alpha,0
0.3002956509590149,0.29348182678222656,-0.00681382417678833,1.2784047420979667,-0.009644230587523858,alpha,0
0.33225351572036743,0.3125714063644409,-0.019682109355926514,0.8387071337315009,-0.02863149647563395,ductal,0
0.2902575135231018,0.2903866767883301,0.00012916326522827148,0.9548739273277994,0.00018201922230502357,alpha,0
0.29019486904144287,0.28788137435913086,-0.0023134946823120117,1.5810743973188472,-0.0032487490131717714,alpha,0
0.29382336139678955,0.28991562128067017,-0.003907740116119385,1.6411080184608196,-0.005503205299583094,alpha,0
0.4231085181236267,0.3385835289955139,-0.08452498912811279,0.14377796665001094,-0.12779389814672382,mast,1
0.3676351308822632,0.36367523670196533,-0.0039598941802978516,1.5436182209184097,-0.006223070998799336,alpha,0
0.3117216229438782,0.30479878187179565,-0.0069228410720825195,1.3889668870651637,-0.009958039329565524,alpha,0
0.2640368938446045,0.27767568826675415,0.013638794422149658,0.8917238892553789,0.018881815550999288,quiescent_stellate,0
0.30297499895095825,0.29822462797164917,-0.004750370979309082,1.875351911229673,-0.006769076215340844,beta,0
0.3404501676559448,0.32848548889160156,-0.011964678764343262,2.250215031284167,-0.017817453780104357,alpha,0
0.3226360082626343,0.32678014039993286,0.004144132137298584,1.6333672365446321,0.006155689078691835,beta,0
0.3312948942184448,0.32147544622421265,-0.009819447994232178,0.8905796938922866,-0.01447176515512942,alpha,0
0.363508403301239,0.35183173418045044,-0.011676669120788574,1.192660330142628,-0.01801487319966906,alpha,0
0.32363957166671753,0.3277090787887573,0.004069507122039795,1.7430421970357344,0.0060531936303823775,gamma,0
0.37744152545928955,0.3739131689071655,-0.0035283565521240234,1.0648483398683695,-0.005635570621993881,gamma,0
0.26638901233673096,0.27002382278442383,0.003634810447692871,0.7003628638921621,0.004979354890124642,ductal,0
0.3398545980453491,0.32543760538101196,-0.014416992664337158,1.7688487589826332,-0.02137236344531225,alpha,0
0.2602858543395996,0.2548109292984009,-0.0054749250411987305,1.9096041085663047,-0.007347028098579146,activated_stellate,0
0.29694050550460815,0.28614354133605957,-0.010796964168548584,2.6429246398571626,-0.015124839227141364,alpha,0
0.2940666079521179,0.2923692464828491,-0.0016973614692687988,1.3060055867228053,-0.002398654186286238,ductal,0
0.36431461572647095,0.3739030957221985,0.009588479995727539,1.106696650184529,0.015314689994814437,delta,0
0.32917916774749756,0.32547640800476074,-0.0037027597427368164,1.148846999879242,-0.0054894443821958275,alpha,0
0.33823347091674805,0.3378627300262451,-0.0003707408905029297,1.2232291043904122,-0.0005599154545667316,alpha,0
0.2636736035346985,0.27536314725875854,0.011689543724060059,4.071814448970307,0.016131588781110814,activated_stellate,0
0.347199022769928,0.3533926010131836,0.006193578243255615,2.0514523821358557,0.009578576200891718,beta,0
0.3018072843551636,0.29542142152786255,-0.006385862827301025,1.3493602182060978,-0.009063379192067723,alpha,0
0.34070461988449097,0.3220357894897461,-0.018668830394744873,0.5601281075701514,-0.02753660164552671,quiescent_stellate,0
0.2566169500350952,0.2680891752243042,0.011472225189208984,1.0567308097288919,0.01567434829608485,ductal,0
0.3916531205177307,0.3820105195045471,-0.009642601013183594,0.8053276931664167,-0.015603179855833392,alpha,0
0.3225620985031128,0.35695409774780273,0.03439199924468994,0.7686170878749239,0.053482961518354695,quiescent_stellate,0
0.2953588366508484,0.2975757122039795,0.0022168755531311035,1.1528392975363577,0.003156034880409588,ductal,0
0.3037723898887634,0.3103904128074646,0.006618022918701172,1.1737193310834677,0.009596767564737256,alpha,0
0.2571093440055847,0.263812780380249,0.006703436374664307,2.0919927559550624,0.009105613621120327,activated_stellate,0
0.31230270862579346,0.3262662887573242,0.013963580131530762,0.9142981271316826,0.020725666384980912,beta,0
0.3485161066055298,0.37036705017089844,0.021850943565368652,1.100224677487306,0.03470425677579224,beta,0
0.332338809967041,0.31965649127960205,-0.012682318687438965,2.9887096045484607,-0.0186410519463794,activated_stellate,0
0.37703078985214233,0.38431471586227417,0.007283926010131836,0.9996041274786166,0.011830599492617493,alpha,0
0.3348873257637024,0.330946683883667,-0.0039406418800354,1.6955623546647034,-0.005889877211744083,alpha,0
0.3228829503059387,0.32993584871292114,0.007052898406982422,1.1684843544238868,0.010525706222956425,ductal,0
0.37951552867889404,0.37789595127105713,-0.001619577407836914,1.1365820817815688,-0.00260338670218586,beta,0
0.3742924928665161,0.3837513327598572,0.009458839893341064,0.8674553241796333,0.015349063448205556,beta,0
0.36471885442733765,0.36133241653442383,-0.0033864378929138184,1.4568497729581726,-0.005302348170762209,alpha,0
0.4968482255935669,0.4096606969833374,-0.08718752861022949,0.7661558838259679,-0.14769053689072872,schwann,1
0.37686872482299805,0.393829345703125,0.016960620880126953,2.460650127812834,0.02797994386547853,gamma,0
0.3794698715209961,0.3631424903869629,-0.016327381134033203,0.5450464953538886,-0.025637416357002576,ductal,0
0.3269275426864624,0.3213160037994385,-0.005611538887023926,0.8719482434462207,-0.008268264639270542,alpha,0
0.5949341654777527,0.4634348154067993,-0.13149935007095337,1.2264994324634015,-0.24507618803230813,t_cell,1
0.5279781818389893,0.4444426894187927,-0.08353549242019653,1.003153050685677,-0.15036341135139455,schwann,1
0.31123703718185425,0.32540273666381836,0.014165699481964111,0.9063773581978439,0.02099875029422513,beta,0
0.40002262592315674,0.3890606164932251,-0.01096200942993164,1.6175101561260175,-0.017942875718716993,gamma,0
0.4505828022956848,0.4463186264038086,-0.004264175891876221,1.1574243888744034,-0.007701497820271902,beta,0
0.4250067472457886,0.43286240100860596,0.007855653762817383,1.724616727289965,0.013851407095540825,beta,0
0.3485901951789856,0.35640478134155273,0.007814586162567139,1.341027519503698,0.012142082377268716,beta,0
0.34217965602874756,0.3456152677536011,0.0034356117248535156,0.4626189628974302,0.005250140407554445,beta,0
0.572475790977478,0.4390161633491516,-0.13345962762832642,1.4435980238540358,-0.23790280380464965,t_cell,1
0.3670920133590698,0.39115893840789795,0.024066925048828125,1.2869734947789637,0.03952907674441964,beta,0
0.3714466094970703,0.37354254722595215,0.002095937728881836,0.41918319672120985,0.0033456984502310706,beta,0
0.3680921792984009,0.37974828481674194,0.011656105518341064,0.7787996571719061,0.018792540565401226,alpha,0
0.42343640327453613,0.42950981855392456,0.006073415279388428,0.9277470052760554,0.010645959346738567,beta,0
0.44631171226501465,0.43449079990386963,-0.01182091236114502,1.2395071272576332,-0.020903130062491632,alpha,0
0.3025948405265808,0.30654412508010864,0.003949284553527832,2.12433981154371,0.005695076927546482,ductal,0
0.39577674865722656,0.400936484336853,0.005159735679626465,0.7449808887022812,0.008613002702918367,beta,0
0.4479030966758728,0.4468482732772827,-0.0010548233985900879,0.49129676160800495,-0.001906933211326388,alpha,0
0.34102922677993774,0.338325560092926,-0.0027036666870117188,1.0112990909149815,-0.0040860981231063175,ductal,0
0.4570808410644531,0.4411386251449585,-0.01594221591949463,0.6673887570407703,-0.02852624396099972,alpha,0
0.21220314502716064,0.21621173620224,0.004008591175079346,1.428886431386738,0.0051143801970906745,beta,0
0.2846158742904663,0.2933831214904785,0.008767247200012207,0.8572486976350756,0.012407356046327544,delta,0
0.28329992294311523,0.2970494031906128,0.013749480247497559,1.999231268592423,0.01955966793385607,delta,0
0.19030892848968506,0.1825629472732544,-0.007745981216430664,0.9686945711171387,-0.009475936025400606,beta,0
0.20993834733963013,0.2087973952293396,-0.0011409521102905273,0.6794032400337341,-0.0014420479702809447,ductal,0
0.2406691312789917,0.23512786626815796,-0.00554126501083374,1.7277741445672516,-0.007244694592019825,alpha,0
0.2183239459991455,0.21072977781295776,-0.007594168186187744,1.2725835365198073,-0.009621759408513538,beta,0
0.25905370712280273,0.2784515619277954,0.019397854804992676,1.000432814049649,0.02688364880508764,ductal,0
0.22205841541290283,0.21435683965682983,-0.007701575756072998,1.1990379690886084,-0.009802892896959655,alpha,0
0.34553074836730957,0.3233221173286438,-0.02220863103866577,1.9787130378319848,-0.0328200929975598,delta,0
0.15836668014526367,0.16644203662872314,0.008075356483459473,0.963900448477401,0.009687816370680644,ductal,0
0.24758774042129517,0.24468636512756348,-0.0029013752937316895,1.6326157027532178,-0.0038412854737114566,alpha,0
0.16436326503753662,0.15977847576141357,-0.004584789276123047,0.7791698369956133,-0.005456643449211575,ductal,0
0.3002524971961975,0.29961252212524414,-0.0006399750709533691,0.744363908449803,-0.0009137443075014689,delta,0
0.1690359115600586,0.169203519821167,0.00016760826110839844,1.1920124001589683,0.00020174406741867748,ductal,0
0.23946034908294678,0.24240529537200928,0.0029449462890625,1.983080755799077,0.003887231881469639,alpha,0
0.18081849813461304,0.17024874687194824,-0.010569751262664795,1.6675384375623612,-0.012738457727925374,ductal,0
0.17110949754714966,0.16875624656677246,-0.0023532509803771973,0.7084416366084942,-0.002830999897031082,ductal,0
0.2995443344116211,0.31239819526672363,0.012853860855102539,1.161434494412193,0.018693756715907117,delta,0
0.31352561712265015,0.3117244839668274,-0.001801133155822754,1.2723936510044689,-0.002616878145257088,delta,0
0.23941922187805176,0.23527485132217407,-0.0041443705558776855,1.7709143235621159,-0.005419424956852941,alpha,0
0.21942484378814697,0.21788007020950317,-0.0015447735786437988,3.023893423298051,-0.001975110874693592,beta,0
0.35887300968170166,0.37178802490234375,0.01291501522064209,0.9997596384080637,0.020558371588880388,delta,0
0.30045223236083984,0.2882104516029358,-0.012241780757904053,0.905616189181433,-0.017198595828601723,delta,0
0.2393481731414795,0.24558639526367188,0.006238222122192383,1.4073000947590932,0.008268968219856902,beta,0
0.38218891620635986,0.3867305517196655,0.004541635513305664,1.3283312083845618,0.007405611882412925,delta,0
0.1811767816543579,0.18088144063949585,-0.00029534101486206055,0.6536267671011587,-0.0003605595447533711,ductal,0
0.14767801761627197,0.14856737852096558,0.0008893609046936035,0.793069547490641,0.0010445464294622437,ductal,0
0.16241669654846191,0.16249072551727295,7.402896881103516e-05,0.2549982199479369,8.839181972851327e-05,ductal,0
0.16803866624832153,0.17600661516189575,0.007967948913574219,0.7753254110913873,0.00966991854569286,ductal,0
0.29783761501312256,0.31404662132263184,0.016209006309509277,1.1910470500996013,0.02362989499485071,delta,0
0.2786431312561035,0.27134406566619873,-0.007299065589904785,1.129337618696217,-0.010017163445705286,alpha,0
0.2964286804199219,0.27828025817871094,-0.018148422241210938,1.160946337291792,-0.025146079827901974,delta,0
0.232410728931427,0.2283182144165039,-0.004092514514923096,1.3999773780484932,-0.005303370626829814,alpha,0
0.24702149629592896,0.2576659917831421,0.010644495487213135,1.4045068961563376,0.01433922650638358,beta,0
0.1760416030883789,0.20050889253616333,0.024467289447784424,1.5875730689355805,0.03060357922604055,ductal,0
0.3328971862792969,0.29504257440567017,-0.03785461187362671,3.665932519761092,-0.05369772769144541,epsilon,1
0.25465214252471924,0.25443798303604126,-0.00021415948867797852,0.8933776043687237,-0.00028724570700378266,alpha,0
0.347126841545105,0.341796338558197,-0.005330502986907959,1.7591010721021583,-0.008098561735787718,delta,0
0.2742915749549866,0.2682245969772339,-0.0060669779777526855,1.2547959877370463,-0.008290765107287894,alpha,0
0.3146219849586487,0.30388087034225464,-0.010741114616394043,0.8251894503070341,-0.015429994894228851,delta,0
0.26170074939727783,0.25860780477523804,-0.003092944622039795,1.293058279292717,-0.004171806288171312,alpha,0
0.2579779624938965,0.25964558124542236,0.001667618751525879,0.9913455336497505,0.0022524600505946096,delta,0
0.17731690406799316,0.17477822303771973,-0.0025386810302734375,1.3945578215472798,-0.003076362138210365,activated_stellate,0
0.26548832654953003,0.27644091844558716,0.010952591896057129,1.3466433146305015,0.015137107909042912,alpha,0
0.2190263867378235,0.22061902284622192,0.0015926361083984375,1.6308885881377195,0.0020434628956618704,alpha,0
0.27394944429397583,0.2602023482322693,-0.013747096061706543,1.1586074074247725,-0.018582238033411094,delta,0
0.3325536251068115,0.33086681365966797,-0.0016868114471435547,2.112000563634149,-0.002520890431947004,delta,0
0.24299001693725586,0.257074236869812,0.014084219932556152,1.5311846744382624,0.018957775637251765,beta,0
0.2559114694595337,0.27567219734191895,0.019760727882385254,1.8844067547664132,0.027281470916716014,beta,0
0.23933666944503784,0.23920053243637085,-0.0001361370086669922,1.1920158476771063,-0.0001789394110684054,alpha,0
0.22593355178833008,0.23341834545135498,0.007484793663024902,1.7055862112162112,0.009763857011986373,alpha,0
0.2873208522796631,0.2840604782104492,-0.003260374069213867,2.4664861335262915,-0.004553979728712684,beta,0
0.2706495523452759,0.28296536207199097,0.012315809726715088,0.7965342230638837,0.017176031777633046,delta,0
0.27514737844467163,0.2678813934326172,-0.007265985012054443,0.9833512817486292,-0.009924600941535688,alpha,0
0.23089146614074707,0.23395049571990967,0.0030590295791625977,2.0647080102975526,0.003993253127991225,alpha,0
0.4428899884223938,0.4261934757232666,-0.016696512699127197,1.7990623520328681,-0.02909780909196296,activated_stellate,0
0.18652671575546265,0.1791350245475769,-0.007391691207885742,0.43501930264741245,-0.009004758917642675,ductal,0
0.264789879322052,0.2586888074874878,-0.006101071834564209,1.74296953346741,-0.008230108888395385,alpha,0
0.2803657650947571,0.2648095488548279,-0.0155562162399292,0.9705936925233735,-0.02115943728009253,beta,0
0.25885874032974243,0.2584565281867981,-0.00040221214294433594,1.3841121715088012,-0.0005423986026886027,alpha,0
0.1785305142402649,0.18268799781799316,0.0041574835777282715,1.9719629168768298,0.0050867766123939085,activated_stellate,0
0.22649049758911133,0.22166645526885986,-0.004824042320251465,3.1065187614306744,-0.006197911361918539,alpha,0
0.2578469514846802,0.25657790899276733,-0.0012690424919128418,0.7125935241711671,-0.0017070282242937754,ductal,0
0.25751835107803345,0.24839764833450317,-0.009120702743530273,0.6877301366166293,-0.012135010918099778,alpha,0
0.2139464020729065,0.20319271087646484,-0.01075369119644165,0.705639181321889,-0.013495974927978379,acinar,0
0.22689378261566162,0.22328484058380127,-0.0036089420318603516,1.0935215417857578,-0.004646416370414266,alpha,0
0.26812994480133057,0.2793617248535156,0.011231780052185059,1.2099146113175006,0.015585877741370276,beta,0
0.2774549126625061,0.2996423840522766,0.022187471389770508,0.5361851371779867,0.031680202919970306,delta,0
0.24302423000335693,0.24894648790359497,0.005922257900238037,0.7360085740647285,0.007885267567296666,alpha,0
0.24755120277404785,0.24012237787246704,-0.0074288249015808105,0.7048791220984109,-0.009776343828604029,alpha,0
0.30243730545043945,0.30160069465637207,-0.0008366107940673828,1.738027685667822,-0.001197897517460662,alpha,0
0.25519782304763794,0.25021958351135254,-0.0049782395362854,1.6906295299252792,-0.006639596642973639,alpha,0
0.23408323526382446,0.22440248727798462,-0.009680747985839844,1.7411449484579065,-0.012481664558031602,alpha,0
0.2545146942138672,0.24902337789535522,-0.005491316318511963,1.1924366594286653,-0.007312233373020733,alpha,0
0.3396451473236084,0.2962731719017029,-0.04337197542190552,0.08082879250497066,-0.06163183452748413,macrophage,0
0.2633035182952881,0.2170567512512207,-0.04624676704406738,0.07002142973522842,-0.059067840635926405,macrophage,0
0.2316133975982666,0.22295480966567993,-0.00865858793258667,1.5790771457982804,-0.011142965737760184,ductal,0
0.24667948484420776,0.2421705722808838,-0.004508912563323975,1.7473070884049478,-0.005949772334514263,beta,0
0.30327004194259644,0.2893986105918884,-0.013871431350708008,0.8932608665756204,-0.019520692694201005,ductal,0
0.2039048671722412,0.2061244249343872,0.002219557762145996,0.9491090026942071,0.0027958509265920578,ductal,0
0.3115839958190918,0.2991151809692383,-0.012468814849853516,2.187633291056549,-0.017790105465683173,alpha,0
0.2364410161972046,0.23275524377822876,-0.00368577241897583,1.7464577516476636,-0.00480390695288175,alpha,0
0.2647589445114136,0.25277745723724365,-0.011981487274169922,0.6447297006897913,-0.016034697280237237,alpha,0
0.2841668128967285,0.28603243827819824,0.0018656253814697266,1.7723281891395324,0.002613039417323934,alpha,0
0.20358723402023315,0.20714974403381348,0.0035625100135803223,1.2042178556670997,0.004493294902502064,ductal,0
0.33012259006500244,0.3382696509361267,0.008147060871124268,0.9563643604756055,0.012311753394187873,delta,0
0.2989156246185303,0.3105338215827942,0.011618196964263916,1.5632018090182627,0.01685100346899624,delta,0
0.21541070938110352,0.23451173305511475,0.01910102367401123,1.4680369340971842,0.02495273213036261,beta,0
0.24819117784500122,0.24566704034805298,-0.002524137496948242,0.5572298787239172,-0.0033461848175279146,alpha,0
0.22318953275680542,0.2143341302871704,-0.00885540246963501,1.010072968268938,-0.011271206769961595,ductal,0
0.32681185007095337,0.3061875104904175,-0.02062433958053589,1.3762204166356606,-0.02972610019619867,ductal,0
0.2355150580406189,0.233575701713562,-0.0019393563270568848,0.8387869956542335,-0.0025303951497791417,beta,0
0.25052207708358765,0.2499651312828064,-0.00055694580078125,1.43023988129636,-0.000742559878227809,alpha,0
0.3329952359199524,0.3300645351409912,-0.0029307007789611816,0.7998196586961853,-0.004374601633573709,delta,0
0.2445969581604004,0.2483929991722107,0.0037960410118103027,1.3516113934756013,0.005050566330049478,beta,0
0.20903557538986206,0.20577216148376465,-0.003263413906097412,1.229241275033629,-0.004108914026728241,quiescent_stellate,0
0.3017618656158447,0.29680973291397095,-0.004952132701873779,1.399945576437389,-0.007042379472052519,delta,0
0.28538912534713745,0.38929808139801025,0.1039089560508728,1.829850391875784,0.17014676536261705,quiescent_stellate,0
0.17822152376174927,0.1790297031402588,0.0008081793785095215,0.7849873807296502,0.0009844197550153207,activated_stellate,0
0.2714434862136841,0.27456867694854736,0.0031251907348632812,1.5081714893719618,0.004308044932106717,alpha,0
0.17630726099014282,0.17274969816207886,-0.003557562828063965,1.301879898698334,-0.004300467246926408,activated_stellate,0
0.18515896797180176,0.17976313829421997,-0.005395829677581787,1.1092790265332386,-0.006578379891828463,ductal,0
0.2325742244720459,0.23072218894958496,-0.0018520355224609375,0.9396304423355697,-0.0024074989501283867,alpha,0
0.29664820432662964,0.2857813835144043,-0.010866820812225342,1.5805970338078374,-0.015214978385325388,alpha,0
0.2700505256652832,0.27784204483032227,0.0077915191650390625,1.7277704080812502,0.010789217385562653,beta,0
0.29815423488616943,0.30340468883514404,0.005250453948974609,1.2789829956661207,0.007537308771422435,beta,0
0.20635515451431274,0.20093059539794922,-0.005424559116363525,0.9542593468521049,-0.006788595690339366,activated_stellate,0
0.2909786105155945,0.29521286487579346,0.004234254360198975,1.7880220555585093,0.006007848539194406,beta,0
0.242559552192688,0.24752026796340942,0.0049607157707214355,1.4745887634754187,0.006592490879847661,beta,0
0.21430128812789917,0.206662118434906,-0.007639169692993164,2.458663774800736,-0.009629150290822668,ductal,0
0.21189939975738525,0.21732604503631592,0.005426645278930664,0.6207536227614915,0.006933468584862338,ductal,0
0.22987127304077148,0.2335047721862793,0.0036334991455078125,1.8967898149235327,0.004740406741828864,alpha,0
0.2300175428390503,0.2163674235343933,-0.013650119304656982,0.41490150405762793,-0.017419029931377644,ductal,0
0.20198023319244385,0.20029008388519287,-0.0016901493072509766,0.4572469914041698,-0.002113452982379097,ductal,0
0.2363823652267456,0.23944514989852905,0.0030627846717834473,1.2453504021869535,0.004027039826745986,alpha,0
0.26189637184143066,0.2540161609649658,-0.007880210876464844,3.0592802422479592,-0.010563514199795902,activated_stellate,0
0.2501108646392822,0.24534475803375244,-0.004766106605529785,1.0686210255438682,-0.006315607896808265,alpha,0
0.2025057077407837,0.2033519744873047,0.0008462667465209961,1.8538686858756193,0.0010622843707876737,ductal,0
0.2604134678840637,0.26711028814315796,0.006696820259094238,1.5477197810113303,0.009137555283901096,beta,0
0.2725638747215271,0.2811240553855896,0.0085601806640625,1.3601945462585383,0.011907730016830646,beta,0
0.25503289699554443,0.2489868402481079,-0.0060460567474365234,1.5508015845624683,-0.008050533694288292,alpha,0
0.33477944135665894,0.3457021713256836,0.010922729969024658,1.2649633509675948,0.016693819680183537,delta,0
0.2047029733657837,0.20390546321868896,-0.0007975101470947266,2.1801972272605847,-0.0010017781937295275,activated_stellate,0
0.2723945379257202,0.26041752099990845,-0.011977016925811768,0.7136304940356591,-0.01619429511364923,ductal,0
0.26406872272491455,0.2691361904144287,0.00506746768951416,1.1689449277769925,0.006933532106874488,beta,0
0.2548583149909973,0.24750107526779175,-0.007357239723205566,1.5710331038757117,-0.009777076725822282,alpha,0
0.29304730892181396,0.2922828197479248,-0.0007644891738891602,1.1200146290198458,-0.001080218475997522,alpha,0
0.26064586639404297,0.2543359398841858,-0.006309926509857178,1.2481747842842825,-0.008462157219803701,alpha,0
0.2725425958633423,0.2654930353164673,-0.007049560546875,2.089087901156683,-0.009597676925925884,alpha,0
0.22299128770828247,0.2275453805923462,0.004554092884063721,0.947295261739319,0.005895612207686665,activated_stellate,0
0.269195556640625,0.2845802307128906,0.015384674072265625,0.8146109199525786,0.021504401657219945,beta,0
0.2685844898223877,0.27116358280181885,0.0025790929794311523,1.3107158265128276,0.0035386445004295932,beta,0
0.2599228620529175,0.2626088261604309,0.0026859641075134277,1.4438047120772766,0.003642522724441778,beta,0
0.3021446466445923,0.2885761260986328,-0.013568520545959473,0.9762522929983435,-0.019072343568611577,alpha,0
0.23294150829315186,0.23013561964035034,-0.0028058886528015137,0.8915643412487184,-0.0036446531679913746,beta,0
0.29533571004867554,0.2989949584007263,0.0036592483520507812,1.161431727602758,0.0052200029028358595,delta,0
0.2587401866912842,0.25686115026474,-0.0018790364265441895,1.0907662153926179,-0.00252851324784539,alpha,0
0.2593318819999695,0.25144630670547485,-0.007885575294494629,2.6222749217193537,-0.010534415052831727,alpha,0
0.2809488773345947,0.2743654251098633,-0.006583452224731445,1.1707036794416996,-0.009072682659489042,alpha,0
0.2638276219367981,0.2518078684806824,-0.012019753456115723,0.7892671082388465,-0.016065062635325755,beta,0
0.24977421760559082,0.247430682182312,-0.0023435354232788086,1.1708549163778283,-0.00311404593277152,alpha,0
0.2724757194519043,0.2771126627922058,0.004636943340301514,0.901142744451814,0.0064144758133571,alpha,0
0.19499820470809937,0.189960777759552,-0.005037426948547363,1.342804951835908,-0.006218744488216989,ductal,0
0.2578882575035095,0.2510949373245239,-0.006793320178985596,1.4845196510909455,-0.009071003145200198,beta,0
0.2945760488510132,0.2932412624359131,-0.0013347864151000977,1.50065892758882,-0.0018886026364535223,alpha,0
0.3075605630874634,0.23645997047424316,-0.07110059261322021,0.08658394094683908,-0.0931196661128318,macrophage,0
0.1865781545639038,0.19013196229934692,0.0035538077354431152,0.9385288691768752,0.004388131856065036,ductal,0
0.30723488330841064,0.30302906036376953,-0.004205822944641113,1.0719072687111812,-0.006034430857097507,delta,0
0.261882483959198,0.25528597831726074,-0.006596505641937256,0.8979977941888645,-0.008857770163950906,alpha,0
0.28748786449432373,0.2719151973724365,-0.015572667121887207,0.7618174263048797,-0.021388534777387846,beta,0
0.24976074695587158,0.2493896484375,-0.00037109851837158203,1.9546226912703026,-0.0004943956842576028,alpha,0
0.2621915936470032,0.26194918155670166,-0.00024241209030151367,1.819882537603825,-0.0003284490501789712,alpha,0
0.24607503414154053,0.2541198134422302,0.008044779300689697,1.9275014408279725,0.010785618716883043,alpha,0
0.19087791442871094,0.1894022822380066,-0.0014756321907043457,1.2305470041482083,-0.0018204248030434485,activated_stellate,0
0.25518298149108887,0.2512120008468628,-0.003970980644226074,0.7584442960682904,-0.005303210853695794,ductal,0
0.27901220321655273,0.2697693705558777,-0.009242832660675049,2.073974600467682,-0.012657415736876202,alpha,0
0.20587873458862305,0.20504724979400635,-0.0008314847946166992,0.6438076808721394,-0.001045954988395523,ductal,0
0.3329564332962036,0.32113027572631836,-0.011826157569885254,0.7211687376823119,-0.017420363800341787,delta,0
0.2309739589691162,0.22887665033340454,-0.00209730863571167,1.2242910243697083,-0.0027198095306262826,beta,0
0.2979459762573242,0.3025052547454834,0.00455927848815918,1.364735842759139,0.006536649228081989,delta,0
0.20538347959518433,0.20402640104293823,-0.0013570785522460938,0.5769488247497198,-0.0017049291006940802,ductal,0
0.25228989124298096,0.23588615655899048,-0.01640373468399048,1.2669518767332932,-0.021467658026086876,alpha,0
0.2631123661994934,0.26427578926086426,0.0011634230613708496,1.9728795555151495,0.001581330401241019,alpha,0
0.3050019145011902,0.3094404935836792,0.004438579082489014,0.8040592545069537,0.0064275113748316235,beta,0
0.17695391178131104,0.17740613222122192,0.00045222043991088867,2.0524841730487613,0.0005497493448765962,activated_stellate,0
0.19940876960754395,0.1960802674293518,-0.0033285021781921387,1.0165551887709159,-0.004140341433775705,ductal,0
0.2957381010055542,0.2852955460548401,-0.010442554950714111,1.764054418089012,-0.014611011437065119,ductal,0
0.2233593463897705,0.2257874608039856,0.002428114414215088,1.905496543504968,0.0031362375204315052,ductal,0
0.2675281763076782,0.25911545753479004,-0.008412718772888184,0.6403947807592894,-0.01135496597741911,ductal,0
0.26997101306915283,0.2661389112472534,-0.003832101821899414,1.485344665523488,-0.005221835413582653,alpha,0
0.3129390478134155,0.3180900812149048,0.005151033401489258,1.7042432302887864,0.007553832639165075,delta,0
0.19607031345367432,0.19263499975204468,-0.0034353137016296387,1.0680491704894362,-0.0042549698099058,ductal,0
0.2433047890663147,0.24722427129745483,0.003919482231140137,1.5187929099103032,0.005206706435521777,alpha,0
0.23553162813186646,0.23899221420288086,0.0034605860710144043,3.053760485248873,0.004547372754392528,alpha,0
0.34424084424972534,0.3294408321380615,-0.014800012111663818,0.7038847830815814,-0.02207115019969572,alpha,0
0.26955974102020264,0.2636626958847046,-0.005897045135498047,1.1608520928359722,-0.008008619287030838,alpha,0
0.27393555641174316,0.267622709274292,-0.006312847137451172,1.3664205177790765,-0.008619665324679594,alpha,0
0.26292747259140015,0.25986015796661377,-0.003067314624786377,2.0055035428298766,-0.004144236603125625,beta,0
0.3089514374732971,0.31330275535583496,0.004351317882537842,1.5593282702531748,0.006336588527878282,alpha,0
0.2576482892036438,0.25583362579345703,-0.0018146634101867676,1.0803785544494582,-0.002438518418843672,alpha,0
0.3467191457748413,0.3226710557937622,-0.0240480899810791,1.0130139841892927,-0.03550429992219079,alpha,0
0.2791455388069153,0.2609328031539917,-0.018212735652923584,1.506515200744326,-0.024642868376038046,activated_stellate,0
0.31553101539611816,0.309409499168396,-0.006121516227722168,1.7907252355359404,-0.008864176701461552,alpha,0
0.3170575499534607,0.3038948178291321,-0.013162732124328613,1.2855402730881205,-0.018909113825700055,beta,0
0.2728918194770813,0.2663208842277527,-0.006570935249328613,0.7847012634298745,-0.00895614323492397,alpha,0
0.21795397996902466,0.2143399715423584,-0.0036140084266662598,0.7468042072446169,-0.00459996473762456,ductal,0
0.274295449256897,0.275317907333374,0.0010224580764770508,2.44141705924174,0.0014109056741207625,alpha,0
0.22065997123718262,0.2316223382949829,0.010962367057800293,1.7674093026510869,0.014266899734532866,alpha,0
0.2543044090270996,0.24598634243011475,-0.008318066596984863,0.9980652039637881,-0.011031718740736348,alpha,0
0.20001471042633057,0.20064306259155273,0.000628352165222168,0.8196592541541268,0.0007860720734585918,ductal,0
0.25837135314941406,0.24518263339996338,-0.013188719749450684,1.2371808692854165,-0.017472729607239064,alpha,0
0.2598279118537903,0.25046640634536743,-0.009361505508422852,1.9950560701646454,-0.012489774424622272,alpha,0
0.23990195989608765,0.23268336057662964,-0.007218599319458008,0.6968582372425983,-0.009407588664938508,acinar,0
0.2669438123703003,0.27168911695480347,0.004745304584503174,1.5825552622838737,0.006515493170529344,beta,0
0.18753010034561157,0.19033187627792358,0.0028017759323120117,0.4294640410314829,0.0034604004409018066,ductal,0
0.3050943613052368,0.31648921966552734,0.011394858360290527,1.3232428065833814,0.0166710733585131,beta,0
0.24467909336090088,0.24535435438156128,0.0006752610206604004,1.7530780709588942,0.0008948054289864988,ductal,0
0.2789255380630493,0.2767205834388733,-0.0022049546241760254,1.1324696071082272,-0.0030485516021727926,alpha,0
0.2993805408477783,0.29412323236465454,-0.005257308483123779,1.2228660155037436,-0.007447912616157519,beta,0
0.29244279861450195,0.29031819105148315,-0.002124607563018799,1.9235386369105472,-0.002993746685104798,alpha,0
0.3348236680030823,0.33647775650024414,0.0016540884971618652,1.470924558935254,0.0024928908011242487,delta,0
0.27756375074386597,0.2718866467475891,-0.0056771039962768555,1.935580760024762,-0.007797005742193559,alpha,0
0.2416151762008667,0.2209101915359497,-0.020704984664916992,2.0682707913574623,-0.026575863834923195,ductal,0
0.2712191343307495,0.26833027601242065,-0.0028888583183288574,1.2228955178982466,-0.00394830922152233,alpha,0
0.25239259004592896,0.24722963571548462,-0.005162954330444336,1.1879613718593598,-0.006858604662726809,alpha,0
0.2629297375679016,0.26395463943481445,0.0010249018669128418,0.5930892912107713,0.0013924438924876215,alpha,0
0.1976466178894043,0.19240647554397583,-0.005240142345428467,0.048016796127759574,-0.006488588859052705,endothelial,0
0.2383897304534912,0.23052924871444702,-0.00786048173904419,0.5275849627109089,-0.010215439282015204,ductal,0
0.2998653054237366,0.29910391569137573,-0.0007613897323608398,1.1565557438665675,-0.0010863090112878681,delta,0
0.2562403082847595,0.2556494474411011,-0.0005908608436584473,1.2721576908047743,-0.0007937937865797361,beta,0
0.2819000482559204,0.2852141261100769,0.003314077854156494,1.4718871460262481,0.0046364624361153245,alpha,0
0.22601938247680664,0.22251975536346436,-0.003499627113342285,1.1487143425469521,-0.004501242491348865,alpha,0
0.27630186080932617,0.2739846706390381,-0.002317190170288086,2.615740938606535,-0.0031916546064222565,alpha,0
0.31762200593948364,0.3173210024833679,-0.00030100345611572266,1.475759928988544,-0.00044091506727272553,beta,0
0.26902180910110474,0.26580607891082764,-0.0032157301902770996,2.3381795325341015,-0.0043799466297767525,alpha,0
0.25770288705825806,0.24723315238952637,-0.01046973466873169,0.7664508950392244,-0.01390833656126864,ductal,0
0.2321171760559082,0.23853325843811035,0.0064160823822021484,1.3874911794768696,0.008425952220896399,alpha,0
0.26340675354003906,0.2621157169342041,-0.001291036605834961,3.2001741434729967,-0.0017496464357133373,alpha,0
0.2954263687133789,0.2993415594100952,0.003915190696716309,1.9910660600486996,0.005587873448609276,beta,0
0.2515105605125427,0.25199025869369507,0.00047969818115234375,1.5657789140749445,0.0006412993770837947,alpha,0
0.25941455364227295,0.2567647695541382,-0.0026497840881347656,0.9577206570003028,-0.0035652024817838333,alpha,0
0.3584003448486328,0.35181093215942383,-0.006589412689208984,0.8567221833556041,-0.010165880629800544,delta,0
0.276034951210022,0.26227062940597534,-0.01376432180404663,0.7755646425415574,-0.018657684447297398,alpha,0
0.2924627661705017,0.28771597146987915,-0.004746794700622559,0.9461217224567564,-0.006664188035239411,alpha,0
0.3126474618911743,0.3043954372406006,-0.00825202465057373,1.4412005800318324,-0.011863097357841797,delta,0
0.18429553508758545,0.18232935667037964,-0.0019661784172058105,0.5595156919227485,-0.002404609280332451,activated_stellate,0
0.27240651845932007,0.272205650806427,-0.0002008676528930664,0.9990152172949541,-0.00027599507074441604,alpha,0
0.231592059135437,0.21359878778457642,-0.017993271350860596,0.8682965656622754,-0.022880523416502048,ductal,0
0.1922004222869873,0.20160406827926636,0.009403645992279053,2.1838248315003335,0.011778173733941697,quiescent_stellate,0
0.25126028060913086,0.24360209703445435,-0.007658183574676514,0.7570425308354916,-0.01012454363589814,alpha,0
0.2553178071975708,0.2535344958305359,-0.0017833113670349121,2.8556334212843955,-0.002389007070084328,alpha,0
0.22371554374694824,0.23027443885803223,0.006558895111083984,0.9215903778540715,0.008521082632819395,ductal,0
0.28452348709106445,0.2886046767234802,0.0040811896324157715,2.2502861562633107,0.00573688004247592,beta,0
0.2758749723434448,0.27655118703842163,0.0006762146949768066,1.0454468763384082,0.0009347097995898152,beta,0
0.3293159008026123,0.3182099461555481,-0.011105954647064209,0.747598881312353,-0.01628940549138312,alpha,0
0.29950791597366333,0.2682684063911438,-0.03123950958251953,1.7751604822935954,-0.04269257997792353,ductal,0
0.23616492748260498,0.23722553253173828,0.0010606050491333008,1.3174736733917098,0.0013904569363124776,ductal,0
0.33864307403564453,0.3288383483886719,-0.009804725646972656,1.3491383935602035,-0.014608590379729568,gamma,0
0.2026820182800293,0.20482414960861206,0.0021421313285827637,2.143325265156102,0.002693908935398881,activated_stellate,0
0.2689366936683655,0.2683417797088623,-0.0005949139595031738,1.1428777710200613,-0.0008131036363760783,alpha,0
0.2691025733947754,0.2614095211029053,-0.007693052291870117,1.8165385660372906,-0.010415856298821805,alpha,0
0.315883994102478,0.3187723159790039,0.002888321876525879,1.3841355833682665,0.004239877421712148,delta,0
0.2865908145904541,0.2843230366706848,-0.002267777919769287,1.4221480230363228,-0.003168717222948785,beta,0
0.2735516428947449,0.2758708596229553,0.0023192167282104492,0.828298763034342,0.003202766742687448,alpha,0
0.2794189453125,0.28863203525543213,0.009213089942932129,1.3296615921471104,0.012951229742599232,beta,0
0.18175888061523438,0.1861633062362671,0.004404425621032715,0.9087670237407784,0.005411928037630821,activated_stellate,0
0.2537807822227478,0.2654639482498169,0.011683166027069092,1.9656419565637628,0.015905503888109438,beta,0
0.2637263536453247,0.27777576446533203,0.014049410820007324,1.1266520797693516,0.019452976137814652,delta,0
0.30496805906295776,0.3077528476715088,0.0027847886085510254,1.2159295942705242,0.00402282421702121,delta,0
0.22198957204818726,0.21825146675109863,-0.003738105297088623,1.179478341849551,-0.0047817234546680566,quiescent_stellate,0
0.3786013126373291,0.3850322365760803,0.006430923938751221,1.0464554493417648,0.010457335036467839,delta,0
0.2818884253501892,0.2704593539237976,-0.011429071426391602,1.1093281257998722,-0.015666120164602598,beta,0
0.2523319721221924,0.2496214509010315,-0.0027105212211608887,0.8171228205731446,-0.0036122050989005473,ductal,0
0.28012222051620483,0.28531694412231445,0.005194723606109619,1.496262048215985,0.007268569701474313,alpha,0
0.26301467418670654,0.26625120639801025,0.003236532211303711,1.2874396921597226,0.0044109540479317175,beta,0
0.27842044830322266,0.28585898876190186,0.007438540458679199,1.9560197181731713,0.010416066773399678,beta,0
0.2593485116958618,0.26030516624450684,0.0009566545486450195,2.980587165278677,0.0012933097609834634,alpha,0
0.26158517599105835,0.258292555809021,-0.0032926201820373535,1.8767413345521775,-0.004439243812132417,alpha,0
0.36215662956237793,0.33946800231933594,-0.022688627243041992,0.7574586418640918,-0.03434902067228977,delta,0
0.26904022693634033,0.2626609802246094,-0.006379246711730957,2.1811401164766204,-0.00865171453109075,beta,0
0.2717273235321045,0.2707042098045349,-0.00102311372756958,1.1946090270718563,-0.0014028789708156223,alpha,0
0.30874019861221313,0.31088846921920776,0.002148270606994629,1.7555910473824927,0.0031174498046209562,gamma,0
0.31640326976776123,0.3072918653488159,-0.009111404418945312,2.005274560544732,-0.013153309399973188,alpha,0
0.17444920539855957,0.17435920238494873,-9.000301361083984e-05,1.404346150850101,-0.00010900989131208493,activated_stellate,0
0.36934894323349,0.3658224940299988,-0.003526449203491211,1.4517650994267166,-0.0055606658550548214,beta,0
0.25007617473602295,0.2496688961982727,-0.00040727853775024414,0.6624468541271052,-0.0005427984201730044,alpha,0
0.36480534076690674,0.3690415620803833,0.0042362213134765625,0.8856879926982013,0.006713946686320806,ductal,0
0.202528715133667,0.2056928277015686,0.0031641125679016113,1.778453149396117,0.003983487343751208,ductal,0
0.30987346172332764,0.32153844833374023,0.011664986610412598,2.7184518594571445,0.01719329058774828,beta,0
0.2790999412536621,0.21952718496322632,-0.05957275629043579,0.043241287155266005,-0.07632905995275299,macrophage,0
0.2527901530265808,0.24984663724899292,-0.0029435157775878906,1.130896997110796,-0.003923885332984784,beta,0
0.20698171854019165,0.20169365406036377,-0.005288064479827881,0.8418009558745901,-0.00662410427616435,activated_stellate,0
0.1999887228012085,0.20503199100494385,0.0050432682037353516,1.0879380711605051,0.006343988873351903,ductal,0
0.27914702892303467,0.28568732738494873,0.0065402984619140625,1.095366712977132,0.009156072281302897,beta,0
0.2586424946784973,0.2527713179588318,-0.005871176719665527,0.769414999276896,-0.00785726894694074,alpha,0
0.2976449728012085,0.2989532947540283,0.0013083219528198242,1.2290165750896833,0.0018662407840013768,alpha,0
0.26503050327301025,0.2600371837615967,-0.004993319511413574,1.4231390250227403,-0.006748068148609257,alpha,0
0.23967331647872925,0.2421860694885254,0.0025127530097961426,0.8154816977508844,0.0033157915269520044,activated_stellate,0
0.19497251510620117,0.19248783588409424,-0.0024846792221069336,1.3232856319144106,-0.0030769557816225004,activated_stellate,0
0.21171927452087402,0.20584315061569214,-0.005876123905181885,1.3419841726259603,-0.007399198168142116,ductal,0
0.2567415237426758,0.25789642333984375,0.0011548995971679688,1.0383568509927108,0.0015562512208411724,alpha,0
0.28801512718200684,0.2822895646095276,-0.005725562572479248,1.2909489769319729,-0.007977538419605449,alpha,0
0.2536419630050659,0.24546682834625244,-0.008175134658813477,1.2017364626948002,-0.01083469218575988,beta,0
0.25524675846099854,0.2552807927131653,3.403425216674805e-05,0.6168081033765866,4.570078471688924e-05,alpha,0
0.25595492124557495,0.25598520040512085,3.0279159545898438e-05,1.4935669560958447,4.069698554704239e-05,alpha,0
0.31514298915863037,0.3071369528770447,-0.008006036281585693,1.0162709737007258,-0.011555005444192702,alpha,0
0.31463611125946045,0.3119063377380371,-0.00272977352142334,0.8118475666218531,-0.0039671539953584,delta,0
0.1938103437423706,0.1905578374862671,-0.0032525062561035156,1.6554607443001013,-0.004018207114394457,activated_stellate,0
0.29759347438812256,0.29770517349243164,0.00011169910430908203,2.381611128510094,0.00015904873579170286,beta,0
0.24602949619293213,0.25052374601364136,0.0044942498207092285,1.784170239698561,0.005996520632648395,beta,0
0.1998538374900818,0.19895625114440918,-0.0008975863456726074,0.06108772192563349,-0.0011205210039463413,endothelial,0
0.293104887008667,0.31140226125717163,0.01829737424850464,0.9623676822345203,0.026571934845313495,beta,0
0.26883697509765625,0.25820815563201904,-0.010628819465637207,1.256131887638119,-0.014328574176618427,alpha,0
0.3440142869949341,0.3270832300186157,-0.01693105697631836,1.2877801010492564,-0.025160700002745874,alpha,0
0.279524028301239,0.28810304403305054,0.008579015731811523,1.0315742839021,0.012050923465684565,alpha,0
0.33850306272506714,0.3173595070838928,-0.021143555641174316,1.2850675837177497,-0.030973192860056054,ductal,0
0.1888962984085083,0.19326269626617432,0.004366397857666016,1.680254558289101,0.0054124159592682745,ductal,0
0.2763623595237732,0.27915525436401367,0.0027928948402404785,1.2194840317663544,0.0038744748534947915,alpha,0
0.29855412244796753,0.29771482944488525,-0.0008392930030822754,1.6848615684425328,-0.0011950886025670513,beta,0
0.28198570013046265,0.286761999130249,0.004776298999786377,1.7893616659153226,0.00669664122489543,beta,0
0.3780112862586975,0.37721699476242065,-0.0007942914962768555,2.0608724157253078,-0.0012753904483534342,alpha,0
0.2357180118560791,0.24614107608795166,0.010423064231872559,1.5265268723500942,0.013826279561411152,beta,0
0.26309651136398315,0.2673916816711426,0.004295170307159424,1.0396844961426626,0.0058628467623150615,alpha,0
0.21443939208984375,0.19747567176818848,-0.016963720321655273,0.06351122521938384,-0.021137951492425353,endothelial,0
0.30720412731170654,0.30521178245544434,-0.001992344856262207,0.5097295355229275,-0.0028675570568875417,delta,0
0.24127548933029175,0.24198615550994873,0.0007106661796569824,2.439763495937222,0.0009375372030771791,beta,0
0.23100721836090088,0.22385358810424805,-0.007153630256652832,0.6556504919365759,-0.009216856699987773,ductal,0
0.2275601625442505,0.22826462984085083,0.0007044672966003418,0.8434636130560241,0.0009128353109629598,alpha,0
0.3004840612411499,0.29182249307632446,-0.00866156816482544,1.115582027866835,-0.012230786886258655,quiescent_stellate,0
0.30361735820770264,0.3115588426589966,0.007941484451293945,0.573243854147521,0.01153545857421815,delta,0
0.20121634006500244,0.20274049043655396,0.0015241503715515137,1.1684673681105169,0.0019117368350815784,ductal,0
0.3071839213371277,0.3208574056625366,0.013673484325408936,1.3832414141356038,0.020133451265485835,beta,0
0.36520540714263916,0.3623414635658264,-0.002863943576812744,1.0001814539256348,-0.004491343584652839,delta,0
0.20011740922927856,0.20577967166900635,0.005662262439727783,1.95958061826233,0.007129334565921635,ductal,0
0.2962018847465515,0.2861747145652771,-0.010027170181274414,1.1457882249743903,-0.014047093015439795,alpha,0
0.3095231056213379,0.31614601612091064,0.006622910499572754,1.1546548848731908,0.009684685116558062,delta,0
0.19908910989761353,0.204925537109375,0.005836427211761475,1.044372186047665,0.007340730314167275,ductal,0
0.30516713857650757,0.3123633861541748,0.007196247577667236,0.7131821380944504,0.010465189655070789,beta,0
0.28367722034454346,0.28679990768432617,0.003122687339782715,2.4573199178283103,0.004378416903514032,beta,0
0.23969602584838867,0.23722398281097412,-0.0024720430374145508,1.2946658395338346,-0.003240850500943249,alpha,0
0.3370744585990906,0.3499605655670166,0.012886106967926025,2.1619713872478177,0.019823577286763108,beta,0
0.21965503692626953,0.22170817852020264,0.0020531415939331055,1.2179702986060668,0.002638009981949168,ductal,0
0.3053795099258423,0.30198854207992554,-0.003390967845916748,0.750241542230788,-0.00485804037661661,beta,0
0.2646784782409668,0.26816606521606445,0.0034875869750976562,1.5083803318428304,0.004765544216157892,alpha,0
0.28434938192367554,0.2767632007598877,-0.007586181163787842,1.477869278582303,-0.010489207921608058,alpha,0
0.21000665426254272,0.20720738172531128,-0.0027992725372314453,0.7841525987292955,-0.0035309013639952267,ductal,0
0.20985019207000732,0.2132299542427063,0.0033797621726989746,1.6968977473916989,0.004295743325415795,ductal,0
0.262287437915802,0.2636876106262207,0.0014001727104187012,1.499906494633634,0.001901601454254387,alpha,0
0.35181331634521484,0.34685957431793213,-0.004953742027282715,1.1643805321961875,-0.007584497655476727,gamma,0
0.3486596345901489,0.34158843755722046,-0.007071197032928467,0.8456114262658728,-0.010739782586280146,delta,0
0.2650512456893921,0.2551776170730591,-0.009873628616333008,1.6215844851127332,-0.013256353249659932,ductal,0
0.2776155471801758,0.27811920642852783,0.0005036592483520508,1.3738722291268888,0.0006977041816838203,alpha,0
0.317915141582489,0.31950587034225464,0.001590728759765625,0.549896179790325,0.0023376083502229215,beta,0
0.27648359537124634,0.27190637588500977,-0.004577219486236572,2.4456346306975925,-0.006286580921238334,ductal,0
0.29772770404815674,0.2898200750350952,-0.007907629013061523,0.6426681283120846,-0.011134683951327261,alpha,0
0.3124657869338989,0.3068256378173828,-0.005640149116516113,0.8337696298339857,-0.008136696081425776,alpha,0
0.323498010635376,0.33713066577911377,0.013632655143737793,1.0643500171575253,0.02056612734960978,gamma,0
0.23297393321990967,0.22276175022125244,-0.010212182998657227,1.0300480407537305,-0.013139063860488437,alpha,0
0.24679207801818848,0.24220973253250122,-0.004582345485687256,1.47809427141825,-0.006046983819152561,alpha,0
0.30272090435028076,0.29175126552581787,-0.01096963882446289,2.122792873681604,-0.01548839876516965,ductal,0
0.2992115020751953,0.29749178886413574,-0.0017197132110595703,1.2585680625407478,-0.0024479617231505635,gamma,0
0.2670132517814636,0.2644311189651489,-0.0025821328163146973,1.687237051964285,-0.0035103888743661473,alpha,0
0.3120415210723877,0.3053797483444214,-0.006661772727966309,1.5031084167641935,-0.009590524768157048,alpha,0
0.2820473909378052,0.2730203866958618,-0.00902700424194336,2.345342855100867,-0.012417135331918632,alpha,0
0.33479565382003784,0.3415120244026184,0.006716370582580566,0.931462127961151,0.010199685995006152,delta,0
0.2911171317100525,0.3143503665924072,0.023233234882354736,2.0704367193125037,0.033884995703838516,gamma,0
0.22973716259002686,0.23166370391845703,0.0019265413284301758,1.1328466308088163,0.0025074193920753074,alpha,0
0.18854236602783203,0.18772709369659424,-0.000815272331237793,0.08642259712883972,-0.0010036926320096497,endothelial,0
0.3459954261779785,0.35160040855407715,0.005604982376098633,1.0729788222076908,0.00864433360236948,delta,0
0.25770580768585205,0.2571195960044861,-0.0005862116813659668,1.0274912962029816,-0.000789106400186465,alpha,0
0.34817439317703247,0.31810712814331055,-0.030067265033721924,1.920891133373189,-0.044093825107532486,ductal,0
0.27660220861434937,0.28053027391433716,0.003928065299987793,1.0849608702215952,0.005459667248764964,gamma,0
0.24572205543518066,0.24361419677734375,-0.002107858657836914,4.322829026554033,-0.002786750688413472,activated_stellate,0
0.33411991596221924,0.33816754817962646,0.0040476322174072266,1.5368691760958033,0.0061157959333577455,beta,0
0.19446104764938354,0.19399124383926392,-0.0004698038101196289,1.1144325919987605,-0.0005828768068940675,ductal,0
0.20383870601654053,0.20301538705825806,-0.0008233189582824707,0.9750068615611629,-0.0010330424764959092,activated_stellate,0
0.3129563331604004,0.3100605010986328,-0.002895832061767578,2.300162036301578,-0.0041972260848651055,gamma,0
0.3196094036102295,0.3201502561569214,0.0005408525466918945,1.593547688640778,0.0007955471802262426,alpha,0
0.2759319543838501,0.27680695056915283,0.0008749961853027344,2.156152164536084,0.001209906795967351,beta,0
0.31423377990722656,0.3033207654953003,-0.01091301441192627,1.2917094175402346,-0.015664331404516195,gamma,0
0.29731667041778564,0.2858346700668335,-0.011482000350952148,1.0885672218961946,-0.01607751016424539,alpha,0
0.2754632234573364,0.299521267414093,0.024058043956756592,1.0857226411736636,0.03434514545208709,gamma,0
0.29164552688598633,0.2816671133041382,-0.009978413581848145,1.2437286704750066,-0.013891071628011025,alpha,0
0.26915663480758667,0.26824092864990234,-0.0009157061576843262,2.1851293599867123,-0.0012513765712461147,alpha,0
0.3327481150627136,0.331615149974823,-0.001132965087890625,1.0284915050066992,-0.001695078947178333,beta,0
0.2775989770889282,0.28407061100006104,0.0064716339111328125,1.080920947523642,0.009039486310476583,ductal,0
0.3316383361816406,0.3136073350906372,-0.018031001091003418,0.659344042732571,-0.026269221704728424,alpha,0
0.23219412565231323,0.2438334822654724,0.01163935661315918,1.6451805743263894,0.015392583961573244,ductal,0
0.31076735258102417,0.3122944235801697,0.0015270709991455078,1.144446735069923,0.0022205301970872225,delta,0
0.24591994285583496,0.25290679931640625,0.006986856460571289,0.9055639131890314,0.00935205467561247,ductal,0
0.27063655853271484,0.26939845085144043,-0.001238107681274414,0.7040531914379162,-0.0016946414673186777,alpha,0
0.2673625349998474,0.2631850838661194,-0.004177451133728027,1.3401483665343126,-0.005669607173056981,alpha,0
0.29731684923171997,0.29212522506713867,-0.005191624164581299,1.4757293894778267,-0.007334099686026671,beta,0
0.26442909240722656,0.25797736644744873,-0.006451725959777832,1.3969067061165052,-0.008694783242512655,alpha,0
0.300037682056427,0.3072746992111206,0.0072370171546936035,2.058790087610283,0.01044716736410818,beta,0
0.28716301918029785,0.2853354215621948,-0.0018275976181030273,0.7716430736230432,-0.0025572802588005655,alpha,0
0.27907508611679077,0.28582870960235596,0.0067536234855651855,1.1911769255496352,0.009456587763146892,ductal,0
0.3116341233253479,0.31783348321914673,0.006199359893798828,1.384668609220289,0.009087751657841012,gamma,0
0.271248459815979,0.2673793435096741,-0.0038691163063049316,1.4726860892756228,-0.005281200130010288,alpha,0
0.318813681602478,0.3069189786911011,-0.011894702911376953,0.8013219754806695,-0.01716206698159696,alpha,0
0.2597595453262329,0.2707397937774658,0.01098024845123291,1.4874569813561556,0.01505669493212726,alpha,0
0.37398475408554077,0.28965091705322266,-0.08433383703231812,0.23142174488387146,-0.11872168072980648,ductal,0
0.2999480962753296,0.29403889179229736,-0.0059092044830322266,1.3393980390886617,-0.008370439128062653,alpha,0
0.3356233239173889,0.330544114112854,-0.005079209804534912,0.8644829594618886,-0.007587071697493662,gamma,0
0.28990358114242554,0.4073375463485718,0.11743396520614624,1.1512650243523663,0.19814645669323014,quiescent_stellate,0
0.3023800253868103,0.30353212356567383,0.0011520981788635254,2.0605579870760624,0.0016542014611813372,beta,0
0.2866079807281494,0.2755303978919983,-0.011077582836151123,1.449726574743949,-0.01529061095720026,ductal,0
0.2745509147644043,0.2737191319465637,-0.0008317828178405762,1.822402163488297,-0.0011452632919684421,alpha,0
0.26805317401885986,0.2655562162399292,-0.002496957778930664,2.0265891134641523,-0.003399794285339576,alpha,0
0.27405422925949097,0.2660408020019531,-0.008013427257537842,1.0868827928798885,-0.010918082748189997,alpha,0
0.2457113265991211,0.24996668100357056,0.004255354404449463,0.5720454542710766,0.005673553823106518,ductal,0
0.3202399015426636,0.30408239364624023,-0.01615750789642334,0.6235371406610146,-0.023217558729517043,alpha,0
0.2867947816848755,0.2908990979194641,0.004104316234588623,2.0670664061352695,0.005788056710330453,beta,0
0.20660561323165894,0.20395278930664062,-0.0026528239250183105,1.2229219092993566,-0.0033324957230962387,ductal,0
0.3508172035217285,0.3289123773574829,-0.021904826164245605,1.1815537300793466,-0.03264078404246494,alpha,0
0.2965489625930786,0.2999204993247986,0.0033715367317199707,1.2881445126155069,0.004815934088154624,beta,0
0.2556631565093994,0.2479797601699829,-0.007683396339416504,3.165835185239512,-0.010217007378888128,alpha,0
0.2986133098602295,0.29455769062042236,-0.004055619239807129,0.8539348729071672,-0.005749044515594712,gamma,0
0.3185507655143738,0.3161911964416504,-0.0023595690727233887,0.8210278389907608,-0.0034506269302835117,gamma,0
0.2633633017539978,0.26578205823898315,0.0024187564849853516,1.5582557353533044,0.00329433039893302,alpha,0
0.2749432325363159,0.30037450790405273,0.025431275367736816,1.6606694152522536,0.036349840957837984,beta,0
0.2621814012527466,0.2681472897529602,0.005965888500213623,0.9019608449632065,0.008151761162706925,alpha,0
0.27483880519866943,0.26921266317367554,-0.0056261420249938965,1.9953667939962667,-0.007698740442639853,alpha,0
0.2917677164077759,0.29086852073669434,-0.000899195671081543,1.3768353015112098,-0.0012680239100592305,beta,0
0.3372275233268738,0.33164072036743164,-0.005586802959442139,1.5630301873128243,-0.008358981658058961,alpha,0
0.26940417289733887,0.2619727849960327,-0.007431387901306152,1.092762972341327,-0.010069259981511935,alpha,0
0.3999638557434082,0.3941497802734375,-0.005814075469970703,1.3828982739122202,-0.009596555849389246,gamma,0
0.2771449089050293,0.28337955474853516,0.006234645843505859,2.7979694860229105,0.008700066938947155,alpha,0
0.34536856412887573,0.34481149911880493,-0.0005570650100708008,1.2493093469712935,-0.0008502362439535749,delta,0
0.2734958529472351,0.27037692070007324,-0.0031189322471618652,0.6460767819245383,-0.004274717091123927,alpha,0
0.2913336157798767,0.2815132737159729,-0.009820342063903809,1.0943424374167041,-0.013668091148592354,alpha,0
0.3175041079521179,0.3210951089859009,0.003591001033782959,1.218147665340854,0.005289402214232072,beta,0
0.32776540517807007,0.35180819034576416,0.024042785167694092,0.888068414332583,0.037092084178785296,beta,0
0.34488165378570557,0.3340652585029602,-0.010816395282745361,2.482936381487399,-0.016242425283939693,alpha,0
0.3631545901298523,0.36235612630844116,-0.0007984638214111328,1.3578257501971291,-0.0012522096649161343,alpha,0
0.19271135330200195,0.18031156063079834,-0.012399792671203613,0.060948742170005454,-0.015127446082740878,endothelial,0
0.24633216857910156,0.23939764499664307,-0.006934523582458496,0.9330722320633615,-0.009117147135874816,ductal,0
0.2919270396232605,0.30757081508636475,0.015643775463104248,2.183224356069152,0.022592599797848573,gamma,0
0.28359633684158325,0.28529107570648193,0.0016947388648986816,1.049280568767634,0.002371229471597703,alpha,0
0.22515642642974854,0.20181351900100708,-0.023342907428741455,0.05142517671038285,-0.029244929580272992,endothelial,0
0.30899131298065186,0.3005709648132324,-0.008420348167419434,1.3006630356525672,-0.012038888498775232,ductal,0
0.31527554988861084,0.31132495403289795,-0.003950595855712891,1.2690862120940254,-0.0057365166326958945,gamma,0
0.35926222801208496,0.364088773727417,0.004826545715332031,1.0653379603993984,0.007589967775255371,delta,0
0.33055567741394043,0.3320344090461731,0.001478731632232666,1.5150248491448801,0.002213784141367371,gamma,0
0.305044949054718,0.30023449659347534,-0.004810452461242676,0.9931933171796082,-0.0068743778277507795,alpha,0
0.21737730503082275,0.21332430839538574,-0.004052996635437012,0.9544443280897961,-0.00515205526075167,ductal,0
0.21976137161254883,0.25167882442474365,0.031917452812194824,1.177290217385264,0.042652077549000196,quiescent_stellate,0
0.23256921768188477,0.23400229215621948,0.0014330744743347168,0.9424715642613638,0.0018708600034440072,quiescent_stellate,0
0.24331223964691162,0.23127800226211548,-0.012034237384796143,1.6473396230196715,-0.015654862772509763,beta,0
0.30879390239715576,0.30745458602905273,-0.0013393163681030273,1.1765397423948993,-0.001933904031540107,beta,0
0.35267436504364014,0.3511970639228821,-0.0014773011207580566,0.9564158122278862,-0.0022769642962627745,gamma,0
0.3054015636444092,0.3134617805480957,0.008060216903686523,1.2526143530438443,0.011740376100432359,beta,0
0.32994401454925537,0.3033400774002075,-0.02660393714904785,2.0672201594387,-0.0381878392685019,alpha,0
0.29871147871017456,0.29576951265335083,-0.0029419660568237305,1.0968647123211637,-0.00417756133777773,ductal,0
0.28275221586227417,0.285625159740448,0.002872943878173828,1.8956807603551453,0.004021619626371512,beta,0
0.27185654640197754,0.2733433246612549,0.0014867782592773438,2.47902646848705,0.002046053259724413,beta,0
0.3581499457359314,0.38049304485321045,0.022343099117279053,2.0459672813688656,0.036065937487311905,delta,0
0.3421669006347656,0.3366315960884094,-0.005535304546356201,1.3382631593400725,-0.008344239058895411,gamma,0
0.2669740319252014,0.2559105157852173,-0.01106351613998413,1.3654625767407058,-0.014868529087814159,ductal,0
0.2785508632659912,0.2769516110420227,-0.0015992522239685059,1.668357046971219,-0.0022118190820856008,alpha,0
0.301206111907959,0.29638242721557617,-0.0048236846923828125,0.8355085487891245,-0.006855548921687755,alpha,0
0.46153539419174194,0.46674543619155884,0.0052100419998168945,1.035422378821769,0.009770271749026187,delta,0
0.27693837881088257,0.26572179794311523,-0.011216580867767334,2.1938993607117894,-0.015275655516324836,alpha,0
0.2816147804260254,0.27880680561065674,-0.0028079748153686523,0.913560810523598,-0.0038935126360229344,ductal,0
0.2703403830528259,0.28416210412979126,0.013821721076965332,0.7550662597478303,0.019308451196430373,beta,0
0.3232737183570862,0.32104355096817017,-0.0022301673889160156,0.8434073092345685,-0.003284698734500811,beta,0
0.2504420876502991,0.2636875510215759,0.013245463371276855,0.6372123769852015,0.017988916783430595,ductal,0
0.3339990973472595,0.33477842807769775,0.0007793307304382324,1.4563204506742264,0.0011715355654901374,alpha,0
0.30184656381607056,0.3030816316604614,0.0012350678443908691,0.976861482718339,0.0017721843769644254,ductal,0
0.3315892815589905,0.32703298330307007,-0.00455629825592041,1.5482953767530478,-0.006770462954163376,beta,0
0.3130568861961365,0.3124403953552246,-0.0006164908409118652,0.818745933474963,-0.0008966362141510226,alpha,0
0.31619906425476074,0.3207995295524597,0.004600465297698975,0.8433989733730582,0.006773354109527671,alpha,0
0.2771325707435608,0.2710168957710266,-0.00611567497253418,1.034103388537059,-0.008389323342414871,alpha,0
0.3436295986175537,0.35474956035614014,0.011119961738586426,1.4649340296279243,0.017233559336625928,gamma,0
0.29376959800720215,0.28687721490859985,-0.006892383098602295,1.0519459219788339,-0.009665072050276596,alpha,0
0.39244866371154785,0.3813798427581787,-0.01106882095336914,2.20138384891581,-0.01789275830053868,delta,0
0.3229120969772339,0.32918983697891235,0.006277740001678467,1.3724093003636098,0.009358444978540255,alpha,0
0.32636916637420654,0.3182310461997986,-0.008138120174407959,1.2038599716749696,-0.011936771437076775,beta,0
0.32882893085479736,0.32746559381484985,-0.0013633370399475098,0.6172981090718639,-0.0020271632609561692,ductal,0
0.261135995388031,0.2651721239089966,0.004036128520965576,1.8936415485929208,0.005492617594253772,alpha,0
0.2901787757873535,0.2935757637023926,0.0033969879150390625,1.1519179127526755,0.004808708054585991,alpha,0
0.3506017327308655,0.36718446016311646,0.016582727432250977,1.1191989690008826,0.026204677964332845,beta,0
0.278822660446167,0.27776503562927246,-0.0010576248168945312,0.8856363003978642,-0.0014643777566432606,alpha,0
0.29948800802230835,0.29518556594848633,-0.0043024420738220215,0.9208533884249975,-0.00610436146872038,beta,0
0.3099185824394226,0.2985713481903076,-0.01134723424911499,1.2277997451562441,-0.01617731784956178,beta,0
0.3188178539276123,0.324310839176178,0.005492985248565674,0.6917019082519383,0.0081294559200394,ductal,0
0.2214624285697937,0.22672933340072632,0.005266904830932617,1.0012175557224317,0.006811204741666538,ductal,0
0.3567924499511719,0.34486788511276245,-0.011924564838409424,2.6644589953682614,-0.01820177116559444,alpha,0
0.3670380115509033,0.3676224946975708,0.0005844831466674805,2.565810313039462,0.0009242630260669319,gamma,0
0.2949059009552002,0.2863105535507202,-0.00859534740447998,1.2005758907262467,-0.012043540012036358,alpha,0
0.29717689752578735,0.27938854694366455,-0.017788350582122803,2.048704998021716,-0.02468507890996864,alpha,0
0.29485106468200684,0.29492729902267456,7.623434066772461e-05,0.4728483690582701,0.00010812266672933668,ductal,0
0.24942928552627563,0.23938632011413574,-0.010042965412139893,1.1462457558490182,-0.01320376648188462,ductal,0
0.2931070327758789,0.30121445655822754,0.008107423782348633,0.685640739533233,0.011602163007575439,beta,0
0.3566119074821472,0.3353397846221924,-0.021272122859954834,0.7980560702277265,-0.03200450751797035,alpha,0
0.32412099838256836,0.32366520166397095,-0.0004557967185974121,1.072665779693538,-0.0006739217318387259,gamma,0
0.34147489070892334,0.3453192114830017,0.003844320774078369,0.5964346963333722,0.005872053742078846,ductal,0
0.318209171295166,0.3219403028488159,0.0037311315536499023,2.443060907217249,0.005502659381358258,beta,0
0.28587955236434937,0.27797412872314453,-0.007905423641204834,1.2093468946962815,-0.010948947891887323,ductal,0
0.29859501123428345,0.29927635192871094,0.0006813406944274902,1.3565212506961788,0.0009723386620429473,beta,0
0.29745912551879883,0.29073119163513184,-0.006727933883666992,0.9209812023820921,-0.00948573207269246,alpha,0
0.33350497484207153,0.3222620487213135,-0.011242926120758057,1.0550069450580426,-0.01658889855518059,alpha,0
0.4325248599052429,0.43581467866897583,0.00328981876373291,1.1617263057428522,0.005831095988055096,beta,0
0.2942075729370117,0.284145712852478,-0.010061860084533691,1.1169548660422801,-0.01405573769017627,alpha,0
0.287006139755249,0.2855576276779175,-0.001448512077331543,1.1817046473683641,-0.0020274722405161736,alpha,0
0.2182406783103943,0.21960651874542236,0.0013658404350280762,1.0028438381167266,0.0017501945721436847,ductal,0
0.23792040348052979,0.24487358331680298,0.006953179836273193,2.2848460001247113,0.009207967941069005,activated_stellate,0
0.31038016080856323,0.3054543733596802,-0.004925787448883057,0.9418689037088033,-0.0070921005905835825,alpha,0
0.26102834939956665,0.2543245553970337,-0.006703794002532959,1.1745813524499353,-0.008990230335534763,ductal,0
0.3270837068557739,0.33971214294433594,0.012628436088562012,1.01998829357021,0.019125652476594614,delta,0
0.2976405620574951,0.29275375604629517,-0.004886806011199951,1.8321066453594435,-0.00690962455153008,alpha,0
0.21003901958465576,0.2280319333076477,0.017992913722991943,1.4777531179611976,0.023307847175707785,quiescent_stellate,0
0.3275184631347656,0.33363044261932373,0.0061119794845581055,1.4394063120366398,0.009172056881743955,gamma,0
0.32364708185195923,0.32001549005508423,-0.003631591796875,1.4524827196172077,-0.005340697830262616,beta,0
0.46152007579803467,0.3996489644050598,-0.061871111392974854,0.38668052832739797,-0.10305822381344171,mast,1
0.3625984191894531,0.35371530055999756,-0.008883118629455566,0.7037784248916188,-0.013744900099217383,alpha,0
0.22092103958129883,0.2225029468536377,0.0015819072723388672,0.9471414765050292,0.0020346151357580468,quiescent_stellate,0
0.3114688992500305,0.30184710025787354,-0.009621798992156982,1.3393666418662895,-0.013781793351729889,alpha,0
0.3224993944168091,0.31619793176651,-0.006301462650299072,2.1358116029021206,-0.00921533137005281,activated_stellate,0
0.35877394676208496,0.355501651763916,-0.0032722949981689453,1.6803565118682697,-0.005077274452486699,alpha,0
0.3310052752494812,0.33942413330078125,0.008418858051300049,1.0253388460155222,0.01274472543686405,beta,0
0.28876155614852905,0.2821502685546875,-0.006611287593841553,1.541507030660754,-0.009209848947815921,alpha,0
0.322878897190094,0.31810224056243896,-0.004776656627655029,1.69036692260862,-0.007004945479795803,alpha,0
0.37920230627059937,0.3771209716796875,-0.0020813345909118652,0.9947013699727608,-0.0033414748230077658,ductal,0
0.2863818407058716,0.283221960067749,-0.0031598806381225586,1.4323869321301435,-0.004408450680801029,ductal,0
0.4144819378852844,0.40887415409088135,-0.005607783794403076,1.4678816317422596,-0.00948661580814254,ductal,0
0.357745885848999,0.3641239404678345,0.006378054618835449,0.7156861934669505,0.010030342427937905,beta,0
0.2875474691390991,0.2830740213394165,-0.004473447799682617,0.0464335548908252,-0.006239762448056713,endothelial,0
0.2731477618217468,0.28349006175994873,0.010342299938201904,1.3429167243609228,0.014434272835915555,ductal,0
0.3634425401687622,0.37305599451065063,0.009613454341888428,0.5407693545133546,0.015333832459861908,beta,0
0.32254087924957275,0.3131910562515259,-0.009349822998046875,1.4669565325399172,-0.013613426387573374,ductal,0
0.3413640260696411,0.32679319381713867,-0.014570832252502441,0.6276527474389766,-0.021643917023240263,alpha,0
0.29187607765197754,0.293259859085083,0.0013837814331054688,0.7046439673926984,0.0019579776964615053,alpha,0
0.3185071349143982,0.30950284004211426,-0.009004294872283936,0.6435308127439808,-0.01304030688965197,beta,0
0.377766489982605,0.38894128799438477,0.011174798011779785,1.517858002346674,0.01828760116209111,gamma,0
0.3738558888435364,0.3636171221733093,-0.01023876667022705,1.590145926079424,-0.016089004005251418,alpha,0
0.34701985120773315,0.33478546142578125,-0.012234389781951904,1.2150795602472162,-0.018391645209941392,alpha,0
0.33642899990081787,0.3287622332572937,-0.00766676664352417,1.069339723474117,-0.011421834442850913,beta,0
0.3923180103302002,0.38242024183273315,-0.009897768497467041,1.8373006914254222,-0.016026704837023342,alpha,0
0.3606167435646057,0.3543517589569092,-0.006264984607696533,0.6194822368431078,-0.009703402269903195,beta,0
0.3793802857398987,0.3866521120071411,0.007271826267242432,1.1442545786599128,0.011855957132320143,beta,0
0.3012106418609619,0.2963467240333557,-0.004863917827606201,0.08756367480925008,-0.006912378572990213,endothelial,0
0.46297627687454224,0.45211243629455566,-0.010863840579986572,1.1846255520673874,-0.019828594952060633,beta,0
0.4355734586715698,0.35625964403152466,-0.07931381464004517,0.2331316641050725,-0.12320777143250787,mast,1
0.36651432514190674,0.3646678924560547,-0.0018464326858520508,1.5859656806926559,-0.002906248029853166,gamma,0
0.3975631594657898,0.3978431224822998,0.00027996301651000977,1.1227602212976937,0.0004649336858263823,gamma,0
0.34787070751190186,0.34472906589508057,-0.003141641616821289,0.8308942101057368,-0.004794416253351261,alpha,0
0.31419485807418823,0.30692946910858154,-0.0072653889656066895,0.5371927323557718,-0.01048289985185496,ductal,0
0.44672834873199463,0.348915696144104,-0.09781265258789062,0.20633984177615958,-0.15023039567782212,mast,1
0.36338353157043457,0.3571072220802307,-0.006276309490203857,1.0464268487231907,-0.009762606931924687,alpha,0
0.31401175260543823,0.30787843465805054,-0.006133317947387695,0.613964600113836,-0.00886161948205944,alpha,0
0.376589298248291,0.36574530601501465,-0.010843992233276367,0.7139306372044523,-0.01709722030615839,alpha,0
0.3608531951904297,0.3574771285057068,-0.0033760666847229004,0.8383769808199738,-0.0052543914536011755,beta,0
0.3823157548904419,0.36734259128570557,-0.014973163604736328,1.337761165049389,-0.02366709596456832,alpha,0
0.3623380661010742,0.3612450957298279,-0.0010929703712463379,1.4572162375963833,-0.0017110950756536935,alpha,0
0.33458465337753296,0.3346409797668457,5.632638931274414e-05,1.2659243559080322,8.465563342480322e-05,alpha,0
0.3451816439628601,0.3350931406021118,-0.010088503360748291,1.8766005864867994,-0.0151728068648352,alpha,0
0.38954317569732666,0.3943169116973877,0.004773736000061035,1.392795720713047,0.007881573866358266,alpha,0
0.44486135244369507,0.38746410608291626,-0.05739724636077881,1.9475552919598276,-0.09370429868808378,ductal,0
0.3910747170448303,0.3795672059059143,-0.011507511138916016,0.6761579224963207,-0.018547554623895263,alpha,0
0.3837602138519287,0.3694400191307068,-0.014320194721221924,0.8180281253359319,-0.022710281584124685,beta,0
0.4073585271835327,0.39981722831726074,-0.007541298866271973,0.457478481699403,-0.012565003898942896,beta,0
0.36486804485321045,0.3558061718940735,-0.009061872959136963,0.8614028814140944,-0.01406699748394189,alpha,0
0.28429949283599854,0.27620983123779297,-0.008089661598205566,2.6691372048023316,-0.011176805029059924,activated_stellate,0
0.4756218194961548,0.3679082989692688,-0.10771352052688599,0.10185427746191418,-0.1704080600192046,mast,1
0.4167049527168274,0.4172416925430298,0.0005367398262023926,1.3099264580688328,0.0009210333329173938,activated_stellate,0
0.3218415379524231,0.3225170969963074,0.0006755590438842773,1.2115262953036658,0.0009971602838818726,alpha,0
0.31877845525741577,0.3140465021133423,-0.004731953144073486,0.7635109191813413,-0.006898358501927724,ductal,0
0.37912070751190186,0.3717482089996338,-0.007372498512268066,1.1850257966364708,-0.011734942292052724,beta,0
0.39675164222717285,0.39125823974609375,-0.0054934024810791016,0.976985321300054,-0.00902419193121859,alpha,0
0.38223302364349365,0.3643549680709839,-0.017878055572509766,1.0253901918497395,-0.02812584803542718,ductal,0
0.340969979763031,0.3450988531112671,0.004128873348236084,0.7889528051726801,0.006304574923790103,gamma,0
0.36176079511642456,0.37295103073120117,0.011190235614776611,0.7823264274263754,0.017845871954507053,beta,0
0.4390797019004822,0.4519387483596802,0.012859046459197998,0.7944289561755135,0.0234627907386474,beta,0
0.356281578540802,0.35408276319503784,-0.00219881534576416,1.1432255223382455,-0.0034041750559880212,alpha,0
0.37435734272003174,0.372175931930542,-0.002181410789489746,0.6038041832051414,-0.00347455744440879,beta,0
0.3961012363433838,0.39921581745147705,0.0031145811080932617,1.1989058714729874,0.005184192924123313,alpha,0
0.40808433294296265,0.41514062881469727,0.007056295871734619,1.188001875376475,0.012064944530911777,gamma,0
0.4087862968444824,0.4236759543418884,0.014889657497406006,0.4912764666078056,0.02583556526849981,beta,0
0.3407050371170044,0.33119523525238037,-0.009509801864624023,2.839930858007629,-0.014219100051137712,activated_stellate,0
0.4884486198425293,0.4924238920211792,0.003975272178649902,0.13488213100604324,0.007831874109440501,macrophage,0
0.34142184257507324,0.33334434032440186,-0.008077502250671387,1.0839699387530541,-0.01211645342454902,ductal,0
0.4296911358833313,0.41089773178100586,-0.01879340410232544,0.6357476484744293,-0.03190176836212611,activated_stellate,0
0.33974695205688477,0.3330090641975403,-0.006737887859344482,1.0529675246995949,-0.010101918178600284,alpha,0
0.14293181896209717,0.14472746849060059,0.001795649528503418,0.856340834985376,0.002099505669069513,acinar,0
0.1942753791809082,0.19268304109573364,-0.0015923380851745605,0.7904330491482298,-0.001972382801589808,acinar,0
0.14989256858825684,0.14669060707092285,-0.0032019615173339844,0.9840620935524915,-0.0037524039274229757,acinar,0
0.16172975301742554,0.1644619107246399,0.0027321577072143555,1.0585292927318188,0.0032699379505055034,acinar,0
0.15269339084625244,0.15204203128814697,-0.0006513595581054688,1.2411281943811605,-0.0007681507599898611,acinar,0
0.15256714820861816,0.15084105730056763,-0.0017260909080505371,0.6512211322367133,-0.0020327065067034253,acinar,0
0.1267615556716919,0.12331074476242065,-0.0034508109092712402,0.7900054538244043,-0.0039361847868616615,acinar,0
0.13422799110412598,0.130864679813385,-0.003363311290740967,0.9441735025261666,-0.0038697211039804696,acinar,0
0.15529721975326538,0.1546899676322937,-0.0006072521209716797,1.3408749288261383,-0.0007183779888081674,acinar,0
0.16163122653961182,0.15681064128875732,-0.004820585250854492,1.7299175638697957,-0.005717085018983669,acinar,0
0.14852911233901978,0.14666277170181274,-0.0018663406372070312,1.1259093953003512,-0.0021871079513653465,acinar,0
0.15129196643829346,0.15053993463516235,-0.0007520318031311035,0.9508340057113873,-0.000885305659199071,acinar,0
0.13846057653427124,0.1331932544708252,-0.005267322063446045,1.1077426985715586,-0.006076697130720193,acinar,0
0.1639031171798706,0.1665130853652954,0.0026099681854248047,0.4464146246785252,0.0031313847159420436,acinar,0
0.21574068069458008,0.26447594165802,0.04873526096343994,1.2729993295584896,0.06625923436590107,acinar,0
0.16877055168151855,0.16799986362457275,-0.0007706880569458008,0.7663880521652832,-0.0009263076089185155,acinar,0
0.2044297456741333,0.20386457443237305,-0.0005651712417602539,1.2569204526318836,-0.0007098933467974991,acinar,0
0.1487552523612976,0.14592045545578003,-0.002834796905517578,0.8296758148621879,-0.003319125160678528,acinar,0
0.1506786346435547,0.1494559645652771,-0.0012226700782775879,1.3554815277576528,-0.0014375153164793721,acinar,0
0.1547718048095703,0.15995484590530396,0.005183041095733643,1.8067999299038107,0.006169955353553974,acinar,0
0.16035592555999756,0.1555688977241516,-0.004787027835845947,0.8880795898560168,-0.005668938321840945,acinar,0
0.17696058750152588,0.18089032173156738,0.003929734230041504,1.279501574326896,0.004797567815764081,acinar,0
0.17174029350280762,0.16829043626785278,-0.003449857234954834,2.1943248841267247,-0.004147910984063018,acinar,0
0.2942386865615845,0.28253173828125,-0.011706948280334473,1.107019193012934,-0.016317025999574648,acinar,0
0.15141016244888306,0.15259253978729248,0.0011823773384094238,1.1305256351386448,0.0013952878561071856,acinar,0
0.20822644233703613,0.19772756099700928,-0.010498881340026855,1.6831919172263459,-0.01308642903534633,acinar,0
0.17481106519699097,0.16556835174560547,-0.009242713451385498,0.5621251920132302,-0.011076657352008365,acinar,0
0.3971026539802551,0.4081189036369324,0.011016249656677246,2.557344162311071,0.018612268113255864,delta,0
0.18577861785888672,0.1792427897453308,-0.006535828113555908,1.0836337767308462,-0.007963168683620745,acinar,0
0.3142586350440979,0.31002140045166016,-0.004237234592437744,0.8130363581123577,-0.006141110166621746,delta,0
0.1946658492088318,0.18465358018875122,-0.010012269020080566,1.082332718356992,-0.012279773083934542,acinar,0
0.18377196788787842,0.17613571882247925,-0.00763624906539917,1.2361559297807274,-0.009268819197362147,acinar,0
0.1763840913772583,0.1771775484085083,0.00079345703125,1.3106717422479013,0.0009643113526074872,acinar,0
0.1680675745010376,0.16792601346969604,-0.00014156103134155273,1.7331039027663375,-0.0001701303413316084,acinar,0
0.18843364715576172,0.18466800451278687,-0.0037656426429748535,1.269997736875228,-0.004618539029275602,acinar,0
0.1929612159729004,0.19011390209197998,-0.00284731388092041,1.8038475620442422,-0.0035156966989249197,acinar,0
0.1616191267967224,0.16760587692260742,0.00598675012588501,1.2365811305993895,0.007192206143589491,acinar,0
0.15524137020111084,0.1517167091369629,-0.0035246610641479492,0.9507935016703047,-0.004155051858397429,acinar,0
0.3117462992668152,0.30724596977233887,-0.004500329494476318,0.9227287678433277,-0.006496287712678288,delta,0
0.1717362403869629,0.16793954372406006,-0.003796696662902832,1.019884825354283,-0.004563005769912128,acinar,0
0.1823418140411377,0.1748570203781128,-0.007484793663024902,1.3893857227803463,-0.009070905101143474,acinar,0
0.17527669668197632,0.1716030240058899,-0.0036736726760864258,1.0449984111744144,-0.004434676589298107,acinar,0
0.17305481433868408,0.173265278339386,0.0002104640007019043,1.3727786559307447,0.00025457259165208095,acinar,0
0.16816610097885132,0.16158413887023926,-0.0065819621086120605,1.0047462771933529,-0.007850474226170892,acinar,0
0.1699002981185913,0.1706446409225464,0.0007443428039550781,1.2850561008273598,0.000897495622121571,acinar,0
0.15347355604171753,0.14919990301132202,-0.004273653030395508,1.176726134000233,-0.005023098898932518,acinar,0
0.16172051429748535,0.15888631343841553,-0.0028342008590698242,1.3553924201386611,-0.003369581192592222,acinar,0
0.2580968737602234,0.2637752294540405,0.005678355693817139,0.9311318967039681,0.007712801743421729,ductal,0
0.16798537969589233,0.1686457395553589,0.0006603598594665527,2.203469775557617,0.0007943182478109467,acinar,0
0.1900351643562317,0.18597817420959473,-0.004056990146636963,1.1779782693435317,-0.004983883746234537,acinar,0
0.18175846338272095,0.17514771223068237,-0.006610751152038574,1.355978885790208,-0.008014466650648814,acinar,0
0.1689494252204895,0.16135293245315552,-0.007596492767333984,0.7745877782767021,-0.009058032945318402,acinar,0
0.18572711944580078,0.18738090991973877,0.0016537904739379883,0.7707974303558042,0.002035136134661377,acinar,0
0.19539546966552734,0.19470179080963135,-0.0006936788558959961,0.8013028979293465,-0.000861393764421018,acinar,0
0.1946660876274109,0.19587218761444092,0.0012060999870300293,1.159162434967052,0.0014998859241691477,acinar,0
0.21822220087051392,0.2201738953590393,0.0019516944885253906,1.6837424304750985,0.002502730386826393,alpha,0
0.20351523160934448,0.2048206329345703,0.00130540132522583,0.955601864473462,0.0016416438596028333,acinar,0
0.17898333072662354,0.17555367946624756,-0.0034296512603759766,1.8383252775181214,-0.004159944892659107,acinar,0
0.15980976819992065,0.15872889757156372,-0.0010808706283569336,0.7871252819086484,-0.0012848065566936303,acinar,0
0.210671067237854,0.20184659957885742,-0.008824467658996582,1.112286890176507,-0.011056104821880589,acinar,0
0.16357392072677612,0.15630286931991577,-0.0072710514068603516,0.9613303995562531,-0.008618082416612381,acinar,0
0.19645321369171143,0.19416087865829468,-0.002292335033416748,1.3764887429398422,-0.0028446559278483005,acinar,0
0.18265843391418457,0.1836748719215393,0.0010164380073547363,1.4931947807687787,0.0012451386982871876,acinar,0
0.2345806360244751,0.24159234762191772,0.007011711597442627,1.098741493340898,0.009245307026447486,beta,0
0.16764003038406372,0.1648443341255188,-0.002795696258544922,1.1108967216119505,-0.0033475151672683473,ductal,0
0.19503909349441528,0.18703508377075195,-0.00800400972366333,1.0625774331114535,-0.009845455275964551,acinar,0
0.17526155710220337,0.17213666439056396,-0.0031248927116394043,0.9752632978973833,-0.0037746480333484002,acinar,0
0.22546285390853882,0.21087348461151123,-0.014589369297027588,1.405164334855653,-0.018487997821040405,alpha,0
0.1928461194038391,0.18680095672607422,-0.006045162677764893,1.0645588863494442,-0.0074338044636982955,acinar,0
0.18966197967529297,0.18570542335510254,-0.00395655632019043,3.237455068573159,-0.0048588759322117266,acinar,0
0.25138843059539795,0.2625780701637268,0.011189639568328857,0.7893121372132893,0.015173998921910618,endothelial,0
0.1458478569984436,0.1410343050956726,-0.004813551902770996,1.8738523118748136,-0.005603893067356008,acinar,0
0.162678062915802,0.16089284420013428,-0.0017852187156677246,0.7662830249140964,-0.0021275217394207454,acinar,0
0.19041776657104492,0.1874610185623169,-0.0029567480087280273,0.7651701538347674,-0.003638899888220061,acinar,0
0.28892844915390015,0.29389041662216187,0.004961967468261719,1.067997914995782,0.007027191791570088,delta,0
0.17612630128860474,0.17064398527145386,-0.005482316017150879,1.2645335634839836,-0.006610328881433721,acinar,0
0.17206716537475586,0.16899406909942627,-0.00307309627532959,0.7913576086292057,-0.0036980437335738733,acinar,0
0.20691436529159546,0.20588034391403198,-0.0010340213775634766,1.3255328816895955,-0.0013020976998100368,acinar,0
0.24860739707946777,0.23119407892227173,-0.017413318157196045,0.9444661691252534,-0.022649823160552262,acinar,0
0.16968834400177002,0.16557741165161133,-0.004110932350158691,1.260945277748925,-0.004926679128252808,acinar,0
0.24257725477218628,0.23689860105514526,-0.005678653717041016,1.4797677619581584,-0.007441545415711368,alpha,0
0.1649848222732544,0.15834802389144897,-0.00663679838180542,0.9300810558718251,-0.007885442641614433,acinar,0
0.2464647889137268,0.24238240718841553,-0.004082381725311279,1.7044907635079756,-0.005388446313873477,alpha,0
0.21623647212982178,0.2037675976753235,-0.012468874454498291,1.473836836488961,-0.01565984305347813,acinar,0
0.17439758777618408,0.16776996850967407,-0.00662761926651001,0.8262721451484554,-0.007963686740121023,acinar,0
0.17710942029953003,0.16940826177597046,-0.00770115852355957,1.0486577446521643,-0.00927189396324382,acinar,0
0.18619251251220703,0.18860411643981934,0.0024116039276123047,0.7270341109822419,0.0029721668256817543,acinar,0
0.23254668712615967,0.23588454723358154,0.003337860107421875,0.8429181432803827,0.004368266726366312,activated_stellate,0
0.18939292430877686,0.18691444396972656,-0.002478480339050293,1.1729989322204917,-0.003048240521146353,acinar,0
0.20784896612167358,0.20647209882736206,-0.0013768672943115234,0.9581042167625733,-0.0017351214648871883,acinar,0
0.35071802139282227,0.352413535118103,0.0016955137252807617,1.539120299073429,0.0026182043900345874,delta,0
0.18512296676635742,0.18110936880111694,-0.0040135979652404785,0.6440433256112938,-0.00490126252801847,acinar,0
0.14856970310211182,0.14840537309646606,-0.00016433000564575195,1.0057637076717465,-0.00019296740544649628,acinar,0
0.19783127307891846,0.19813907146453857,0.0003077983856201172,1.017539320468461,0.00038385507345056426,acinar,0
0.15879273414611816,0.15501761436462402,-0.0037751197814941406,1.6534518661713358,-0.004467690505353525,acinar,0
0.1804700493812561,0.18148571252822876,0.0010156631469726562,1.0329343527524946,0.0012408618426317747,acinar,0
0.17250436544418335,0.1734250783920288,0.000920712947845459,0.7724772996036747,0.001113889284294226,acinar,0
0.1680014729499817,0.16793566942214966,-6.580352783203125e-05,0.94102552752583,-7.908466378595048e-05,acinar,0
0.26716864109039307,0.27560967206954956,0.008441030979156494,1.6482826707367704,0.011652600336716433,beta,0
0.27389436960220337,0.2666829228401184,-0.007211446762084961,1.8710482345654031,-0.00983400903469303,beta,0
0.16390639543533325,0.16316068172454834,-0.0007457137107849121,1.3191135415071114,-0.0008911074019821032,acinar,0
0.2570844292640686,0.24731820821762085,-0.009766221046447754,1.5999771180798417,-0.01297523223369197,alpha,0
0.2575002908706665,0.25188934803009033,-0.005610942840576172,1.0492813161975159,-0.0075001509814110415,alpha,0
0.3072585463523865,0.3082273006439209,0.0009687542915344238,1.4012330535544066,0.0014003939334931354,delta,0
0.14374816417694092,0.14307814836502075,-0.000670015811920166,0.9516099830363655,-0.0007818867153892709,acinar,0
0.3230642080307007,0.3323366045951843,0.009272396564483643,1.8960889659288667,0.013887831245955353,delta,0
0.17465180158615112,0.1763821840286255,0.0017303824424743652,2.185634601622536,0.0021009531471020363,acinar,0
0.181634783744812,0.17862015962600708,-0.0030146241188049316,1.2473701715635264,-0.003670194921550917,acinar,0
0.20862919092178345,0.2043672800064087,-0.004261910915374756,1.7226750346678783,-0.005356631028710188,acinar,0
0.3105185031890869,0.31673872470855713,0.006220221519470215,1.1439783184317167,0.009103723194054865,delta,0
0.25890135765075684,0.2603204846382141,0.0014191269874572754,2.2117562205441064,0.0019185700806695503,alpha,0
0.18212628364562988,0.1804785132408142,-0.0016477704048156738,1.4029969951119723,-0.0020106494233992755,acinar,0
0.18947577476501465,0.19161349534988403,0.0021377205848693848,1.28333930073498,0.0026444288376568435,acinar,0
0.3264704942703247,0.3353578448295593,0.00888735055923462,0.7274556003321989,0.013371632374048783,delta,0
0.2129061222076416,0.2121829390525818,-0.0007231831550598145,1.0380718487054126,-0.0009179582302903216,alpha,0
0.1644057035446167,0.15805137157440186,-0.006354331970214844,0.9118420936801982,-0.007547173017072463,acinar,0
0.17317771911621094,0.17066419124603271,-0.0025135278701782227,1.1375533463255791,-0.0030307721475992502,acinar,0
0.2340676188468933,0.22797000408172607,-0.006097614765167236,1.0328697281632175,-0.007898157840246302,alpha,0
0.18492722511291504,0.1791180968284607,-0.005809128284454346,1.2680791103674973,-0.007076691862751925,acinar,0
0.2143046259880066,0.21277809143066406,-0.0015265345573425293,1.463574660851036,-0.001939141353569274,acinar,0
0.20251083374023438,0.20209532976150513,-0.00041550397872924805,1.4790697449936003,-0.0005207438861149331,acinar,0
0.3336920142173767,0.3298341631889343,-0.003857851028442383,1.030912302895943,-0.0057565617591008224,beta,0
0.17078626155853271,0.1719799041748047,0.0011936426162719727,1.5042320977007075,0.0014415623754667477,acinar,0
0.18695437908172607,0.18378674983978271,-0.0031676292419433594,1.102137331276347,-0.003880884366091306,acinar,0
0.16758978366851807,0.16850244998931885,0.0009126663208007812,0.9235763153935126,0.0010976175705978417,acinar,0
0.24162179231643677,0.2366899847984314,-0.004931807518005371,0.8638215599871527,-0.0064610805829699745,beta,0
0.2310822606086731,0.23665612936019897,0.005573868751525879,1.6082206606512897,0.00730191066688478,alpha,0
0.35062336921691895,0.3310157060623169,-0.01960766315460205,1.1309708113766652,-0.02930960163382929,delta,0
0.2633213996887207,0.2587563991546631,-0.004565000534057617,1.9891854989081181,-0.006158569907182404,alpha,0
0.3867567777633667,0.3981207609176636,0.011363983154296875,1.1211769227802522,0.01888083591589424,delta,0
0.20057594776153564,0.1996673345565796,-0.0009086132049560547,0.7980776734718349,-0.0011352944146702322,acinar,0
0.24959981441497803,0.25213050842285156,0.002530694007873535,1.334914344443119,0.003383871165190424,beta,0
0.2009531855583191,0.19312870502471924,-0.007824480533599854,1.8534863555253935,-0.009697309325943444,ductal,0
0.27117180824279785,0.28525376319885254,0.014081954956054688,0.9414029988152908,0.01970203441584889,beta,0
0.26585447788238525,0.2824103832244873,0.01655590534210205,1.74951444789194,0.023071550862867794,ductal,0
0.3065245747566223,0.3033674955368042,-0.0031570792198181152,0.9808736535657616,-0.004531914889976123,delta,0
0.25709211826324463,0.253686785697937,-0.003405332565307617,1.529049576924877,-0.004562873201290178,beta,0
0.18643510341644287,0.17898231744766235,-0.007452785968780518,1.1822498623085231,-0.009077497509690264,acinar,0
0.2291889786720276,0.22432023286819458,-0.004868745803833008,1.7645648745854885,-0.006276747196637525,alpha,0
0.30356287956237793,0.297821044921875,-0.00574183464050293,3.5803594318349172,-0.008177167086792125,beta,0
0.35671740770339966,0.32978570461273193,-0.026931703090667725,1.4802174181274617,-0.0401837192611743,delta,0
0.23506999015808105,0.2389059066772461,0.003835916519165039,1.4735599554024368,0.005040003007273843,activated_stellate,0
0.26409900188446045,0.2718503475189209,0.007751345634460449,2.2506396256595176,0.0106452644838169,beta,0
0.24959784746170044,0.24840545654296875,-0.0011923909187316895,1.502567795166527,-0.0015864816064884838,alpha,0
0.32323622703552246,0.32632219791412354,0.0030859708786010742,0.7202111368764043,0.00458078159774024,delta,0
0.18612438440322876,0.18409478664398193,-0.002029597759246826,0.649854267648257,-0.0024875411089709714,acinar,0
0.25799715518951416,0.2544907331466675,-0.0035064220428466797,1.5288411096639385,-0.004703391626031276,beta,0
0.23392099142074585,0.23777419328689575,0.0038532018661499023,1.7698797176520584,0.00505519733419393,alpha,0
0.2547687888145447,0.2656480669975281,0.010879278182983398,1.1586175521598236,0.01481480158771064,beta,0
0.19460415840148926,0.19363200664520264,-0.0009721517562866211,0.8542088758971442,-0.0012055931836308386,acinar,0
0.2837437391281128,0.2788817286491394,-0.004862010478973389,1.197343210463568,-0.006742320465497918,beta,0
0.27448320388793945,0.27430814504623413,-0.00017505884170532227,3.1985591376551628,-0.00024123026944607962,alpha,0
0.2939894199371338,0.2951670289039612,0.0011776089668273926,1.1832270452956908,0.001670763166763001,alpha,0
0.2633705735206604,0.25583839416503906,-0.007532179355621338,1.688015636374767,-0.010121698427548027,beta,0
0.19899380207061768,0.19453805685043335,-0.004455745220184326,1.1921906078925655,-0.00553191278381347,acinar,0
0.23655861616134644,0.23339474201202393,-0.0031638741493225098,0.7468474256347136,-0.004127122944116481,alpha,0
0.3275657892227173,0.3163565397262573,-0.011209249496459961,0.9719898002662821,-0.01639633836615885,activated_stellate,0
0.19555050134658813,0.19341307878494263,-0.002137422561645508,1.0666305654502397,-0.0026499593601463996,acinar,0
0.31453990936279297,0.3159363269805908,0.0013964176177978516,1.8173324357636649,0.0020413561966156775,beta,0
0.18237364292144775,0.17426514625549316,-0.00810849666595459,0.6374650140318213,-0.00981973405771178,ductal,0
0.1644025444984436,0.1629929542541504,-0.0014095902442932129,1.3223518954580011,-0.001684084084426242,acinar,0
0.1975395679473877,0.18602490425109863,-0.011514663696289062,0.5788785788106676,-0.014146211298633093,ductal,0
0.2779349088668823,0.2575085759162903,-0.02042633295059204,1.594173303461164,-0.027510530476226945,beta,0
0.3186171054840088,0.32211750745773315,0.0035004019737243652,1.243235610988054,0.005163729720466428,beta,0
0.3205341100692749,0.3452528715133667,0.024718761444091797,1.979451810098444,0.0377531421958675,delta,0
0.27041202783584595,0.27764004468917847,0.0072280168533325195,2.784783455568591,0.010006115095655329,beta,0
0.2649141550064087,0.26474428176879883,-0.00016987323760986328,1.140778291751292,-0.00023103966878153083,beta,0
0.1999439001083374,0.20122569799423218,0.0012817978858947754,1.0845299724946829,0.0016047059634694153,acinar,0
0.24239349365234375,0.24177592992782593,-0.0006175637245178223,1.9852066817084664,-0.00081448710070499,alpha,0
0.18755459785461426,0.18171846866607666,-0.005836129188537598,0.9595109984745955,-0.007132177575881273,acinar,0
0.24412482976913452,0.2383633852005005,-0.005761444568634033,1.5580064495457808,-0.007564558290242823,alpha,0
0.26336026191711426,0.2662544250488281,0.002894163131713867,2.205383394677072,0.003944368771023203,acinar,0
0.2279338240623474,0.23038285970687866,0.00244903564453125,1.3135073213453583,0.0031821480010157965,alpha,0
0.19674116373062134,0.19676834344863892,2.7179718017578125e-05,3.887608480888605,3.383795670388916e-05,acinar,0
0.25098806619644165,0.27329617738723755,0.0223081111907959,1.3120909492624009,0.030697665949506348,beta,0
0.23602616786956787,0.23833084106445312,0.002304673194885254,0.7741145718801862,0.00302581923903299,beta,0
0.27392661571502686,0.2682347297668457,-0.005691885948181152,2.3542166241744265,-0.007778294734276757,alpha,0
0.26827770471572876,0.2540372610092163,-0.014240443706512451,1.1091223190928376,-0.01909002013395255,beta,0
0.17734062671661377,0.16748446226119995,-0.009856164455413818,0.9805808974910682,-0.011839015620278032,acinar,0
0.287301242351532,0.2870900630950928,-0.00021117925643920898,1.2849195461866365,-0.0002962215078050981,beta,0
0.18671363592147827,0.17735302448272705,-0.00936061143875122,1.001330626908527,-0.011378649308064802,acinar,0
0.22913092374801636,0.23104232549667358,0.0019114017486572266,1.5143293818912753,0.002485704755976082,alpha,0
0.2599831223487854,0.2714703679084778,0.011487245559692383,1.625225557506143,0.01576771218860908,beta,0
0.25158023834228516,0.2438420057296753,-0.007738232612609863,1.9221317395053756,-0.010233618729478727,alpha,0
0.17627179622650146,0.17253994941711426,-0.003731846809387207,0.8170797705461089,-0.0045100023943855545,acinar,0
0.3146950602531433,0.31183260679244995,-0.0028624534606933594,1.2362976804833419,-0.004159530789960065,alpha,0
0.2823859453201294,0.2770996689796448,-0.005286276340484619,1.0546940828229445,-0.007312593608890974,alpha,0
0.2922762632369995,0.2903653383255005,-0.0019109249114990234,1.0370089969770615,-0.0026928291622479125,delta,0
0.2794407606124878,0.27987533807754517,0.00043457746505737305,0.967101412390419,0.0006034753259209579,beta,0
0.2134203314781189,0.21059149503707886,-0.002828836441040039,1.012656020075819,-0.003583488679505563,acinar,0
0.25451570749282837,0.25154173374176025,-0.0029739737510681152,0.720723478468408,-0.0039734663709920315,alpha,0
0.3572302460670471,0.35572922229766846,-0.0015010237693786621,1.6235479770738737,-0.0023298026564727587,delta,0
0.3711544871330261,0.36634916067123413,-0.004805326461791992,2.345496518483672,-0.007583555743226559,delta,0
0.3529008626937866,0.3632078766822815,0.010307013988494873,1.7137976537736017,0.016185837749994172,delta,0
0.271831750869751,0.26408010721206665,-0.007751643657684326,0.9615171301034835,-0.010533270990023477,acinar,0
0.19875961542129517,0.20114433765411377,0.0023847222328186035,1.4825512420300588,0.0029851728481409615,acinar,0
0.19984209537506104,0.19612383842468262,-0.003718256950378418,1.0035801160733198,-0.004625410141646605,acinar,0
0.2916293740272522,0.28490149974823,-0.006727874279022217,0.902171088344667,-0.009408318261964588,alpha,0
0.285717248916626,0.2832261323928833,-0.0024911165237426758,1.3949925345685297,-0.0034754566765373826,beta,0
0.22401708364486694,0.21897929906845093,-0.005037784576416016,0.9892533310934369,-0.006450257426477025,acinar,0
0.2443886399269104,0.231462299823761,-0.012926340103149414,0.8535814024461894,-0.016819396238057262,acinar,0
0.34127289056777954,0.35208141803741455,0.01080852746963501,1.2069712805485506,0.016681922344155206,beta,0
0.358129620552063,0.3485095500946045,-0.009620070457458496,0.5384610452164446,-0.014766249388391571,beta,0
0.19114649295806885,0.18846434354782104,-0.0026821494102478027,0.7399889648299808,-0.0033050296544867254,acinar,0
0.309373676776886,0.30354011058807373,-0.005833566188812256,2.278742204644524,-0.008376026067686363,alpha,0
0.1793231964111328,0.1744093894958496,-0.004913806915283203,1.006447097359077,-0.005951868701949707,ductal,0
0.25821876525878906,0.25752925872802734,-0.0006895065307617188,1.7339591736898672,-0.0009286649189441221,alpha,0
0.2891990542411804,0.27441757917404175,-0.014781475067138672,2.0801417428409863,-0.02037187594803131,beta,0
0.19996583461761475,0.19658982753753662,-0.003376007080078125,1.133871432843031,-0.004202096507853039,acinar,0
0.2714294195175171,0.2818531394004822,0.010423719882965088,1.6154466150692204,0.014514746850335374,beta,0
0.2325725555419922,0.23255234956741333,-2.0205974578857422e-05,1.2929801197546942,-2.632879854080983e-05,acinar,0
0.19640028476715088,0.19517111778259277,-0.0012291669845581055,1.4830523219948097,-0.001527240152181905,acinar,0
0.26807546615600586,0.27148622274398804,0.0034107565879821777,1.176186942834571,0.00468180107839413,beta,0
0.2520090937614441,0.2507530450820923,-0.0012560486793518066,1.3044064203612464,-0.0016764147936903224,acinar,0
0.20689457654953003,0.20586919784545898,-0.001025378704071045,0.6327589685770443,-0.0012911962378100808,acinar,0
0.348808228969574,0.3419860005378723,-0.00682222843170166,1.916133772588406,-0.010367907730349613,delta,0
0.34658920764923096,0.3318222165107727,-0.014766991138458252,1.289767140257978,-0.02210039229581229,delta,0
0.3000704050064087,0.3032827377319336,0.0032123327255249023,1.4692230651141673,0.004610669061173536,beta,0
0.24362576007843018,0.253498911857605,0.009873151779174805,0.9819807404756268,0.013225904068999162,beta,0
0.20666879415512085,0.20303064584732056,-0.003638148307800293,1.3619407407198258,-0.004564978927788627,acinar,0
0.2927265167236328,0.27974289655685425,-0.012983620166778564,1.9501934221407264,-0.018026368785134014,alpha,0
0.2877470850944519,0.2912071943283081,0.003460109233856201,2.116401149953829,0.004881693502203662,alpha,0
0.3586994409561157,0.35006654262542725,-0.008632898330688477,1.8154918669899556,-0.013282741844928786,alpha,0
0.17396092414855957,0.17687547206878662,0.0029145479202270508,0.7913517154507781,0.003540834735604687,acinar,0
0.2598356604576111,0.27857255935668945,0.01873689889907837,1.3534183214126447,0.025971979777162788,ductal,0
0.33126676082611084,0.3260883092880249,-0.0051784515380859375,1.2940129885624572,-0.007684169319892641,beta,0
0.2763570547103882,0.2749372720718384,-0.0014197826385498047,1.0778615434441492,-0.0019581514589872492,alpha,0
0.19528275728225708,0.19425559043884277,-0.0010271668434143066,1.7141676161758985,-0.0012748048031431525,ductal,0
0.2945164442062378,0.269347608089447,-0.02516883611679077,1.4954604796662372,-0.03444707277420637,alpha,0
0.21748316287994385,0.22109878063201904,0.0036156177520751953,1.404648225935364,0.004641946452476983,acinar,0
0.23960208892822266,0.2525915503501892,0.012989461421966553,0.9141698934210536,0.017379334456350617,activated_stellate,0
0.27260076999664307,0.2805374264717102,0.007936656475067139,1.9851234458615066,0.011031368089302095,alpha,0
0.2896149158477783,0.28758716583251953,-0.002027750015258789,1.410409980824626,-0.0028463131459842386,beta,0
0.285555899143219,0.27552980184555054,-0.010026097297668457,1.209643888368759,-0.013839212880266743,beta,0
0.3277897238731384,0.331739604473114,0.003949880599975586,2.2320941257052818,0.0059106908420950574,beta,0
0.2897835969924927,0.27464425563812256,-0.015139341354370117,0.6832537748930462,-0.020871608823734844,alpha,0
0.2711731791496277,0.2663923501968384,-0.004780828952789307,1.2435597300973398,-0.0065168744547198735,alpha,0
0.18016046285629272,0.18200582265853882,0.0018453598022460938,1.4759126378531746,0.0022559571368144004,acinar,0
0.2961210608482361,0.29534488916397095,-0.0007761716842651367,2.3752623906122246,-0.0011014915982717527,alpha,0
0.2995039224624634,0.2868746519088745,-0.012629270553588867,1.3725027100281122,-0.01770974848586515,alpha,0
0.2760176658630371,0.2784144878387451,0.002396821975708008,0.8768305120400052,0.0033216049038029783,beta,0
0.31050407886505127,0.2960864305496216,-0.014417648315429688,1.102059837175064,-0.02048212868901946,beta,0
0.24578893184661865,0.2351323962211609,-0.010656535625457764,1.2475504950666751,-0.013932523188077257,alpha,0
0.1743236780166626,0.17482781410217285,0.0005041360855102539,0.7831734418353803,0.0006109465322825073,acinar,0
0.2747296690940857,0.2697892189025879,-0.004940450191497803,1.0226360936124743,-0.006765786426862866,beta,0
0.20901697874069214,0.20562005043029785,-0.003396928310394287,1.5721183758042494,-0.004276200969365261,acinar,0
0.3004181385040283,0.29526853561401367,-0.0051496028900146484,1.1338153854514823,-0.0073071845805854005,ductal,0
0.28797417879104614,0.29255491495132446,0.00458073616027832,1.5872914093273074,0.0064750413241801575,beta,0
0.2426096796989441,0.24590402841567993,0.00329434871673584,0.9181070674342849,0.004368606703752267,beta,0
0.30967456102371216,0.30994105339050293,0.0002664923667907715,1.0904345943904825,0.00038618782946028374,alpha,0
0.2691549062728882,0.2672998309135437,-0.0018550753593444824,2.9497475849379033,-0.0025318342176137666,alpha,0
0.28030622005462646,0.27788591384887695,-0.0024203062057495117,2.723699665508909,-0.0033516950467616185,alpha,0
0.1765231490135193,0.18093454837799072,0.0044113993644714355,1.4593741588785532,0.005385893588522707,acinar,0
0.2625274062156677,0.2581965923309326,-0.004330813884735107,1.3855797467982052,-0.005838223227288227,alpha,0
0.23965632915496826,0.23348891735076904,-0.006167411804199219,0.6824901799442155,-0.008046083016677707,acinar,0
0.3138916492462158,0.3033703565597534,-0.010521292686462402,1.3693174205566137,-0.015103136631544832,alpha,0
0.2902999520301819,0.2774195671081543,-0.012880384922027588,0.8567531420155048,-0.01782553794112426,beta,0
0.272582471370697,0.2636323571205139,-0.008950114250183105,0.9895245112867347,-0.012154410010717813,alpha,0
0.28995001316070557,0.28909480571746826,-0.0008552074432373047,2.374454445953984,-0.001202983815725819,beta,0
0.2950274348258972,0.2963200807571411,0.0012926459312438965,1.4898734533353892,0.0018369799903267803,beta,0
0.3268035650253296,0.3236198425292969,-0.003183722496032715,2.1088874431414246,-0.00470700161864316,delta,0
0.23072665929794312,0.23294436931610107,0.002217710018157959,2.092709226194353,0.002891198407839952,activated_stellate,0
0.2707570791244507,0.2665262222290039,-0.004230856895446777,1.2301371453023213,-0.00576824560559509,alpha,0
0.17301017045974731,0.16697585582733154,-0.0060343146324157715,0.8507249561525558,-0.007243865228430863,acinar,0
0.22769200801849365,0.22659480571746826,-0.0010972023010253906,1.9200013745401197,-0.0014186642514642498,ductal,0
0.2697944641113281,0.269008994102478,-0.0007854700088500977,1.846041432135844,-0.0010745275968008464,alpha,0
0.27363812923431396,0.26882266998291016,-0.004815459251403809,1.0387294574669372,-0.006585897912468453,alpha,0
0.212988018989563,0.2032097578048706,-0.009778261184692383,0.7327592801614616,-0.012272064424074287,acinar,0
0.2574809193611145,0.26075297594070435,0.0032720565795898438,1.7530761584245447,0.004426201896116648,beta,0
0.2028469443321228,0.20412075519561768,0.001273810863494873,1.7470070240675417,0.0016005077049194324,acinar,0
0.3452628254890442,0.34825021028518677,0.002987384796142578,0.8469229426663167,0.004583637529748603,delta,0
0.3408847451210022,0.3482730984687805,0.00738835334777832,1.4196940624391992,0.011336578757788776,delta,0
0.2832806706428528,0.2699119448661804,-0.013368725776672363,1.274533395314661,-0.018311114231586732,alpha,0
0.3369290828704834,0.3394218683242798,0.0024927854537963867,1.7271146512446587,0.0037736421087280294,delta,0
0.3126654028892517,0.3049468994140625,-0.007718503475189209,0.8570371843989084,-0.011104911939364668,beta,0
0.20335936546325684,0.20018810033798218,-0.003171265125274658,1.5470187739646817,-0.003965013682110459,activated_stellate,0
0.23467528820037842,0.2323499321937561,-0.0023253560066223145,1.6304350971108825,-0.0030291875219494386,alpha,0
0.2534627914428711,0.24610668420791626,-0.007356107234954834,0.637992076491024,-0.009757490988265474,beta,0
0.2085425853729248,0.20008069276809692,-0.00846189260482788,1.5230593565862403,-0.010578432759811747,acinar,0
0.2812831401824951,0.2769641876220703,-0.004318952560424805,0.9392631205961114,-0.005973359115118484,alpha,0
0.2659745216369629,0.2571858763694763,-0.008788645267486572,1.18745202220455,-0.011831553800474116,alpha,0
0.20246672630310059,0.197063148021698,-0.005403578281402588,0.8685074882416712,-0.0067297674382351185,acinar,0
0.2973448634147644,0.30512291193008423,0.007778048515319824,1.485218844056733,0.01119341628736682,beta,0
0.20261090993881226,0.20066940784454346,-0.0019415020942687988,0.7349821869708948,-0.00242891003212249,ductal,0
0.2434138059616089,0.243816077709198,0.00040227174758911133,0.6340009680534249,0.0005319760652546797,alpha,0
0.26004427671432495,0.24822449684143066,-0.011819779872894287,1.791318654208515,-0.01572248606563226,alpha,0
0.31548917293548584,0.3175203800201416,0.0020312070846557617,1.741048960008524,0.002976216468875228,beta,0
0.19615429639816284,0.1987413763999939,0.0025870800018310547,0.9909332037639781,0.0032287702442533,ductal,0
0.25993669033050537,0.25408512353897095,-0.005851566791534424,1.056545387164527,-0.007844818458772412,alpha,0
0.3669089078903198,0.3700828552246094,0.0031739473342895508,0.9734025651328025,0.005038674309176462,quiescent_stellate,0
0.26185113191604614,0.26262831687927246,0.0007771849632263184,1.9310027980860933,0.0010539935028927227,alpha,0
0.2055237889289856,0.1998910903930664,-0.0056326985359191895,0.8096952686953315,-0.007039914776959981,ductal,0
0.2891669273376465,0.284207284450531,-0.0049596428871154785,1.184364289704528,-0.006928881475565553,alpha,0
0.3194325566291809,0.32172679901123047,0.0022942423820495605,1.025926435045262,0.0033824753487312663,beta,0
0.26049065589904785,0.26098328828811646,0.0004926323890686035,1.7585313920481367,0.0006666052083280404,alpha,0
0.24664509296417236,0.2511727809906006,0.004527688026428223,1.3349706035199698,0.006046372128964225,alpha,0
0.2682633399963379,0.2619858384132385,-0.006277501583099365,1.8310116037939073,-0.008505936484474055,alpha,0
0.3704458475112915,0.36680346727371216,-0.0036423802375793457,0.8889041359756956,-0.005752369208177328,delta,0
0.28253769874572754,0.28251272439956665,-2.4974346160888672e-05,1.1172266358298868,-3.480806839394991e-05,alpha,0
0.23575091361999512,0.22383904457092285,-0.011911869049072266,1.4869478143800312,-0.01534716345334216,acinar,0
0.34599751234054565,0.3456798791885376,-0.00031763315200805664,1.7611892581610502,-0.0004854399886314673,delta,0
0.2222285270690918,0.212211012840271,-0.0100175142288208,0.6596412273641362,-0.012715986631061762,acinar,0
0.2794557213783264,0.2720964550971985,-0.00735926628112793,1.2920719665948517,-0.010110221790595385,alpha,0
0.2997027039527893,0.30053234100341797,0.0008296370506286621,2.150232156434225,0.0011860977987442822,beta,0
0.20309925079345703,0.20170336961746216,-0.001395881175994873,1.2245860934527855,-0.0017485745559592018,ductal,0
0.18474358320236206,0.18816876411437988,0.0034251809120178223,1.29246854735716,0.004219079976987237,ductal,0
0.18202441930770874,0.17518877983093262,-0.006835639476776123,1.5396119937676547,-0.008287519991998865,acinar,0
0.2096313238143921,0.20332461595535278,-0.006306707859039307,1.1415685381964475,-0.007916283075072226,ductal,0
0.18564707040786743,0.19137096405029297,0.005723893642425537,0.9948589454628656,0.00707851609075974,ductal,0
0.33304035663604736,0.3389187455177307,0.00587838888168335,1.2471895608087173,0.008892082239250686,delta,0
0.2653580904006958,0.27121061086654663,0.00585252046585083,2.0242505813746647,0.008030468820093012,alpha,0
0.27307456731796265,0.26431941986083984,-0.008755147457122803,1.8582224889405718,-0.011900745640814241,beta,0
0.31220513582229614,0.3081367611885071,-0.0040683746337890625,1.2521563138882599,-0.0058803162324072315,beta,0
0.3700583577156067,0.36292850971221924,-0.007129848003387451,1.1971751138492361,-0.011191597979320539,delta,0
0.24343693256378174,0.24470019340515137,0.001263260841369629,1.2345808760410937,0.0016725290147561979,alpha,0
0.29974812269210815,0.2775210738182068,-0.022227048873901367,1.165552704398996,-0.030764978836640148,beta,0
0.288288414478302,0.29798269271850586,0.009694278240203857,1.0091797668846294,0.013809172707926781,beta,0
0.32028305530548096,0.3171461820602417,-0.003136873245239258,3.353839370217984,-0.0045937697979100914,alpha,0
0.2443450689315796,0.24035543203353882,-0.0039896368980407715,1.4029148656325425,-0.005251978446605461,alpha,0
0.3201894164085388,0.29877495765686035,-0.021414458751678467,0.7731115033780616,-0.030538639464617764,endothelial,0
0.25804996490478516,0.260311484336853,0.002261519432067871,1.3154067348124014,0.0030573942736428312,alpha,0
0.3023653030395508,0.30066508054733276,-0.0017002224922180176,1.5375634828964422,-0.0024311991935833726,beta,0
0.30993640422821045,0.29957807064056396,-0.010358333587646484,1.3432438185956697,-0.014788705426627056,beta,0
0.3001563549041748,0.29512614011764526,-0.005030214786529541,1.7943005122706277,-0.007136333282906954,alpha,0
0.26144707202911377,0.2623366713523865,0.0008895993232727051,1.8331581875200027,0.0012059692934765262,alpha,0
0.21137475967407227,0.19876998662948608,-0.012604773044586182,0.9828436664010255,-0.015731778433463822,acinar,0
0.30494171380996704,0.29863476753234863,-0.006306946277618408,2.4758147680928886,-0.008992385116422632,beta,0
0.25581181049346924,0.25019538402557373,-0.005616426467895508,1.2621023422768276,-0.007490519994460888,alpha,0
0.31810420751571655,0.32975882291793823,0.01165461540222168,2.0950623627350056,0.017388689028270093,beta,0
0.228939950466156,0.21834826469421387,-0.010591685771942139,0.7439596756742484,-0.013550389890452449,acinar,0
0.21610373258590698,0.21009796857833862,-0.006005764007568359,0.8832909059481101,-0.00760317579733175,acinar,0
0.23550742864608765,0.23329806327819824,-0.0022093653678894043,1.5618708160288615,-0.0028816483460782933,alpha,0
0.2774301767349243,0.26861733198165894,-0.00881284475326538,1.2359509331800638,-0.012049567399708163,beta,0
0.2722724676132202,0.2704429030418396,-0.0018295645713806152,1.337463016623766,-0.0025077743455705695,alpha,0
0.28007376194000244,0.2738068103790283,-0.006266951560974121,1.3894244066129096,-0.008629868264456027,alpha,0
0.27443307638168335,0.27520596981048584,0.0007728934288024902,1.9604582672169204,0.0010663628515267978,alpha,0
0.2737780213356018,0.2659182548522949,-0.007859766483306885,1.4138038856419677,-0.010706936298661691,alpha,0
0.24484920501708984,0.23748743534088135,-0.007361769676208496,0.7310063838264641,-0.009654620812051243,ductal,0
0.32883429527282715,0.32784849405288696,-0.0009858012199401855,2.3751121827937896,-0.0014666354403998782,delta,0
0.30680423974990845,0.29556286334991455,-0.011241376399993896,2.1466806721440177,-0.015957955387547684,alpha,0
0.20937353372573853,0.20956170558929443,0.0001881718635559082,1.5368538126374596,0.00023806015584833948,ductal,0
0.20539909601211548,0.20080190896987915,-0.004597187042236328,0.887679916490996,-0.0057522497786635296,ductal,0
0.3404395580291748,0.3337509036064148,-0.00668865442276001,1.6251600099784582,-0.010039269785078556,beta,0
0.2880481481552124,0.2780688405036926,-0.009979307651519775,0.9795145142389757,-0.013823073738058841,beta,0
0.3499640226364136,0.3433436155319214,-0.0066204071044921875,0.9614573828287017,-0.010081996095804378,delta,0
0.2106720209121704,0.20384788513183594,-0.006824135780334473,0.9857304955700534,-0.008571396913847916,activated_stellate,0
0.31628602743148804,0.3215257525444031,0.005239725112915039,1.992485758380839,0.007722806182496935,beta,0
0.29541289806365967,0.3075028657913208,0.012089967727661133,1.4313207592869939,0.017458509400874872,beta,0
0.19127553701400757,0.18830913305282593,-0.0029664039611816406,0.7423409734704465,-0.0036545981752123106,acinar,0
0.30559778213500977,0.301449179649353,-0.004148602485656738,1.1117552302677347,-0.0059388699644992065,alpha,0
0.28516632318496704,0.28051936626434326,-0.004646956920623779,0.9241770702013712,-0.0064587658134674835,alpha,0
0.281599760055542,0.27849310636520386,-0.0031066536903381348,3.563647168190437,-0.004305785180634219,alpha,0
0.2523561716079712,0.24433743953704834,-0.008018732070922852,1.2040065527891537,-0.010611524892817541,acinar,0
0.2629249095916748,0.2571123242378235,-0.005812585353851318,1.6706135642507598,-0.007824312535388086,alpha,0
0.31118714809417725,0.30377548933029175,-0.007411658763885498,1.03023171627943,-0.010645501056485526,beta,0
0.2708517909049988,0.2826516628265381,0.011799871921539307,2.54331759329121,0.016449291522768222,alpha,0
0.2832692265510559,0.2884783148765564,0.005209088325500488,1.5790902668297693,0.007321053503234762,beta,0
0.2875101566314697,0.28294289112091064,-0.004567265510559082,1.1031391210339634,-0.006369458518720602,alpha,0
0.4182443618774414,0.4038713574409485,-0.01437300443649292,1.3451044006478166,-0.024110575151686582,delta,0
0.22017598152160645,0.2172023057937622,-0.0029736757278442383,1.3114813390218951,-0.0037987793651584087,acinar,0
0.29019761085510254,0.2853027582168579,-0.004894852638244629,1.3975800656895636,-0.006848847808663932,activated_stellate,0
0.2193922996520996,0.22048598527908325,0.0010936856269836426,1.17875763816186,0.0014030352326317138,acinar,0
0.2734867334365845,0.26649725437164307,-0.006989479064941406,1.1983096348100029,-0.009528906478671531,alpha,0
0.2930312752723694,0.29174184799194336,-0.0012894272804260254,1.0493481122810375,-0.0018205611566492182,beta,0
0.23680466413497925,0.24815577268600464,0.01135110855102539,1.1187229080220744,0.01509768664657817,activated_stellate,0
0.30073225498199463,0.3110308051109314,0.010298550128936768,2.3041647843284143,0.014947765742407313,alpha,0
0.278694212436676,0.26781654357910156,-0.010877668857574463,1.1163386029241456,-0.014856479973949854,alpha,0
0.2656412720680237,0.2520885467529297,-0.013552725315093994,0.9522548687453235,-0.01812076183116946,alpha,0
0.28605490922927856,0.28556251525878906,-0.000492393970489502,1.0439960135560027,-0.0006892051173208818,alpha,0
0.2730957865715027,0.27302348613739014,-7.230043411254883e-05,2.3935816819640205,-9.94536037050198e-05,alpha,0
0.22340452671051025,0.2223811149597168,-0.001023411750793457,0.6013059261896189,-0.0013160839718295177,acinar,0
0.2642163038253784,0.2601296901702881,-0.004086613655090332,1.8279561279990437,-0.0055234189030114,alpha,0
0.24882394075393677,0.24164694547653198,-0.007176995277404785,0.8714248202279793,-0.009463923478114884,acinar,0
0.2598103880882263,0.265414297580719,0.005603909492492676,2.8879595369537974,0.0076286667083728795,alpha,0
0.30201029777526855,0.29830873012542725,-0.0037015676498413086,1.729850352781744,-0.005275208355525021,alpha,0
0.2485010027885437,0.24383336305618286,-0.00466763973236084,0.8807479676694767,-0.006172766033722331,ductal,0
0.29761046171188354,0.3004528880119324,0.002842426300048828,2.750073307074801,0.004063237845369465,beta,0
0.3126576542854309,0.298947274684906,-0.013710379600524902,0.836907035474781,-0.0195568451636254,alpha,0
0.313881516456604,0.3177865743637085,0.003905057907104492,1.0714455431193326,0.005724100054850571,delta,0
0.3038150668144226,0.3074151873588562,0.0036001205444335938,1.6066754676941575,0.005198093401304429,beta,0
0.21205800771713257,0.214805006980896,0.0027469992637634277,1.2281617627585477,0.0034984930981298203,activated_stellate,0
0.21585357189178467,0.2075929045677185,-0.008260667324066162,1.2854604607837943,-0.010424777076938873,ductal,0
0.2772064208984375,0.2906838655471802,0.013477444648742676,0.794838258698494,0.019000617628893268,beta,0
0.2876221537590027,0.28686249256134033,-0.0007596611976623535,2.137096843094536,-0.0010652380357762847,alpha,0
0.21222472190856934,0.21104717254638672,-0.0011775493621826172,1.995263242261995,-0.0014925472362944938,acinar,0
0.27963656187057495,0.27638572454452515,-0.0032508373260498047,2.7540376088011147,-0.004492500267498985,alpha,0
0.262443482875824,0.25088971853256226,-0.011553764343261719,1.1216197424115097,-0.015423315670730034,alpha,0
0.2799028754234314,0.2704118490219116,-0.009491026401519775,0.6740763215168262,-0.013008745261002489,alpha,0
0.21764206886291504,0.21231180429458618,-0.005330264568328857,0.8101217789268547,-0.006766972765861168,acinar,0
0.3629298210144043,0.35631418228149414,-0.006615638732910156,1.894333848794648,-0.010277745059474468,alpha,0
0.19962000846862793,0.19880372285842896,-0.0008162856101989746,1.6366193614447455,-0.0010188335037092755,acinar,0
0.27124297618865967,0.2755434513092041,0.004300475120544434,1.4314169537665828,0.0059361394804368205,activated_stellate,0
0.27889078855514526,0.2780279517173767,-0.0008628368377685547,1.428623376900722,-0.0011951111401348718,alpha,0
0.27624940872192383,0.2709771394729614,-0.005272269248962402,1.8711650411394256,-0.007231966971722775,beta,0
0.32707762718200684,0.3189185857772827,-0.008159041404724121,0.9170795058245308,-0.011979539060004464,beta,0
0.2916415333747864,0.2825208306312561,-0.009120702743530273,2.5418994403130597,-0.012712149889389675,beta,0
0.31492340564727783,0.29675018787384033,-0.0181732177734375,1.035524410949279,-0.025841766979636693,activated_stellate,0
0.21539223194122314,0.20433759689331055,-0.011054635047912598,0.7350766407223767,-0.013893624990636002,acinar,0
0.2955417037010193,0.2904849052429199,-0.005056798458099365,1.8446490534166045,-0.007127118923143819,alpha,0
0.2671222686767578,0.2620916962623596,-0.005030572414398193,1.1180884959719863,-0.00681734083885142,ductal,0
0.28877025842666626,0.2753583788871765,-0.013411879539489746,1.2751198008735511,-0.01850829313239458,alpha,0
0.2836516499519348,0.2860140800476074,0.0023624300956726074,1.1337637142802564,0.003308790873397238,beta,0
0.2837456464767456,0.29165297746658325,0.007907330989837646,1.1101435112072477,0.011163075072380377,beta,0
0.28713786602020264,0.29783278703689575,0.010694921016693115,1.897149364535584,0.015231302201595513,beta,0
0.2980196475982666,0.29578912258148193,-0.002230525016784668,0.7799382806319943,-0.0031674106270003686,alpha,0
0.33017122745513916,0.3389816880226135,0.008810460567474365,1.0982117667635527,0.01332861799413474,delta,0
0.3370484709739685,0.32227903604507446,-0.014769434928894043,0.6783938514347914,-0.02179279631945448,alpha,0
0.2816208600997925,0.27522963285446167,-0.0063912272453308105,1.646520481054367,-0.008818278912950388,beta,0
0.300142765045166,0.2939174771308899,-0.006225287914276123,1.4264519579471568,-0.008816657703097029,beta,0
0.40962284803390503,0.40251249074935913,-0.0071103572845458984,1.1717809803257313,-0.011900428334415883,alpha,0
0.2921321392059326,0.2996412515640259,0.007509112358093262,1.5294366209962407,0.010721808465821906,beta,0
0.34203267097473145,0.33860552310943604,-0.00342714786529541,1.2196193890697422,-0.005181700157835571,beta,0
0.32688969373703003,0.31806206703186035,-0.008827626705169678,1.3125606949772055,-0.012944912254326974,alpha,0
0.31418001651763916,0.32273662090301514,0.008556604385375977,1.480303098727721,0.01263408689952312,beta,0
0.3245199918746948,0.3128451108932495,-0.011674880981445312,1.0161838581641338,-0.016990173782539447,alpha,0
0.3043597340583801,0.29966771602630615,-0.004692018032073975,0.765048075449736,-0.006699702611810793,alpha,0
0.28277552127838135,0.2687276601791382,-0.014047861099243164,1.1981337494348054,-0.01921016334719352,alpha,0
0.2588285803794861,0.24792516231536865,-0.010903418064117432,1.34216086034584,-0.014497783355822866,alpha,0
0.20278030633926392,0.2034996747970581,0.0007193684577941895,0.8604454783356205,0.0009031615368278728,acinar,0
0.26054948568344116,0.25926685333251953,-0.0012826323509216309,0.8726519435328219,-0.0017315714258125568,alpha,0
0.2909080386161804,0.2998296022415161,0.008921563625335693,1.6849146487281081,0.012741989169917877,beta,0
0.2262202501296997,0.218885600566864,-0.007334649562835693,0.8155206810709692,-0.009389981247508093,acinar,0
0.3350093960762024,0.3276197910308838,-0.0073896050453186035,0.8930733051227255,-0.010990217955177831,beta,0
0.2891402244567871,0.2841087579727173,-0.005031466484069824,3.0576205659517925,-0.00702825539508147,beta,0
0.3202210068702698,0.3240314722061157,0.0038104653358459473,1.3953350342649091,0.005637045482401262,alpha,0
0.3561592102050781,0.3508700132369995,-0.005289196968078613,1.2192125857946787,-0.008148132232273097,delta,0
0.3102409839630127,0.3038814067840576,-0.006359577178955078,1.3896205994016257,-0.009135766866353876,alpha,0
0.3032999038696289,0.29381895065307617,-0.009480953216552734,1.4041436806612673,-0.013425669274643831,alpha,0
0.24676072597503662,0.24561172723770142,-0.001148998737335205,1.7215767736790994,-0.001523086689998487,alpha,0
0.3024308681488037,0.3001411557197571,-0.002289712429046631,1.5025329485610086,-0.0032716774929113655,delta,0
0.33770179748535156,0.34021902084350586,0.002517223358154297,1.8793744732769155,0.003815240871860954,beta,0
0.3226451277732849,0.3139270544052124,-0.00871807336807251,2.5515472803307686,-0.012707210543791985,ductal,0
0.20630180835723877,0.2074054479598999,0.0011036396026611328,0.9799998930207976,0.0013924390469508246,ductal,0
0.3045550584793091,0.30502384901046753,0.00046879053115844727,1.7415107606925426,0.0006745418968564118,beta,0
0.1972123384475708,0.19145280122756958,-0.005759537220001221,0.7186403561060928,-0.007123316027494235,ductal,0
0.22273653745651245,0.22112822532653809,-0.0016083121299743652,0.6424725396634454,-0.0020649254245329947,endothelial,0
0.22914433479309082,0.21978193521499634,-0.009362399578094482,0.9974601018342502,-0.011999721617153762,ductal,0
0.3447732925415039,0.3328651189804077,-0.011908173561096191,1.3394643536506126,-0.01784972409611794,alpha,0
0.19299989938735962,0.18886244297027588,-0.00413745641708374,1.0828743718486986,-0.0051008073553326086,acinar,0
0.19047832489013672,0.19278371334075928,0.0023053884506225586,1.1157345995266486,0.002855973657523288,acinar,0
0.29487407207489014,0.30057185888290405,0.005697786808013916,3.932277028710707,0.008146350529896696,alpha,0
0.27719026803970337,0.26604390144348145,-0.011146366596221924,0.7571931288694657,-0.015186693888290642,alpha,0
0.28397220373153687,0.2922043800354004,0.008232176303863525,1.0256240544206492,0.01163072512977017,beta,0
0.2822851538658142,0.27396833896636963,-0.00831681489944458,1.4252390070720242,-0.01145516834293999,alpha,0
0.3068453073501587,0.3000327944755554,-0.0068125128746032715,2.4135473633474063,-0.00973261721525804,alpha,0
0.32501107454299927,0.31334930658340454,-0.011661767959594727,1.63871437866074,-0.016983552294353332,beta,0
0.2183598279953003,0.21678096055984497,-0.0015788674354553223,1.4319677129495307,-0.0020158695791970237,acinar,0
0.29233914613723755,0.2833719253540039,-0.008967220783233643,1.8387811343081812,-0.012513074913599109,alpha,0
0.2860739827156067,0.2957797646522522,0.009705781936645508,2.6578800721057516,0.013782310489633602,beta,0
0.32311755418777466,0.30979102849960327,-0.013326525688171387,0.7777993747556172,-0.019307957790235312,alpha,0
0.2658426761627197,0.2695568799972534,0.0037142038345336914,1.51246899823364,0.0050848638762176655,alpha,0
0.2841196656227112,0.29401761293411255,0.009897947311401367,2.4314636478412686,0.01402010516514149,alpha,0
0.23409360647201538,0.2305086851119995,-0.003584921360015869,0.7583703739197284,-0.004658819782179939,activated_stellate,0
0.28009486198425293,0.26955854892730713,-0.0105363130569458,1.0866732762422893,-0.01442458261572184,alpha,0
0.33296269178390503,0.3329213261604309,-4.1365623474121094e-05,1.246788169901966,-6.201011229459486e-05,alpha,0
0.37183934450149536,0.37680310010910034,0.0049637556076049805,0.9852113625498494,0.007964987644312678,gamma,0
0.3032757639884949,0.31336653232574463,0.010090768337249756,0.9925819367679342,0.01469600421812952,beta,0
0.20365405082702637,0.20212292671203613,-0.0015311241149902344,0.6400313955767222,-0.001918997507574243,ductal,0
0.30253666639328003,0.2919224500656128,-0.010614216327667236,1.7920303299797906,-0.014990189038828846,beta,0
0.2705024480819702,0.29225432872772217,0.021751880645751953,0.6311736301469717,0.030734035584632714,beta,0
0.2937103509902954,0.28476065397262573,-0.008949697017669678,2.3133348043050437,-0.012512870086606152,alpha,0
0.2174263596534729,0.20987200736999512,-0.007554352283477783,0.8709272232277746,-0.009560922222654726,ductal,0
0.3236353397369385,0.32724863290786743,0.003613293170928955,1.3824259573376423,0.0053709191057416585,beta,0
0.3457176685333252,0.34216850996017456,-0.0035491585731506348,1.6216591807843461,-0.0053952397033102915,alpha,0
0.3079831600189209,0.2991982698440552,-0.008784890174865723,0.8568135171396676,-0.012535485854053013,alpha,0
0.2894299626350403,0.28780442476272583,-0.0016255378723144531,2.4666833336474587,-0.002282431861182079,alpha,0
0.3187563419342041,0.3116891384124756,-0.007067203521728516,1.4121230375654195,-0.01026745895804793,alpha,0
0.2963405251502991,0.2877241373062134,-0.008616387844085693,1.5759438155195657,-0.012096981373900565,alpha,0
0.27304112911224365,0.2654225826263428,-0.007618546485900879,0.8922213253621337,-0.01037133228671738,ductal,0
0.2014104723930359,0.20717114210128784,0.005760669708251953,1.8574421509532308,0.007265968753357244,activated_stellate,0
0.3321691155433655,0.3281853199005127,-0.003983795642852783,1.471537283890893,-0.005929902636636093,alpha,0
0.30132603645324707,0.2987472414970398,-0.0025787949562072754,0.9348946503815593,-0.0036774114966941543,alpha,0
0.354703426361084,0.35680854320526123,0.002105116844177246,1.1155828860894867,0.003272924137810883,delta,0
0.31051623821258545,0.301868736743927,-0.008647501468658447,1.4534932239006622,-0.012386641200290385,beta,0
0.30776387453079224,0.3098536729812622,0.0020897984504699707,1.2543477251323727,0.0030280512532717308,alpha,0
0.22500956058502197,0.2095082402229309,-0.015501320362091064,0.9794560217009989,-0.019609717837492293,acinar,0
0.25501495599746704,0.25462180376052856,-0.00039315223693847656,1.43437747744666,-0.0005274533638386258,alpha,0
0.3178631663322449,0.30913716554641724,-0.008726000785827637,1.6234818063942045,-0.012630583598738823,alpha,0
0.2931787967681885,0.2860274314880371,-0.007151365280151367,1.2281702128018985,-0.010016302580162144,beta,0
0.22458821535110474,0.21546787023544312,-0.009120345115661621,1.1103188529997141,-0.011625202805140301,ductal,0
0.3163052797317505,0.31129884719848633,-0.00500643253326416,1.1572378045460041,-0.0072693831176249436,alpha,0
0.3651745319366455,0.3685773015022278,0.0034027695655822754,0.8152793526213407,0.005389051698137965,delta,0
0.21860867738723755,0.2139391303062439,-0.004669547080993652,0.904737909726611,-0.005940439552490223,acinar,0
0.1831958293914795,0.1788545846939087,-0.004341244697570801,0.614388410024899,-0.005286815972725796,acinar,0
0.26222169399261475,0.26902884244918823,0.006807148456573486,1.9355833198673889,0.009312472026094002,beta,0
0.28828859329223633,0.2783365845680237,-0.009952008724212646,1.3595593695176629,-0.013790374447976598,alpha,0
0.3467123508453369,0.3461298942565918,-0.0005824565887451172,0.9406473110675676,-0.0008907833278031599,alpha,0
0.21142923831939697,0.20510196685791016,-0.006327271461486816,1.2374379355030263,-0.007959852959349067,ductal,0
0.3187294006347656,0.23987603187561035,-0.07885336875915527,0.06758523613223134,-0.1037375113347977,macrophage,0
0.33602607250213623,0.3273364305496216,-0.008689641952514648,1.5521093231005163,-0.01291825861717887,alpha,0
0.36701273918151855,0.37632715702056885,0.009314417839050293,1.825297143473292,0.01493478182335652,delta,0
0.303461492061615,0.29686808586120605,-0.0065934062004089355,0.9995606848015016,-0.009377196608241904,beta,0
0.32531386613845825,0.31345152854919434,-0.011862337589263916,1.4037490811652322,-0.017278222998875187,alpha,0
0.29004067182540894,0.2909746766090393,0.0009340047836303711,1.280446300946958,0.0013173080746445433,beta,0
0.2159906029701233,0.21686100959777832,0.0008704066276550293,0.9484699885192248,0.0011114331406331677,ductal,0
0.21306371688842773,0.2097872495651245,-0.0032764673233032227,1.5165778414471962,-0.004146310372111933,ductal,0
0.29043394327163696,0.2790514826774597,-0.011382460594177246,1.118055270957817,-0.015788173941253734,alpha,0
0.2976844906806946,0.299912691116333,0.0022282004356384277,1.5825894161109844,0.003182746505134385,alpha,0
0.2510683536529541,0.2670134902000427,0.015945136547088623,1.45002290516306,0.02175365621863939,activated_stellate,0
0.2335643768310547,0.22365134954452515,-0.009913027286529541,1.0494074104976585,-0.01276878278942545,ductal,0
0.27065765857696533,0.2585601210594177,-0.012097537517547607,0.5143403630026232,-0.01631627575095281,endothelial,0
0.31292057037353516,0.3089331388473511,-0.003987431526184082,0.6752051478524772,-0.005769964890999604,gamma,0
0.2897534966468811,0.28174734115600586,-0.008006155490875244,1.1559800238982418,-0.011146711943622887,alpha,0
0.31342917680740356,0.3034381866455078,-0.009990990161895752,0.9327678334965664,-0.014343292971777031,beta,0
0.23060494661331177,0.225874125957489,-0.004730820655822754,0.7765457314132361,-0.006111177541603475,acinar,0
0.3028409481048584,0.2967967391014099,-0.006044209003448486,1.8166986186765837,-0.008595251671223592,alpha,0
0.2838209867477417,0.28752124309539795,0.00370025634765625,2.1763376117935964,0.0051934970857688304,alpha,0
0.31111741065979004,0.30657631158828735,-0.0045410990715026855,1.3038032602225291,-0.006548808682760861,alpha,0
0.3034008741378784,0.3053503632545471,0.0019494891166687012,1.5324106763463534,0.002806435091224371,beta,0
0.2870825529098511,0.2790527939796448,-0.008029758930206299,1.6685454397095307,-0.011137790483343084,alpha,0
0.32169628143310547,0.3113902807235718,-0.010306000709533691,1.2690442158746578,-0.01496638868292906,alpha,0
0.36569368839263916,0.37046384811401367,0.004770159721374512,0.8524552795496564,0.007577260983477916,gamma,0
0.39318710565567017,0.3916324973106384,-0.0015546083450317383,1.5546874768532855,-0.002555377034702553,beta,0
0.3749936819076538,0.3637368083000183,-0.011256873607635498,0.9178641232290202,-0.017692165371941664,alpha,0
0.2195035219192505,0.22175151109695435,0.0022479891777038574,1.838800442598589,0.002888523665330126,ductal,0
0.3414347171783447,0.32635045051574707,-0.015084266662597656,2.446775138772742,-0.022391860388159084,delta,0
0.24756723642349243,0.2451421022415161,-0.0024251341819763184,0.8908189085283958,-0.0032127029328005226,ductal,0
0.2744467258453369,0.2697528600692749,-0.004693865776062012,2.0684055492265556,-0.006427777007804913,alpha,0
0.27112632989883423,0.2752097249031067,0.004083395004272461,1.6436960240322973,0.005633898721566834,alpha,0
0.263599157333374,0.28506219387054443,0.02146303653717041,0.6381418508094316,0.030020844265275914,endothelial,0
0.3010967969894409,0.2824225425720215,-0.018674254417419434,0.7092231509312976,-0.026024026011566455,alpha,0
0.34486454725265503,0.3375821113586426,-0.007282435894012451,1.452398258175841,-0.010993718646320053,alpha,0
0.3430098295211792,0.3391752243041992,-0.0038346052169799805,2.577116837833579,-0.005802756431071184,beta,0
0.24048763513565063,0.24976682662963867,0.009279191493988037,1.7660687476308945,0.0123684100135189,activated_stellate,0
0.3282359838485718,0.3071683645248413,-0.02106761932373047,1.0650896518442488,-0.0304079927142499,alpha,0
0.22046422958374023,0.2134554386138916,-0.007008790969848633,0.851236959290171,-0.0089108631779199,acinar,0
0.27281683683395386,0.28192710876464844,0.00911027193069458,1.1638332704749508,0.012687113024168807,alpha,0
0.31370365619659424,0.31004106998443604,-0.003662586212158203,0.9586973191598129,-0.005308411925439654,beta,0
0.21895021200180054,0.22192293405532837,0.002972722053527832,0.8179732769334407,0.003820601047941978,ductal,0
0.2120116949081421,0.21055996417999268,-0.001451730728149414,1.5842771479544344,-0.00183893730021112,acinar,0
0.3169928193092346,0.308257520198822,-0.008735299110412598,0.8616965341260875,-0.012627963968503589,beta,0
0.34407442808151245,0.34291601181030273,-0.0011584162712097168,1.544607378351125,-0.0017629653012870056,beta,0
0.2935081124305725,0.29559677839279175,0.0020886659622192383,2.358632288231725,0.002965156742829219,beta,0
0.3103020191192627,0.31945735216140747,0.009155333042144775,1.846644239716629,0.01345298942134217,alpha,0
0.32953739166259766,0.3252885937690735,-0.00424879789352417,1.0603264544804714,-0.006297207745840268,delta,0
0.18721622228622437,0.19140887260437012,0.004192650318145752,1.0687540732635068,0.005185130254458456,acinar,0
0.34489917755126953,0.33562785387039185,-0.009271323680877686,1.7555342386703792,-0.0139550156262406,alpha,0
0.33224058151245117,0.3128621578216553,-0.0193784236907959,1.3353862736560322,-0.028201654022376316,beta,0
0.31641674041748047,0.31659048795700073,0.00017374753952026367,1.9287740330585121,0.00025423634944860365,alpha,0
0.23633182048797607,0.2362843155860901,-4.750490188598633e-05,1.4881862675968482,-6.220233897964595e-05,ductal,0
0.28712767362594604,0.2777917981147766,-0.009335875511169434,2.428841860974647,-0.012926847807598193,alpha,0
0.30144524574279785,0.2977321743965149,-0.003713071346282959,1.1218118677808906,-0.005287258238111902,alpha,0
0.287544310092926,0.28332430124282837,-0.004220008850097656,0.8742144263776132,-0.0058883102321117,beta,0
0.31529688835144043,0.32408928871154785,0.008792400360107422,0.947906840662247,0.01300822758578118,alpha,0
0.21646416187286377,0.21294951438903809,-0.0035146474838256836,1.3181621074098249,-0.004465593437881403,acinar,0
0.24860525131225586,0.24421167373657227,-0.004393577575683594,0.6462989073684684,-0.00581323820838194,acinar,0
0.307192325592041,0.31979382038116455,0.012601494789123535,1.4173392039008743,0.018525992804394965,beta,0
0.2890734076499939,0.2982023358345032,0.009128928184509277,1.4210196762949905,0.013007920445794626,beta,0
0.2967982292175293,0.2890681028366089,-0.00773012638092041,1.1915496542999306,-0.010873230490520277,alpha,0
0.2082580327987671,0.20986104011535645,0.0016030073165893555,0.5145616591924207,0.0020287663284232773,ductal,0
0.28252893686294556,0.27565479278564453,-0.006874144077301025,0.6922645058716874,-0.009490149184167598,ductal,0
0.3382830023765564,0.3236727714538574,-0.014610230922698975,1.0232517940213741,-0.02160231069523203,alpha,0
0.2996745705604553,0.3050575852394104,0.005383014678955078,1.5245296600227018,0.007745986666837061,beta,0
0.21861600875854492,0.2153986692428589,-0.003217339515686035,1.2937497183631166,-0.004100604204406968,ductal,0
0.30764323472976685,0.3059164881706238,-0.0017267465591430664,1.6101166921405365,-0.0024878080659082786,alpha,0
0.3291485905647278,0.2598434090614319,-0.0693051815032959,0.052831976872533985,-0.09363583645916371,macrophage,0
0.24655789136886597,0.24512267112731934,-0.0014352202415466309,0.7318317915349722,-0.0019012628763006583,ductal,0
0.21525931358337402,0.21508169174194336,-0.00017762184143066406,1.1933012563910803,-0.00022629341112561684,acinar,0
0.332688570022583,0.32152318954467773,-0.011165380477905273,0.9789337423680247,-0.016456539568997567,beta,0
0.18741130828857422,0.19074910879135132,0.0033378005027770996,1.1030917809264942,0.004124555856579856,acinar,0
0.31975752115249634,0.32400113344192505,0.004243612289428711,1.7818407008571129,0.0062775434980173045,beta,0
0.21032112836837769,0.20699727535247803,-0.003323853015899658,0.9728831523342715,-0.004191477421943363,ductal,0
0.34719252586364746,0.3651864528656006,0.017993927001953125,1.7433838860853499,0.0283452158246767,gamma,0
0.20317041873931885,0.20560717582702637,0.0024367570877075195,0.8589103250454257,0.003067445995933282,ductal,0
0.37827426195144653,0.37034034729003906,-0.00793391466140747,0.9609983159395685,-0.012600322455569591,alpha,0
0.30377817153930664,0.2939866781234741,-0.00979149341583252,1.6045926307073592,-0.013868709148161011,alpha,0
0.20339316129684448,0.20009326934814453,-0.003299891948699951,0.7012004162448384,-0.0041253458962782095,ductal,0
0.31321263313293457,0.3072185516357422,-0.005994081497192383,1.581353142945649,-0.008652196896070392,alpha,0
0.29323911666870117,0.2891263961791992,-0.004112720489501953,1.131583294818304,-0.005785445496072605,alpha,0
0.36282968521118164,0.37694597244262695,0.014116287231445312,1.0688694910409409,0.022656602167852022,delta,0
0.2277565598487854,0.23695826530456543,0.00920170545578003,0.6239532914292859,0.01205924268277784,ductal,0
0.22131049633026123,0.21484404802322388,-0.0064664483070373535,1.0823736076058017,-0.008235877586811725,acinar,0
0.31850719451904297,0.3090640902519226,-0.009443104267120361,1.2023133240838992,-0.013667120399869531,alpha,0
0.3101903796195984,0.3037169575691223,-0.006473422050476074,1.0863990614100099,-0.009297112892303007,alpha,0
0.29033517837524414,0.2983975410461426,0.008062362670898438,3.2245580823133833,0.011491354638237776,alpha,0
0.20631128549575806,0.20919090509414673,0.002879619598388672,2.51715095213407,0.003641358726067122,ductal,0
0.2284177541732788,0.22747504711151123,-0.0009427070617675781,1.8991577412144014,-0.0012202933487685732,ductal,0
0.2174168825149536,0.21544301509857178,-0.001973867416381836,1.2104569054210286,-0.002515900634840225,ductal,0
0.29197239875793457,0.28685057163238525,-0.005121827125549316,0.8760463202097722,-0.007181983076496436,ductal,0
0.2416670322418213,0.23487091064453125,-0.006796121597290039,0.6945879138586666,-0.008882320240908593,acinar,0
0.31979745626449585,0.315423846244812,-0.004373610019683838,0.7223073433187527,-0.006388785229653047,alpha,0
0.2995259165763855,0.2979002594947815,-0.001625657081604004,1.653163762173394,-0.002315421852220327,alpha,0
0.36239123344421387,0.3715302348136902,0.009139001369476318,0.8759323571066068,0.01454167228994232,delta,0
0.34199339151382446,0.3349052667617798,-0.007088124752044678,1.0528294160128515,-0.010657316015019307,delta,0
0.30648648738861084,0.30138373374938965,-0.005102753639221191,1.338870907606547,-0.007304086500314483,alpha,0
0.30797964334487915,0.30685561895370483,-0.0011240243911743164,0.9581962221648068,-0.0016216309645006597,alpha,0
0.2286350131034851,0.22392326593399048,-0.004711747169494629,0.8502588188630762,-0.006071238786928857,ductal,0
0.1983972191810608,0.19805514812469482,-0.0003420710563659668,1.1469528683571462,-0.00042655184526224204,acinar,0
0.29165393114089966,0.29954755306243896,0.007893621921539307,2.213753173353278,0.011269318789663606,alpha,0
0.3263460397720337,0.33296704292297363,0.006621003150939941,2.6096831291046074,0.009926051000468592,alpha,0
0.3293635845184326,0.32522207498550415,-0.004141509532928467,2.0224405993643075,-0.006137588945043656,beta,0
0.28080445528030396,0.26877617835998535,-0.012028276920318604,1.3705570083054466,-0.016449514586848606,alpha,0
0.2984137535095215,0.29891133308410645,0.0004975795745849609,0.9784850609854497,0.0007097241733685781,activated_stellate,0
0.19852745532989502,0.1918511986732483,-0.0066762566566467285,1.504596198202786,-0.008261172503982192,ductal,0
0.3597416877746582,0.3502027988433838,-0.009538888931274414,1.2477223252182337,-0.01467979380996952,alpha,0
0.21820086240768433,0.21417593955993652,-0.004024922847747803,1.0724624299034637,-0.005121913479581976,activated_stellate,0
0.3596656918525696,0.351019024848938,-0.008646667003631592,1.744991912504235,-0.013323452203847615,alpha,0
0.23832952976226807,0.22807013988494873,-0.010259389877319336,1.2034312605942212,-0.013290572638024701,acinar,0
0.23962944746017456,0.23792558908462524,-0.0017038583755493164,1.0558088953596032,-0.002235816281382164,ductal,0
0.3840368986129761,0.3682706952095032,-0.0157662034034729,0.8248180549698533,-0.024957213926780738,alpha,0
0.34451717138290405,0.3318827152252197,-0.012634456157684326,1.474616412832896,-0.018910536286968465,alpha,0
0.2813623547554016,0.28061550855636597,-0.0007468461990356445,1.4565225247731879,-0.0010381738943758731,alpha,0
0.21344870328903198,0.20889663696289062,-0.004552066326141357,0.9695065902326376,-0.005754072778385885,acinar,0
0.2360219955444336,0.24562770128250122,0.009605705738067627,1.2773735387218874,0.012733375488996874,activated_stellate,0
0.282498836517334,0.27424049377441406,-0.008258342742919922,0.5619113116109671,-0.011378897103075634,endothelial,0
0.38242775201797485,0.37830471992492676,-0.004123032093048096,1.618707224852212,-0.006631917959149081,beta,0
0.29352325201034546,0.29905879497528076,0.005535542964935303,1.290092140356213,0.007897299980731033,alpha,0
0.2218247652053833,0.2251870036125183,0.0033622384071350098,1.0291560947199747,0.004339419218329121,ductal,0
0.2956380844116211,0.2854308485984802,-0.01020723581314087,0.8081058130920903,-0.014284461893045499,alpha,0
0.32252150774002075,0.3154286742210388,-0.007092833518981934,2.077862138083809,-0.01036098541070374,beta,0
0.3248097896575928,0.3178250789642334,-0.006984710693359375,0.7568639071027068,-0.010238885186154718,alpha,0
0.2686693072319031,0.27993565797805786,0.011266350746154785,2.045973223858593,0.015646311153971117,alpha,0
0.32102876901626587,0.31445664167404175,-0.006572127342224121,1.2999292378265799,-0.009586742052716734,quiescent_stellate,0
0.2926374673843384,0.2876637578010559,-0.004973709583282471,0.7619034058753,-0.00698224979811345,ductal,0
0.22779321670532227,0.22226262092590332,-0.005530595779418945,1.231748462552516,-0.007111135362946255,ductal,0
0.4102732539176941,0.3964872360229492,-0.013786017894744873,1.3316087906181004,-0.02284295994652584,alpha,0
0.28148478269577026,0.26359522342681885,-0.017889559268951416,1.333996554553498,-0.02429310596299971,alpha,0
0.2270910143852234,0.22571015357971191,-0.0013808608055114746,1.55272538107721,-0.0017833900468868307,acinar,0
0.23380643129348755,0.22947871685028076,-0.004327714443206787,0.6906281165854848,-0.005616605975523551,acinar,0
0.2672398090362549,0.2670944333076477,-0.00014537572860717773,1.8080207491851432,-0.0001983553341848218,alpha,0
0.31845784187316895,0.30686378479003906,-0.011594057083129883,0.9893704546922921,-0.016726953272262476,beta,0
0.31540489196777344,0.3173140287399292,0.0019091367721557617,1.0763247106492229,0.002796507988339007,alpha,0
0.4153211712837219,0.39915984869003296,-0.016161322593688965,0.7442982473756296,-0.026897873849564876,delta,0
0.3084207773208618,0.30089032649993896,-0.0075304508209228516,1.5476038040284248,-0.01077148708760099,alpha,0
0.2359999418258667,0.23809140920639038,0.0020914673805236816,1.999216748424951,0.0027450371419820764,acinar,0
0.3227355480194092,0.31348395347595215,-0.009251594543457031,1.6017890976281624,-0.01347615192725573,beta,0
0.20424801111221313,0.20219075679779053,-0.0020572543144226074,1.0671699636626217,-0.002578629330195895,acinar,0
0.21053564548492432,0.21051734685897827,-1.8298625946044922e-05,1.0296986100328687,-2.3177996214663275e-05,acinar,0
0.3681102991104126,0.373507022857666,0.005396723747253418,1.374619781798611,0.008614180755656464,alpha,0
0.3451768159866333,0.3310815095901489,-0.014095306396484375,0.8995804690684109,-0.02107178467715563,ductal,0
0.30283915996551514,0.3044551610946655,0.0016160011291503906,1.474021398457079,0.0023233601038485066,alpha,0
0.284212589263916,0.2805671691894531,-0.0036454200744628906,0.7292669969140799,-0.005067074948964713,alpha,0
0.2605627179145813,0.25510525703430176,-0.005457460880279541,0.859287376238272,-0.0073264859657236866,endothelial,0
0.21487385034561157,0.21390724182128906,-0.0009666085243225098,1.352345923876444,-0.001229636724503141,ductal,0
0.24503004550933838,0.24449419975280762,-0.0005358457565307617,0.9239490837001554,-0.0007092543251890845,ductal,0
0.23558032512664795,0.23220407962799072,-0.0033762454986572266,0.9558769537878123,-0.0043973214874876935,ductal,0
0.30639374256134033,0.3007287383079529,-0.005665004253387451,1.4118372470220568,-0.008101297112768047,alpha,0
0.27461737394332886,0.2702721357345581,-0.004345238208770752,4.0080650556274895,-0.005954600915705408,alpha,0
0.2914171814918518,0.28926241397857666,-0.0021547675132751465,1.0851521713437904,-0.003031734293576809,activated_stellate,0
0.3295134902000427,0.3230597972869873,-0.00645369291305542,1.2908863077068482,-0.009533623335104902,beta,0
0.39698535203933716,0.3980819582939148,0.0010966062545776367,1.0115699709963053,0.0018218531072260271,alpha,0
0.2104794979095459,0.2066357135772705,-0.0038437843322753906,1.3706777793053722,-0.00484491726947651,acinar,0
0.34309816360473633,0.3453143835067749,0.0022162199020385742,0.6250489754689992,0.003385166629915579,gamma,0
0.30401504039764404,0.3138924837112427,0.009877443313598633,1.0341289165657601,0.014396349083926348,alpha,0
0.3547879457473755,0.3567464351654053,0.001958489418029785,1.2245896985239046,0.003044661584632474,alpha,0
0.21998679637908936,0.2140238881111145,-0.0059629082679748535,1.3488702915542674,-0.007586627860285197,ductal,0
0.47062522172927856,0.34950101375579834,-0.12112420797348022,0.20628151150830795,-0.18620199344631935,mast,1
0.28883445262908936,0.278578519821167,-0.010255932807922363,0.8042636221789132,-0.01421628422455625,ductal,0
0.2913517355918884,0.27652716636657715,-0.01482456922531128,1.1358645253349402,-0.02049084434982773,alpha,0
0.2173359990119934,0.2080937623977661,-0.009242236614227295,1.0307125198235667,-0.011670872352529154,acinar,0
0.30609023571014404,0.30059510469436646,-0.005495131015777588,1.8420057000543435,-0.00785686667717169,alpha,0
0.32536780834198,0.323893666267395,-0.001474142074584961,1.742757488955751,-0.00218034057815523,quiescent_stellate,0
0.2695464491844177,0.26985615491867065,0.0003097057342529297,0.8247402816077382,0.00042417084844210685,activated_stellate,0
0.31252521276474,0.3091930150985718,-0.003332197666168213,2.0403820231977545,-0.004823630535009264,beta,0
0.24426865577697754,0.23623406887054443,-0.008034586906433105,1.165505641615823,-0.010519697958445953,acinar,0
0.2779542803764343,0.2757471203804016,-0.002207159996032715,1.6996592200286118,-0.0030474990961609823,alpha,0
0.2899315357208252,0.28551560640335083,-0.004415929317474365,1.218585897010604,-0.006180581909207254,alpha,0
0.2747136950492859,0.27456313371658325,-0.00015056133270263672,2.0209213931034644,-0.00020754574202162864,alpha,0
0.21569067239761353,0.2122827172279358,-0.0034079551696777344,0.9389191967045066,-0.004326368411880927,ductal,0
0.20936036109924316,0.20361989736557007,-0.005740463733673096,1.3486755937634196,-0.007208195828453786,acinar,0
0.20521247386932373,0.20216983556747437,-0.0030426383018493652,0.9183059633810453,-0.0038136415962832255,acinar,0
0.22625046968460083,0.22701752185821533,0.000767052173614502,0.4060426725546263,0.0009923280220509798,endothelial,0
0.4048731327056885,0.4294774532318115,0.024604320526123047,2.229569122098086,0.04312593895806214,ductal,0
0.2833324074745178,0.2965884208679199,0.0132560133934021,1.237726995066587,0.018845315867217206,alpha,0
0.3478175401687622,0.3445606231689453,-0.0032569169998168945,0.6514331311212644,-0.004969059099811139,delta,0
0.28110218048095703,0.2728874683380127,-0.008214712142944336,1.6357328023034718,-0.011297717733137775,alpha,0
0.35812968015670776,0.3472985625267029,-0.010831117630004883,1.2827085740251483,-0.016594291061980383,ductal,0
0.3695130944252014,0.3490539789199829,-0.020459115505218506,1.0921628085822173,-0.0314298188216494,alpha,0
0.35576504468917847,0.34430259466171265,-0.01146245002746582,1.2408507190365434,-0.017481310638330364,activated_stellate,0
0.2074609398841858,0.20193910598754883,-0.005521833896636963,0.8098464352715904,-0.006919063367300907,ductal,0
0.36688804626464844,0.37413787841796875,0.0072498321533203125,1.1755271426603646,0.01158375287993856,beta,0
0.22545534372329712,0.22700005769729614,0.0015447139739990234,1.0968755607723952,0.001998336467396681,ductal,0
0.35470545291900635,0.34287118911743164,-0.011834263801574707,1.0341841441704003,-0.018009047245517194,beta,0
0.3832590579986572,0.3732026219367981,-0.01005643606185913,1.4810836087086516,-0.01604415783124911,alpha,0
0.29958397150039673,0.2949509024620056,-0.004633069038391113,0.7930504802946825,-0.006571271496651256,alpha,0
0.27165699005126953,0.27556079626083374,0.003903806209564209,1.6941163759866378,0.005388728535693344,ductal,0
0.388175368309021,0.3738967776298523,-0.014278590679168701,1.6362642555496725,-0.022805489844176685,alpha,0
0.278531551361084,0.2632204294204712,-0.015311121940612793,1.2415205595301222,-0.020781143441001657,alpha,0
0.3640682101249695,0.36499452590942383,0.0009263157844543457,0.9132172348663088,0.0014587524395454543,alpha,0
0.30050981044769287,0.303836464881897,0.0033266544342041016,1.3083815637863192,0.004778553122061672,alpha,0
0.2793382406234741,0.2689610719680786,-0.010377168655395508,0.9066280067498399,-0.0141950972205168,alpha,0
0.33757483959198,0.3490871787071228,0.011512339115142822,1.1416217785720952,0.017686453144795045,activated_stellate,0
0.23190170526504517,0.21549338102340698,-0.016408324241638184,0.8377787067988932,-0.02091546947435985,acinar,0
0.32085078954696655,0.3244718909263611,0.0036211013793945312,1.7453348709881764,0.005360400745366759,beta,0
0.3319677710533142,0.32533931732177734,-0.006628453731536865,1.3996609177427928,-0.009824870341078236,alpha,0
0.3040141463279724,0.30161845684051514,-0.0023956894874572754,1.3934491755805452,-0.003430344789209567,quiescent_stellate,0
0.2987857460975647,0.28525006771087646,-0.013535678386688232,0.9056065445926583,-0.018937642069216613,alpha,0
0.30908840894699097,0.292119562625885,-0.016968846321105957,1.365705910559612,-0.02397134519503315,alpha,0
0.30237579345703125,0.29675108194351196,-0.005624711513519287,0.9960704007336516,-0.007998180116741374,alpha,0
0.31054580211639404,0.30184733867645264,-0.008698463439941406,1.47229634061264,-0.012459257010423752,alpha,0
0.21645617485046387,0.23855364322662354,0.022097468376159668,1.2597999955434083,0.029020387555332896,activated_stellate,0
0.3155820369720459,0.3115502595901489,-0.004031777381896973,1.6620201584787981,-0.005856313315619462,alpha,0
0.2930910587310791,0.29270899295806885,-0.0003820657730102539,1.8413247361382086,-0.0005401818617886138,alpha,0
0.30609697103500366,0.3004263639450073,-0.005670607089996338,1.7656521615600298,-0.00810580444679676,alpha,0
0.35425126552581787,0.3418293595314026,-0.012421905994415283,0.7381469248022158,-0.0188733821149653,alpha,0
0.2977561950683594,0.2928701639175415,-0.004886031150817871,1.1908921093277725,-0.00690966623313022,beta,0
0.3092871308326721,0.3009856939315796,-0.00830143690109253,1.0889073247961358,-0.011875918459786106,endothelial,0
0.2184070348739624,0.2118712067604065,-0.006535828113555908,1.0517788848476475,-0.008292842704921958,acinar,0
0.33455783128738403,0.3357800841331482,0.0012222528457641602,0.9848141076695204,0.0018401327882031928,alpha,0
0.2532668113708496,0.27447664737701416,0.02120983600616455,0.6007869794422555,0.0292338433070205,quiescent_stellate,0
0.2875669002532959,0.27976953983306885,-0.007797360420227051,1.0335148715973483,-0.010826201960994292,alpha,0
0.23269104957580566,0.22918343544006348,-0.0035076141357421875,1.2891182017029708,-0.004550517330598239,ductal,0
0.34737634658813477,0.34988081455230713,0.0025044679641723633,2.262674200086735,0.0038523212669807714,alpha,0
0.3963679075241089,0.41394269466400146,0.017574787139892578,1.0273306303347118,0.02998817177070525,quiescent_stellate,0
0.2725570797920227,0.2637721300125122,-0.008784949779510498,1.2772520985969804,-0.011932378734398901,alpha,0
0.3152366876602173,0.31257402896881104,-0.00266265869140625,0.9439787643912506,-0.0038733751758201224,ductal,0
0.3258209228515625,0.3325752019882202,0.006754279136657715,1.273086087394437,0.010119910373091208,beta,0
0.35007166862487793,0.3413734436035156,-0.008698225021362305,1.0844643505528966,-0.013206611450580637,alpha,0
0.2549569010734558,0.2510439157485962,-0.003912985324859619,0.6361092685215542,-0.005224585803012368,ductal,0
0.28279149532318115,0.28066444396972656,-0.00212705135345459,1.0849767319018078,-0.0029569667947361585,activated_stellate,0
0.267606258392334,0.2608742117881775,-0.006732046604156494,1.3137113202797859,-0.00910812031121716,ductal,0
0.2817894220352173,0.2793607711791992,-0.0024286508560180664,1.2440028828199863,-0.003370134123827988,alpha,0
0.3363304138183594,0.35178446769714355,0.01545405387878418,1.7948847036873592,0.02384091881273188,beta,0
0.39856767654418945,0.38782966136932373,-0.010738015174865723,1.4355896731030295,-0.01754089425319901,beta,0
0.325700044631958,0.3248646855354309,-0.0008353590965270996,1.7558237070953588,-0.0012373209912587663,alpha,0
0.3282744884490967,0.32540643215179443,-0.002868056297302246,0.7056028992810124,-0.004251532232141895,alpha,0
0.29944974184036255,0.2933892011642456,-0.006060540676116943,1.1209174729414173,-0.008576914881717882,alpha,0
0.36415624618530273,0.36187922954559326,-0.0022770166397094727,1.5207405430897614,-0.0035683161325214437,delta,0
0.27045559883117676,0.26853233575820923,-0.0019232630729675293,1.137371728344547,-0.002629320702728677,ductal,0
0.2533071041107178,0.2509908676147461,-0.0023162364959716797,0.7166351391908344,-0.0030924008744666683,endothelial,0
0.3472249507904053,0.35271716117858887,0.005492210388183594,1.07363482932841,0.008485023947466225,beta,0
0.2861773371696472,0.27833443880081177,-0.00784289836883545,1.1096724628081194,-0.010867774202503086,alpha,0
0.4085268974304199,0.38391971588134766,-0.024607181549072266,3.7294331920285235,-0.03994151766157333,alpha,0
0.23572617769241333,0.2412266731262207,0.005500495433807373,1.4829842812173673,0.007249194507758931,ductal,0
0.2613756060600281,0.27031612396240234,0.008940517902374268,1.1015972786241353,0.012252590739600774,endothelial,0
0.34520113468170166,0.3165000081062317,-0.02870112657546997,0.8001845087352182,-0.041991407338496045,alpha,0
0.33313870429992676,0.3302844762802124,-0.0028542280197143555,2.7600659744651748,-0.004261851366175856,alpha,0
0.33166348934173584,0.32797354459762573,-0.0036899447441101074,1.2363744205901637,-0.005490773040922566,beta,0
0.3024751543998718,0.31389284133911133,0.011417686939239502,2.103915108222217,0.01664125901488042,alpha,0
0.30858540534973145,0.3037654161453247,-0.004819989204406738,0.6756790865802749,-0.006922938498287543,ductal,0
0.294765830039978,0.2841638922691345,-0.010601937770843506,0.9038801143016735,-0.0148105657934058,alpha,0
0.2387228012084961,0.234239399433136,-0.004483401775360107,1.3533457159718725,-0.005854834751280246,acinar,0
0.3179582357406616,0.34517282247543335,0.02721458673477173,1.5354256240421158,0.041559953020964435,gamma,0
0.21471083164215088,0.23269182443618774,0.017980992794036865,0.708329721511258,0.023433860561728758,endothelial,0
0.34895503520965576,0.3308206796646118,-0.018134355545043945,1.217371767563138,-0.02709939622156155,alpha,0
0.34414148330688477,0.3351703882217407,-0.008971095085144043,1.1764474134242147,-0.013493825976175341,ductal,0
0.3436582088470459,0.33711403608322144,-0.006544172763824463,1.3346735782098245,-0.009872245182500267,alpha,0
0.39232420921325684,0.37013953924179077,-0.022184669971466064,1.323429127188135,-0.03522156311377404,beta,0
0.28446775674819946,0.2804977297782898,-0.003970026969909668,1.0984732438038132,-0.005517740713571798,endothelial,0
0.27816247940063477,0.2938333749771118,0.01567089557647705,1.216122783736891,0.022191498466766435,endothelial,0
0.3254268765449524,0.31502020359039307,-0.010406672954559326,1.0603817851712314,-0.015192671388421949,beta,0
0.3184976577758789,0.3196374773979187,0.001139819622039795,1.965038598710096,0.0016753121816300174,alpha,0
0.24643266201019287,0.24510979652404785,-0.0013228654861450195,2.217517726792954,-0.0017523945602337663,ductal,0
0.3296757936477661,0.31940269470214844,-0.010273098945617676,0.852476747849155,-0.015094239817952016,alpha,0
0.2814366817474365,0.2777438163757324,-0.0036928653717041016,1.0600025438469718,-0.005112957777908352,alpha,0
0.33419597148895264,0.33982598781585693,0.005630016326904297,2.953320893148544,0.008528079298786318,alpha,0
0.3313353657722473,0.31813478469848633,-0.013200581073760986,0.9465275122975458,-0.01935951677476879,activated_stellate,0
0.29792046546936035,0.2841600179672241,-0.01376044750213623,1.1337813263503456,-0.019222798177688526,alpha,0
0.3453657627105713,0.3566901683807373,0.011324405670166016,1.2799949472652283,0.01760334618493483,quiescent_stellate,0
0.3085669279098511,0.3162389397621155,0.007672011852264404,1.7623875552853716,0.011220311156056862,beta,0
0.39406830072402954,0.37496525049209595,-0.019103050231933594,0.9538691629838917,-0.030563181082289604,delta,0
0.3749063014984131,0.37371742725372314,-0.0011888742446899414,1.2384064021622054,-0.0018983032522790393,beta,0
0.33571791648864746,0.3236352205276489,-0.012082695960998535,1.684205437799997,-0.017864170825725945,activated_stellate,0
0.2657949924468994,0.27587515115737915,0.010080158710479736,0.6591638890514439,0.01392047065722299,endothelial,0
0.3428444266319275,0.3421909809112549,-0.0006534457206726074,0.8883988335180314,-0.0009933669221772268,delta,0
0.287273108959198,0.2734256982803345,-0.013847410678863525,1.5618059082842648,-0.019058492223148125,ductal,0
0.362063467502594,0.3510921001434326,-0.010971367359161377,0.9918792646870663,-0.01690743380006077,beta,0
0.3684704899787903,0.3611758351325989,-0.007294654846191406,1.4473920377537615,-0.011418877442911911,beta,0
0.324695348739624,0.32252609729766846,-0.0021692514419555664,0.737324917619593,-0.0032019704866900122,alpha,0
0.2420661449432373,0.23641639947891235,-0.005649745464324951,0.7443087138026468,-0.007398987433032127,endothelial,0
0.2803184390068054,0.28064727783203125,0.0003288388252258301,1.007210301795595,0.0004571315504788571,activated_stellate,0
0.3521082401275635,0.3377974033355713,-0.014310836791992188,0.6733319364373915,-0.021610964475338966,alpha,0
0.3959224820137024,0.38917839527130127,-0.006744086742401123,1.6066263239035048,-0.011041008848068763,alpha,0
0.31411105394363403,0.3023020625114441,-0.011808991432189941,0.7815895922761061,-0.016925650482353102,beta,0
0.24024391174316406,0.24606198072433472,0.005818068981170654,1.3333911170597936,0.007716906207701632,ductal,0
0.32044804096221924,0.29315173625946045,-0.02729630470275879,1.0876220698268784,-0.038616922616900355,beta,0
0.3231423497200012,0.3175967335700989,-0.005545616149902344,0.8022209468303834,-0.008126596724712496,quiescent_stellate,0
0.3549153804779053,0.3623006343841553,0.00738525390625,1.177473931435859,0.011581090251074417,gamma,0
0.31998109817504883,0.32789725065231323,0.007916152477264404,0.9628870287712961,0.01177818791092206,alpha,0
0.49728041887283325,0.4814305901527405,-0.015849828720092773,1.5229353418981872,-0.030564526983497185,beta,0
0.29773950576782227,0.3006558418273926,0.0029163360595703125,0.7099139001881001,0.004170101409284271,acinar,0
0.22107380628585815,0.21790963411331177,-0.0031641721725463867,1.133766084381833,-0.004045788454329103,ductal,0
0.2925615906715393,0.2996289134025574,0.007067322731018066,1.9407887846707084,0.010090825943933067,alpha,0
0.229802668094635,0.23268473148345947,0.002882063388824463,0.7569910504962312,0.0037560355007614918,endothelial,0
0.356985867023468,0.35859739780426025,0.0016115307807922363,1.0720902991776338,0.002512510512547684,beta,0
0.30480194091796875,0.31725770235061646,0.012455761432647705,0.9471289020329364,0.01824372310831144,alpha,0
0.20722830295562744,0.21018028259277344,0.002951979637145996,1.3985739131369772,0.0037375360124416498,acinar,0
0.23903286457061768,0.23420727252960205,-0.004825592041015625,2.1308251524796304,-0.006301433622849547,acinar,0
0.26706886291503906,0.2615959644317627,-0.005472898483276367,1.0972681928618786,-0.007411793841382123,alpha,0
0.333842396736145,0.3355194330215454,0.0016770362854003906,2.0205924676622407,0.002523830445525682,alpha,0
0.3713972568511963,0.36556971073150635,-0.005827546119689941,1.5427711134291455,-0.009185479032549309,beta,0
0.33553051948547363,0.3426487445831299,0.00711822509765625,1.6051595248884936,0.01082864760506483,beta,0
0.28850817680358887,0.2862992286682129,-0.0022089481353759766,1.251799800913974,-0.0030950619981172404,alpha,0
0.3629727363586426,0.3479541540145874,-0.015018582344055176,0.7508089019340024,-0.023033015909116255,quiescent_stellate,0
0.302329421043396,0.28743183612823486,-0.014897584915161133,0.9224577656178196,-0.020906890976176314,alpha,0
0.2621324062347412,0.262082040309906,-5.036592483520508e-05,0.9703541310780576,-6.825409813356139e-05,endothelial,0
0.2960734963417053,0.3210521936416626,0.024978697299957275,1.3655014874586704,0.036790305625899515,quiescent_stellate,0
0.30540192127227783,0.3110196590423584,0.005617737770080566,1.3989510038879165,0.008153698206065279,beta,0
0.45081812143325806,0.4425469636917114,-0.00827115774154663,2.7866765915957363,-0.014837407284247758,beta,0
0.27461421489715576,0.26520997285842896,-0.009404242038726807,0.8758252913518764,-0.01279854338158417,acinar,0
0.36264675855636597,0.3525172472000122,-0.01012951135635376,2.0300113392099806,-0.015644449697771085,beta,0
0.346970796585083,0.3397088050842285,-0.007261991500854492,1.2410091841680695,-0.010998164986556955,alpha,0
0.28194481134414673,0.2864656448364258,0.004520833492279053,1.386780582906011,0.00633583156797359,ductal,0
0.24526524543762207,0.24773895740509033,0.0024737119674682617,1.5899335631238525,0.0032883690998210422,acinar,0
0.3366725444793701,0.3311888575553894,-0.005483686923980713,1.5889790113875708,-0.008199156048652194,beta,0
0.3565230369567871,0.350810706615448,-0.005712330341339111,0.8005674297766542,-0.008799175216765891,alpha,0
0.3588889241218567,0.35087770223617554,-0.008011221885681152,0.7345183354904775,-0.012341621776480618,alpha,0
0.34860002994537354,0.35522204637527466,0.006622016429901123,0.6274973867509557,0.01027022774689235,endothelial,0
0.3163931369781494,0.31323981285095215,-0.0031533241271972656,1.5887059569695763,-0.004591594251099035,alpha,0
0.33668768405914307,0.3351442813873291,-0.0015434026718139648,1.360458339842416,-0.0023214099369326694,alpha,0
0.36492085456848145,0.35087156295776367,-0.014049291610717773,0.8317533313550007,-0.021643315573622975,beta,0
0.33490777015686035,0.33911192417144775,0.004204154014587402,0.6562203206679948,0.006361370659194713,quiescent_stellate,0
0.3326035737991333,0.3243831396102905,-0.008220434188842773,1.0073578398627807,-0.012167301722016027,beta,0
0.343387246131897,0.3493656516075134,0.005978405475616455,1.175688090554135,0.009188579561449868,beta,0
0.36012762784957886,0.35448718070983887,-0.00564044713973999,2.8675842655227552,-0.008737932030447535,beta,0
0.33720862865448,0.3206021785736084,-0.016606450080871582,1.3870488058350534,-0.024442895689607072,alpha,0
0.34431350231170654,0.3501734137535095,0.0058599114418029785,1.2215620538968064,0.009017654195484413,alpha,0
0.31987082958221436,0.32002830505371094,0.00015747547149658203,1.1795908006588265,0.0002315912157329152,alpha,0
0.34508490562438965,0.3470820188522339,0.0019971132278442383,1.1170393689555613,0.0030587505406628685,alpha,0
0.28285902738571167,0.2820655107498169,-0.0007935166358947754,1.0809735799708449,-0.0011052772192676394,acinar,0
0.30438411235809326,0.3002288341522217,-0.004155278205871582,1.3807917731513437,-0.005938052907392132,beta,0
0.2503921389579773,0.251279354095459,0.0008872151374816895,0.9090015317884319,0.001184974853217559,acinar,0
0.332242488861084,0.325650691986084,-0.006591796875,1.5535377649722164,-0.009775048030247212,alpha,0
0.263574481010437,0.26021838188171387,-0.0033560991287231445,1.186775312593968,-0.004536607894177936,ductal,0
0.35171568393707275,0.35599464178085327,0.004278957843780518,1.0010737598593167,0.00664428919599834,delta,0
0.41784071922302246,0.42705464363098145,0.009213924407958984,0.9462031072351546,0.01608168092390393,delta,0
0.3302137851715088,0.3251868486404419,-0.0050269365310668945,2.1291550960084065,-0.007449375461843083,beta,0
0.3487536311149597,0.34256410598754883,-0.006189525127410889,1.4457253074553795,-0.00941464435358874,alpha,0
0.29042190313339233,0.2844722270965576,-0.005949676036834717,1.075172915435323,-0.008315087495056047,alpha,0
0.4116004705429077,0.410007119178772,-0.0015933513641357422,1.2260615036621327,-0.0027006281193052884,activated_stellate,0
0.31434911489486694,0.31004154682159424,-0.004307568073272705,0.9324109712239829,-0.006243228202262314,beta,0
0.35375112295150757,0.33634626865386963,-0.01740485429763794,1.2614408042867178,-0.026225806434229768,beta,0
0.3247476816177368,0.3245379328727722,-0.0002097487449645996,0.7326356725054961,-0.0003105263125384242,endothelial,0
0.3332017660140991,0.30940353870391846,-0.023798227310180664,0.48869886397987033,-0.03446039567813189,endothelial,0
0.41460299491882324,0.42001914978027344,0.005416154861450195,1.1381667312308086,0.009338506365164086,beta,0
0.3282339572906494,0.31072545051574707,-0.017508506774902344,0.9643612488748629,-0.02540135391333253,alpha,0
0.3076668977737427,0.311975359916687,0.004308462142944336,1.1935494128873756,0.00626207535593874,ductal,0
0.2926294803619385,0.2981577515602112,0.005528271198272705,1.8073755977322834,0.007876800250429746,alpha,0
0.33119815587997437,0.32626640796661377,-0.004931747913360596,0.7647057813138757,-0.007320026745996373,alpha,0
0.3350977897644043,0.3390403985977173,0.003942608833312988,1.279520109990756,0.005964977019697428,alpha,0
0.22571337223052979,0.2306070327758789,0.004893660545349121,0.6309744444533485,0.006360417567897547,endothelial,0
0.3612583875656128,0.3692946434020996,0.008036255836486816,0.9145944422783104,0.012741695868630854,alpha,0
0.3597426414489746,0.35385823249816895,-0.005884408950805664,1.4809812068088837,-0.009106993614662108,alpha,0
0.35514605045318604,0.3461441993713379,-0.009001851081848145,1.9140319224334446,-0.013767333826805762,beta,0
0.26135432720184326,0.25639617443084717,-0.004958152770996094,1.1435534309981243,-0.006667734350614904,ductal,0
0.38079702854156494,0.3834283947944641,0.00263136625289917,1.0736614077504412,0.004267738297844573,beta,0
0.33609092235565186,0.33789896965026855,0.0018080472946166992,1.013241758804507,0.0027307725131641347,beta,0
0.3702630400657654,0.36543238162994385,-0.004830658435821533,1.3450019121133692,-0.00761251960544333,alpha,0
0.3457285165786743,0.3397860527038574,-0.0059424638748168945,0.8852341522180033,-0.009000815416205331,alpha,0
0.395519495010376,0.3904983401298523,-0.005021154880523682,1.4969081741489147,-0.008238131593593071,beta,0
0.2733078598976135,0.2716006636619568,-0.0017071962356567383,1.5704365217815432,-0.0023437641283962467,ductal,0
0.33157169818878174,0.3235889673233032,-0.007982730865478516,1.5638150129889874,-0.011801597667455567,quiescent_stellate,0
0.37008166313171387,0.36412984132766724,-0.005951821804046631,1.4303857304782341,-0.009360121280850413,alpha,0
0.32695281505584717,0.3063058853149414,-0.02064692974090576,0.7237313612038366,-0.02976373779714074,ductal,0
0.31756478548049927,0.3077610731124878,-0.009803712368011475,1.6810108867201037,-0.014162324577861487,beta,0
0.35870814323425293,0.3623828887939453,0.003674745559692383,1.1701732292411338,0.00576324802943508,beta,0
0.45517420768737793,0.46457934379577637,0.009405136108398438,1.947114914000097,0.017565882076860086,delta,0
0.3041873574256897,0.3203358054161072,0.01614844799041748,1.0274980004247076,0.023759450798057646,quiescent_stellate,0
0.38712501525878906,0.3919256925582886,0.004800677299499512,1.103733620668513,0.007894885938688822,delta,0
0.3457125425338745,0.33512961864471436,-0.010582923889160156,1.1063830808380832,-0.01591727378137631,beta,0
0.2944375276565552,0.2916027307510376,-0.002834796905517578,1.0154865881942732,-0.0040017050157788005,ductal,0
0.35711967945098877,0.3544795513153076,-0.0026401281356811523,0.9495602735317257,-0.004089921769419788,beta,0
0.38628363609313965,0.3753553628921509,-0.01092827320098877,0.9590340277892881,-0.017495184544587598,endothelial,0
0.35092759132385254,0.35313212871551514,0.0022045373916625977,0.8083864176611184,0.00340801806601563,beta,0
0.24335408210754395,0.2527855634689331,0.00943148136138916,0.8941888827906248,0.012622188357567992,endothelial,0
0.3553254008293152,0.3541504144668579,-0.0011749863624572754,0.9360936524368737,-0.0018192879406856574,beta,0
0.2722662091255188,0.2724211812019348,0.00015497207641601562,0.9513797350434781,0.00021299695979608654,ductal,0
0.33044785261154175,0.32972919940948486,-0.0007186532020568848,1.3370224280659568,-0.0010721833644308303,ductal,0
0.4149693250656128,0.4027520418167114,-0.012217283248901367,1.352097931023461,-0.02045596486602307,alpha,0
0.3802511692047119,0.3789600729942322,-0.0012910962104797363,0.6809030740750872,-0.0020789262563270677,alpha,0
0.3996744751930237,0.37782084941864014,-0.021853625774383545,0.7935828582643321,-0.03512432995217482,gamma,0
0.3536509871482849,0.34376388788223267,-0.009887099266052246,1.004630344741617,-0.015066374866426003,beta,0
0.3743850588798523,0.37342798709869385,-0.0009570717811584473,1.0197174275680003,-0.001527472918438825,endothelial,0
0.3654893636703491,0.34342944622039795,-0.022059917449951172,0.5722952109516575,-0.033598700585887466,endothelial,0
0.3648461699485779,0.36061280965805054,-0.004233360290527344,1.5247758474251831,-0.0066209651279740345,beta,0
0.3406139612197876,0.33553314208984375,-0.005080819129943848,0.8678760869785187,-0.007646459818814371,alpha,0
0.34106236696243286,0.333625853061676,-0.007436513900756836,1.1972748145935543,-0.011159667485487128,beta,0
0.3884192109107971,0.38979339599609375,0.0013741850852966309,1.543698103183532,0.002251999693677248,beta,0
0.33785414695739746,0.329714834690094,-0.008139312267303467,1.399562387720102,-0.012143058937519914,beta,0
0.3170100450515747,0.3217933177947998,0.004783272743225098,1.1308302491720164,0.007052824557363852,beta,0
0.33560872077941895,0.32647979259490967,-0.009128928184509277,1.7518515785296291,-0.013554052401309262,ductal,0
0.3806123733520508,0.3888876438140869,0.008275270462036133,2.4588903096371593,0.013541324076122302,quiescent_stellate,0
0.3587820529937744,0.36641645431518555,0.007634401321411133,0.8743646729910665,0.012049557431545073,beta,0
0.3195500373840332,0.3214714527130127,0.0019214153289794922,0.9928748611238691,0.002831738379559761,alpha,0
0.4649345874786377,0.458700954914093,-0.006233632564544678,1.1038650443960043,-0.011516060523541784,beta,0
0.3235005736351013,0.3207157254219055,-0.0027848482131958008,2.099736298630329,-0.004099680085963242,alpha,0
0.3490868806838989,0.3503836393356323,0.0012967586517333984,0.703699549904512,0.0019961914912475314,beta,0
0.39394909143447876,0.3825278878211975,-0.01142120361328125,1.750269382658152,-0.018496711653876268,beta,0
0.3973619341850281,0.3854421377182007,-0.011919796466827393,1.1274575278498842,-0.019395726909375525,beta,0
0.38984107971191406,0.402768611907959,0.012927532196044922,1.1509147668354311,0.021645768212792967,beta,0
0.36723655462265015,0.366965115070343,-0.0002714395523071289,1.56535336275067,-0.0004287908277555531,beta,0
0.31851452589035034,0.3272598385810852,0.008745312690734863,1.7629366124595507,0.012999540078430316,alpha,0
0.3603628873825073,0.36059337854385376,0.00023049116134643555,2.1431737392694274,0.0003604766569691268,beta,0
0.42219048738479614,0.41823840141296387,-0.003952085971832275,0.6769314666933434,-0.006793308429829289,endothelial,0
0.35253143310546875,0.3722553849220276,0.019723951816558838,1.6364722344545906,0.03142034410619184,quiescent_stellate,0
0.32147544622421265,0.31740713119506836,-0.004068315029144287,2.283478183039109,-0.005960090143143456,beta,0
0.37194883823394775,0.35986262559890747,-0.012086212635040283,1.1660602068879757,-0.018880654556919205,beta,0
0.43870216608047485,0.44898247718811035,0.010280311107635498,1.320236752265068,0.018656958593937612,beta,0
0.3955129384994507,0.3748576045036316,-0.020655333995819092,1.1501383662125253,-0.03304100656846122,beta,0
0.34074872732162476,0.3520311713218689,0.01128244400024414,0.9871504590152395,0.01741201659848444,quiescent_stellate,0
0.318367600440979,0.34327471256256104,0.02490711212158203,1.3436424614471234,0.037926226685697305,endothelial,0
0.38348865509033203,0.38977915048599243,0.0062904953956604,1.251065410729207,0.010308555338071913,alpha,0
0.3731808662414551,0.35681450366973877,-0.01636636257171631,1.1867157692994772,-0.02544578922425289,alpha,0
0.43956029415130615,0.43387699127197266,-0.005683302879333496,0.9156575783731911,-0.010038989392257376,beta,0
0.4306948781013489,0.41700243949890137,-0.01369243860244751,2.033124795678987,-0.023486270835642215,ductal,0
0.3138996362686157,0.31964796781539917,0.005748331546783447,0.8335225505689168,0.0084490547170494,endothelial,0
0.3121328353881836,0.3203057050704956,0.008172869682312012,0.8888874068652526,0.012024331737490417,endothelial,0
0.14572715759277344,0.1387891173362732,-0.006938040256500244,1.1002935132813032,-0.008056145592402262,acinar,0
0.15171730518341064,0.14483219385147095,-0.006885111331939697,0.7785999905546199,-0.008051181630595507,acinar,0
0.17626053094863892,0.17556804418563843,-0.0006924867630004883,1.8762542387507515,-0.0008399562366750574,acinar,0
0.17586344480514526,0.1714809536933899,-0.004382491111755371,1.1297373094472716,-0.005289547815818759,acinar,0
0.15229523181915283,0.1503446102142334,-0.0019506216049194336,1.6636768832603033,-0.002295779710655712,acinar,0
0.15032410621643066,0.14661157131195068,-0.0037125349044799805,1.2566723738340932,-0.0043503459616711935,acinar,0
0.13112539052963257,0.13046467304229736,-0.0006607174873352051,0.9404499991251961,-0.0007598512295606189,acinar,0
0.15957945585250854,0.15688633918762207,-0.0026931166648864746,0.8437121081936504,-0.003194251012718185,acinar,0
0.16296273469924927,0.16015231609344482,-0.0028104186058044434,1.3529527089337217,-0.0033463432234899656,acinar,0
0.15994638204574585,0.15488189458847046,-0.005064487457275391,1.1327473816851152,-0.005992638691380589,acinar,0
0.16233491897583008,0.16005027294158936,-0.0022846460342407227,1.046667104161663,-0.0027199794947749853,acinar,0
0.16127127408981323,0.1608704924583435,-0.00040078163146972656,1.2365008833085618,-0.0004776159435077794,acinar,0
0.18541496992111206,0.17877596616744995,-0.006639003753662109,2.1509866556840174,-0.008084278443092693,acinar,0
0.17305445671081543,0.16652274131774902,-0.006531715393066406,1.452214800178194,-0.00783670499107944,acinar,0
0.17024767398834229,0.1618192195892334,-0.008428454399108887,1.1899781994045402,-0.010055652188753792,acinar,0
0.27751624584198,0.27152371406555176,-0.005992531776428223,1.0868316338412223,-0.00822611784643249,delta,0
0.17820656299591064,0.1747773289680481,-0.003429234027862549,1.8344822484951553,-0.0041555257123198595,acinar,0
0.1521727442741394,0.15682274103164673,0.004649996757507324,1.6628048947417218,0.005514850771944089,acinar,0
0.18334275484085083,0.18189173936843872,-0.0014510154724121094,1.2199177257028149,-0.0017736228103747025,acinar,0
0.15842878818511963,0.15530067682266235,-0.0031281113624572754,1.1572886570898346,-0.0037032246583208806,acinar,0
0.18008512258529663,0.18050384521484375,0.00041872262954711914,0.9124525372027543,0.0005109513047768892,acinar,0
0.163116455078125,0.15848004817962646,-0.004636406898498535,0.8354781704600366,-0.005509562653231302,acinar,0
0.14852172136306763,0.14607441425323486,-0.0024473071098327637,1.4376440571723896,-0.0028659489195332786,acinar,0
0.1557498574256897,0.15042442083358765,-0.005325436592102051,0.988653202055861,-0.006268349423752586,acinar,0
0.15052509307861328,0.15000849962234497,-0.0005165934562683105,0.9757749442227478,-0.0006077630847353012,acinar,0
0.1545918583869934,0.15015888214111328,-0.004432976245880127,1.1040815860306075,-0.00521624119229332,acinar,0
0.1463755965232849,0.14366662502288818,-0.0027089715003967285,1.1930717515134086,-0.0031634543036105937,acinar,0
0.15543675422668457,0.1550356149673462,-0.0004011392593383789,1.7448472905931771,-0.00047474102630121716,acinar,0
0.2209160327911377,0.2207006812095642,-0.00021535158157348633,0.9451231440070897,-0.0002763400100332916,acinar,0
0.18616008758544922,0.19426602125167847,0.008105933666229248,0.9556601941088061,0.010060310077553787,beta,0
0.1869259476661682,0.17878937721252441,-0.008136570453643799,0.8267871669975179,-0.009908019000077517,acinar,0
0.1468297243118286,0.14294224977493286,-0.003887474536895752,0.8832282143810963,-0.00453583732936886,acinar,0
0.17379474639892578,0.1721714735031128,-0.0016232728958129883,0.790373311148004,-0.001960880597679056,acinar,0
0.2071560025215149,0.20040035247802734,-0.006755650043487549,1.8342082913960647,-0.00844879067221188,acinar,0
0.13208448886871338,0.13256710767745972,0.0004826188087463379,1.6991930801162796,0.0005563759606280692,acinar,0
0.19391751289367676,0.21597576141357422,0.02205824851989746,1.2284163234509013,0.028134651244542997,acinar,0
0.17001450061798096,0.1671537160873413,-0.0028607845306396484,1.0734229104378397,-0.0034349490246866027,acinar,0
0.1945934295654297,0.18806535005569458,-0.006528079509735107,0.7039622345369734,-0.008040153859898577,acinar,0
0.17768514156341553,0.17766940593719482,-1.5735626220703125e-05,1.336969726529525,-1.913540166730234e-05,acinar,0
0.24626195430755615,0.25554072856903076,0.00927877426147461,1.456782906327431,0.012463776888209516,beta,0
0.16843581199645996,0.16728746891021729,-0.0011483430862426758,1.2526394166041568,-0.0013790390361242948,acinar,0
0.16268157958984375,0.16286665201187134,0.0001850724220275879,1.124201947327799,0.00022107878329345016,acinar,0
0.15773427486419678,0.15430212020874023,-0.003432154655456543,1.6707336294732678,-0.004058369705625475,acinar,0
0.19130003452301025,0.18343043327331543,-0.007869601249694824,1.5656162529732325,-0.00963739229376506,acinar,0
0.18668633699417114,0.18427199125289917,-0.0024143457412719727,1.3838004156992822,-0.002959743585340698,acinar,0
0.14734357595443726,0.13850927352905273,-0.008834302425384521,0.8739362457494677,-0.010254669207611544,acinar,0
0.15450561046600342,0.15418219566345215,-0.00032341480255126953,2.651745701968287,-0.00038236934821318086,acinar,0
0.14953404664993286,0.14907389879226685,-0.0004601478576660156,1.8730063753876787,-0.0005407612447343199,acinar,0
0.19619834423065186,0.18973618745803833,-0.006462156772613525,1.062615568206272,-0.007975373788865666,acinar,0
0.21447211503982544,0.23265957832336426,0.01818746328353882,1.3156422264770253,0.023701948665494885,beta,0
0.14778143167495728,0.14364087581634521,-0.0041405558586120605,1.0439212904390613,-0.004835069472237067,acinar,0
0.15712684392929077,0.16076421737670898,0.003637373447418213,1.5977723193008353,0.004334149618893128,acinar,0
0.19742190837860107,0.1952996850013733,-0.002122223377227783,0.9289851760771555,-0.0026372841387932162,acinar,0
0.1741216778755188,0.17936944961547852,0.005247771739959717,1.0388026850098753,0.006394804260578377,acinar,0
0.22411400079727173,0.21957212686538696,-0.004541873931884766,1.7288097824034832,-0.005819722857465594,acinar,0
0.1823183298110962,0.17499887943267822,-0.007319450378417969,2.8360534894022784,-0.008872049014169414,acinar,0
0.18616855144500732,0.17950588464736938,-0.0066626667976379395,0.8452422787826078,-0.00812031027763614,acinar,0
0.16038167476654053,0.15431922674179077,-0.006062448024749756,1.5537822292699845,-0.0071687192336093546,acinar,0
0.1872718334197998,0.19005638360977173,0.002784550189971924,1.1514715707104828,0.003437955597924407,acinar,0
0.1794862151145935,0.1778573989868164,-0.0016288161277770996,1.167274899026163,-0.00198118443901313,acinar,0
0.20602673292160034,0.19969171285629272,-0.006335020065307617,0.9548767639772008,-0.007915724686442076,acinar,0
0.17763423919677734,0.1753724217414856,-0.002261817455291748,1.028170428713922,-0.0027428350869229427,acinar,0
0.20619481801986694,0.20525968074798584,-0.0009351372718811035,1.7259375306861637,-0.0011766576442997466,acinar,0
0.1689125895500183,0.16774356365203857,-0.0011690258979797363,1.0288926928417572,-0.0014046462687745123,acinar,0
0.2543836236000061,0.2539026737213135,-0.00048094987869262695,2.3517742665771313,-0.0006446208312948434,beta,0
0.23433834314346313,0.2340097427368164,-0.0003286004066467285,0.5914065170822494,-0.00042898771039306575,delta,0
0.15297752618789673,0.1505676507949829,-0.0024098753929138184,1.2696079892226497,-0.0028370421672417098,acinar,0
0.24927622079849243,0.4243674874305725,0.17509126663208008,0.3095039006383227,0.30417195486497506,ductal,0
0.18012183904647827,0.1741405725479126,-0.005981266498565674,1.6531983798653627,-0.007242475292700681,acinar,0
0.30053454637527466,0.34135866165161133,0.04082411527633667,0.9919287166279632,0.061982315562985106,delta,0
0.14550304412841797,0.1433427333831787,-0.002160310745239258,0.9531716955146422,-0.0025217911870063603,acinar,0
0.14805930852890015,0.14489048719406128,-0.003168821334838867,0.9764317470137159,-0.0037057491319921845,acinar,0
0.15790802240371704,0.15455633401870728,-0.0033516883850097656,1.0529430036674647,-0.0039644136207697715,acinar,0
0.17255312204360962,0.1969376802444458,0.02438455820083618,1.8951146951221127,0.03036446562236745,acinar,0
0.15124225616455078,0.14650624990463257,-0.004736006259918213,1.2321053327296898,-0.005548964194979779,acinar,0
0.17789798974990845,0.17069083452224731,-0.007207155227661133,0.8676109216767958,-0.008690552965864302,acinar,0
0.2562090754508972,0.25018972158432007,-0.0060193538665771484,1.1526555721498506,-0.0080278358937621,beta,0
0.20556241273880005,0.19907009601593018,-0.006492316722869873,1.090281403014682,-0.0081059736820602,acinar,0
0.1814671754837036,0.17991125583648682,-0.0015559196472167969,0.813845185773556,-0.0018972576544796112,acinar,0
0.18461042642593384,0.1705150008201599,-0.014095425605773926,0.829825490049379,-0.01699298434535994,acinar,0
0.17644226551055908,0.17462164163589478,-0.0018206238746643066,1.1441984037723294,-0.0022058051997786467,acinar,0
0.1750582456588745,0.17315411567687988,-0.001904129981994629,1.3553223662443752,-0.0023028837877731045,acinar,0
0.18992960453033447,0.188093900680542,-0.0018357038497924805,2.0799921473930456,-0.002260980489407793,acinar,0
0.17360419034957886,0.16777920722961426,-0.0058249831199646,1.0835391339128775,-0.0069993241824369366,acinar,0
0.28924793004989624,0.27114784717559814,-0.018100082874298096,1.5447063801626713,-0.024833682392454762,beta,0
0.1691393256187439,0.16747832298278809,-0.0016610026359558105,0.9990027722956717,-0.0019951464109702337,acinar,0
0.3170132637023926,0.3154568076133728,-0.0015564560890197754,1.120891237928364,-0.0022737149479103947,delta,0
0.21132045984268188,0.20347166061401367,-0.007848799228668213,1.801273812163942,-0.009853760174708355,acinar,0
0.281258225440979,0.2896256446838379,0.008367419242858887,1.0400678429735455,0.011778886977324581,beta,0
0.14485198259353638,0.1450965404510498,0.00024455785751342773,1.199983024197612,0.0002860648822762482,acinar,0
0.22135740518569946,0.21975934505462646,-0.001598060131072998,0.8129954112132737,-0.002048163116013074,acinar,0
0.25903475284576416,0.26960933208465576,0.010574579238891602,1.2385380966938588,0.014477976928529495,delta,0
0.18347442150115967,0.18556922674179077,0.0020948052406311035,2.5587134259637767,0.002572109637078953,acinar,0
0.1765974760055542,0.17808902263641357,0.001491546630859375,0.9604376949891867,0.00181473014953974,acinar,0
0.31854140758514404,0.3200725317001343,0.0015311241149902344,0.9835598588968363,0.0022518933068239695,delta,0
0.1740930676460266,0.16843336820602417,-0.005659699440002441,1.05239091539621,-0.006806068477991378,acinar,0
0.20868927240371704,0.21256351470947266,0.0038742423057556152,1.0216141241397234,0.004920069590534912,acinar,0
0.2075192928314209,0.20748203992843628,-3.725290298461914e-05,1.2538416558314076,-4.700575237595276e-05,acinar,0
0.17986905574798584,0.17843562364578247,-0.0014334321022033691,1.2084144066111868,-0.0017447593194880018,acinar,0
0.20892620086669922,0.19775134325027466,-0.01117485761642456,1.1864438848778907,-0.013929418918193017,acinar,0
0.15859884023666382,0.16197019815444946,0.0033713579177856445,1.327312794928218,0.004022957071885837,acinar,0
0.18428188562393188,0.18556010723114014,0.001278221607208252,0.8795458647161694,0.0015694486708683541,acinar,0
0.3571420907974243,0.3528757691383362,-0.004266321659088135,1.1158005561859408,-0.00659273977951252,delta,0
0.1588858962059021,0.15697848796844482,-0.0019074082374572754,0.9942299631766799,-0.00226258548593939,acinar,0
0.1725119948387146,0.1744115948677063,0.0018996000289916992,1.2889480348833182,0.0023009044424349735,acinar,0
0.2649747133255005,0.2629268169403076,-0.002047896385192871,2.2871894889800073,-0.0027784166243734047,beta,0
0.18505209684371948,0.18435120582580566,-0.0007008910179138184,1.113006343698747,-0.0008593049152036536,acinar,0
0.16587436199188232,0.16552609205245972,-0.0003482699394226074,1.5112866896474575,-0.00041735270103196757,acinar,0
0.20240634679794312,0.19965171813964844,-0.0027546286582946777,1.598634810312946,-0.0034417874327058503,acinar,0
0.24827784299850464,0.2611737847328186,0.012895941734313965,1.0508846659567779,0.01745463475419644,acinar,0
0.21468770503997803,0.20574915409088135,-0.00893855094909668,1.5346097385770263,-0.01125406538140403,alpha,0
0.19433879852294922,0.19699335098266602,0.002654552459716797,2.3929487505307927,0.003305766475240599,acinar,0
0.24678480625152588,0.25230544805526733,0.005520641803741455,1.3536928908686876,0.0073835522666072925,beta,0
0.22980982065200806,0.22688567638397217,-0.0029241442680358887,0.6450150940235926,-0.0037822921898006167,alpha,0
0.17093390226364136,0.16124773025512695,-0.009686172008514404,0.9271770801862709,-0.011548310935075847,acinar,0
0.18966299295425415,0.18237948417663574,-0.007283508777618408,1.5695448628633644,-0.008908177616218121,acinar,0
0.16089153289794922,0.1579037308692932,-0.002987802028656006,1.470595906346798,-0.003548052803678021,acinar,0
0.18927204608917236,0.1846104860305786,-0.00466156005859375,1.4041362935697057,-0.005716973273179188,acinar,0
0.18006962537765503,0.17734050750732422,-0.0027291178703308105,1.4422801691759497,-0.003317433148509021,acinar,0
0.19276952743530273,0.19353455305099487,0.0007650256156921387,1.3763090462409053,0.0009486154907024965,acinar,0
0.2993123531341553,0.30532610416412354,0.006013751029968262,1.2816340863492288,0.00865694114319947,gamma,0
0.17875295877456665,0.17442375421524048,-0.004329204559326172,0.7372952381858437,-0.005243857949438703,ductal,0
0.1848638653755188,0.1797710657119751,-0.005092799663543701,0.7280370434117387,-0.006208997818352205,acinar,0
0.1841394305229187,0.18169867992401123,-0.0024407505989074707,1.3298751685567376,-0.0029827039734957516,acinar,0
0.17275452613830566,0.17594760656356812,0.003193080425262451,0.8577791726610486,0.0038748512238970497,acinar,0
0.17340731620788574,0.16801947355270386,-0.005387842655181885,2.451540259558505,-0.006475923995708078,acinar,0
0.18394607305526733,0.18425315618515015,0.0003070831298828125,1.1532172832680385,0.00037644415324579694,acinar,0
0.18127626180648804,0.17950767278671265,-0.0017685890197753906,0.9228378477920526,-0.002155521704611438,ductal,0
0.18376976251602173,0.1820906400680542,-0.0016791224479675293,1.2340355746315022,-0.0020529444095214178,acinar,0
0.18625110387802124,0.18659472465515137,0.00034362077713012695,1.5151971423920125,0.0004224471951997688,acinar,0
0.32190048694610596,0.3188895583152771,-0.0030109286308288574,1.578135677255542,-0.00442061734273423,delta,0
0.25853872299194336,0.26607823371887207,0.007539510726928711,0.7189991958176867,0.010272907921960594,beta,0
0.23904061317443848,0.2393486499786377,0.00030803680419921875,1.35555050966516,0.0004049645138874305,alpha,0
0.19014930725097656,0.19321739673614502,0.003068089485168457,2.769759563335627,0.0038028701570366544,acinar,0
0.16730237007141113,0.16216063499450684,-0.005141735076904297,2.231845858216957,-0.0061368984218956885,acinar,0
0.31710535287857056,0.3226191997528076,0.0055138468742370605,1.4028074862424917,0.008139951519477563,delta,0
0.29002678394317627,0.2868892550468445,-0.003137528896331787,1.4579997446226884,-0.004399777900609102,beta,0
0.2034546136856079,0.20425009727478027,0.0007954835891723633,1.9885326955686702,0.0009996653300843087,acinar,0
0.23814481496810913,0.2370637059211731,-0.0010811090469360352,1.0850214320506575,-0.0014170371174193144,beta,0
0.18894809484481812,0.18690764904022217,-0.0020404458045959473,2.9034738358470213,-0.002509488377534724,acinar,0
0.16182184219360352,0.1543554663658142,-0.007466375827789307,0.8261178908897192,-0.008829213139594607,ductal,0
0.24877452850341797,0.24698954820632935,-0.001784980297088623,1.2148868684057914,-0.0023704588599491555,alpha,0
0.20673340559005737,0.2044009566307068,-0.002332448959350586,1.138388278237359,-0.002931688994336728,ductal,0
0.3030722141265869,0.29611319303512573,-0.006959021091461182,1.2701844070864876,-0.009886562757822018,beta,0
0.2597888112068176,0.25260353088378906,-0.0071852803230285645,1.1195707011531961,-0.009613746679222459,alpha,0
0.25466686487197876,0.24407589435577393,-0.010590970516204834,1.3047506151297363,-0.014010626777378429,beta,0
0.24524754285812378,0.24489009380340576,-0.0003574490547180176,1.3375551901773244,-0.00047337354706210815,alpha,0
0.18062227964401245,0.1857336163520813,0.005111336708068848,0.9397462757786881,0.00627722918533125,acinar,0
0.28434473276138306,0.28775864839553833,0.0034139156341552734,1.6107859294371933,0.004793200544260407,delta,0
0.28435784578323364,0.27900731563568115,-0.00535053014755249,1.0641349887313432,-0.007421060245943991,beta,0
0.29435479640960693,0.29232847690582275,-0.0020263195037841797,1.0856427909724642,-0.002863361655312102,beta,0
0.290618896484375,0.2848423719406128,-0.005776524543762207,1.1170812659900349,-0.008077274599499232,alpha,0
0.2662898302078247,0.2566816210746765,-0.009608209133148193,2.332496244126306,-0.012926101930964726,beta,0
0.24859094619750977,0.24724477529525757,-0.0013461709022521973,1.0091163936574143,-0.0017883248871241163,alpha,0
0.31183600425720215,0.31084954738616943,-0.0009864568710327148,1.5220957240758384,-0.0014314100314252883,delta,0
0.2512724995613098,0.23613357543945312,-0.01513892412185669,0.7901315483976388,-0.019818810769914555,alpha,0
0.25039762258529663,0.25030994415283203,-8.767843246459961e-05,1.219162223074279,-0.00011695290844630565,beta,0
0.15168631076812744,0.14297360181808472,-0.008712708950042725,1.1293727460587542,-0.010166208378791777,acinar,0
0.2123401165008545,0.20836299657821655,-0.0039771199226379395,1.1781996523795173,-0.005023918671622446,acinar,0
0.2481939196586609,0.24354082345962524,-0.0046530961990356445,0.9434084075345164,-0.006151153087092325,acinar,0
0.1929483413696289,0.1854512095451355,-0.007497131824493408,0.8692126278356171,-0.009204030393694185,ductal,0
0.1742822527885437,0.17393982410430908,-0.00034242868423461914,1.1064260020098637,-0.00041453237212812764,ductal,0
0.27909135818481445,0.27544569969177246,-0.003645658493041992,1.7445753304660305,-0.005031587682926067,beta,0
0.17542433738708496,0.17751359939575195,0.002089262008666992,0.922049164359193,0.002540178180614408,acinar,0
0.32596802711486816,0.33174556493759155,0.005777537822723389,1.184689988172306,0.008645715643000294,delta,0
0.24503058195114136,0.2603762149810791,0.015345633029937744,1.2471010812159546,0.020747890131122777,beta,0
0.3081505298614502,0.3238180875778198,0.01566755771636963,0.8632764978029898,0.023170625283729047,gamma,0
0.19638311862945557,0.19392991065979004,-0.0024532079696655273,1.1632027186040277,-0.003043417690480916,acinar,0
0.26171302795410156,0.2596302628517151,-0.0020827651023864746,1.2957251641016438,-0.0028131418639675276,beta,0
0.23403209447860718,0.23264575004577637,-0.0013863444328308105,1.0132404031063145,-0.0018066550526220615,beta,0
0.2345927357673645,0.23377007246017456,-0.0008226633071899414,2.5348598790457273,-0.0010736507119100784,acinar,0
0.20900094509124756,0.21246570348739624,0.0034647583961486816,0.8545049962754325,0.0043995015982052936,acinar,0
0.2897144556045532,0.2904011011123657,0.0006866455078125,1.5639525276232626,0.0009676530063517349,alpha,0
0.1806471347808838,0.17565512657165527,-0.004992008209228516,1.1762494968990742,-0.006055727851460267,acinar,0
0.2747640609741211,0.26714831590652466,-0.0076157450675964355,1.626173862855231,-0.0103919322734681,beta,0
0.2672233581542969,0.2613629102706909,-0.005860447883605957,1.2460890853481923,-0.007934137027635122,alpha,0
0.27417922019958496,0.27822375297546387,0.004044532775878906,1.4967534724519405,0.005603582540367827,beta,0
0.23277747631072998,0.23420482873916626,0.0014273524284362793,1.6622440986116434,0.0018638827744058937,alpha,0
0.2790801525115967,0.2849211096763611,0.005840957164764404,1.5900641977023067,0.008168269604659752,gamma,0
0.20993173122406006,0.20702111721038818,-0.002910614013671875,0.5857248272916201,-0.0036704811147462812,acinar,0
0.22331923246383667,0.21622151136398315,-0.007097721099853516,1.3079532229167492,-0.009055774307107406,alpha,0
0.2916516661643982,0.28276902437210083,-0.008882641792297363,2.2851511840114753,-0.012384632139627075,beta,0
0.18488478660583496,0.1808938980102539,-0.003990888595581055,1.85050141405504,-0.004872248645061387,acinar,0
0.1927080750465393,0.19033783674240112,-0.0023702383041381836,0.8404352141102808,-0.0029274411127250344,acinar,0
0.28648626804351807,0.2774520516395569,-0.009034216403961182,1.170082429783392,-0.012503275975609665,delta,0
0.27713507413864136,0.2783031463623047,0.00116807222366333,2.021995710347521,0.0016185081281367526,alpha,0
0.22845202684402466,0.22149384021759033,-0.006958186626434326,1.2683402772579333,-0.008937869712397805,ductal,0
0.32779818773269653,0.3254321813583374,-0.002366006374359131,1.9089724808442936,-0.0035074403328688554,delta,0
0.3784521818161011,0.38407981395721436,0.005627632141113281,0.7668762857185061,0.009136950320251967,delta,0
0.23866403102874756,0.23635703325271606,-0.002306997776031494,1.388366453821748,-0.0030210423934866936,alpha,0
0.19703680276870728,0.192801833152771,-0.004234969615936279,0.976305840759298,-0.005246505492545046,ductal,0
0.2909623980522156,0.28098052740097046,-0.009981870651245117,3.422063268621141,-0.013882615188659343,beta,0
0.2849069833755493,0.27604585886001587,-0.008861124515533447,2.125259780094675,-0.012239897545969084,beta,0
0.3525879979133606,0.35178202390670776,-0.000805974006652832,1.9684538387583963,-0.0012433687993509692,delta,0
0.2454473376274109,0.2584107518196106,0.012963414192199707,2.2727913986772066,0.01748058541033,alpha,0
0.29906773567199707,0.29994887113571167,0.0008811354637145996,1.2480040549327471,0.0012586730131327539,beta,0
0.2946549654006958,0.3006170392036438,0.005962073802947998,0.9174124671838068,0.008524762736797663,alpha,0
0.30429768562316895,0.3217286467552185,0.01743096113204956,1.5125037558483925,0.02569909675332978,beta,0
0.22455203533172607,0.21847832202911377,-0.006073713302612305,1.3876132705821516,-0.0077716504529751086,acinar,0
0.28899097442626953,0.28278249502182007,-0.006208479404449463,1.7249085339022732,-0.008656341153634202,beta,0
0.16487503051757812,0.16602951288223267,0.001154482364654541,0.8480264897221343,0.0013843204076015622,acinar,0
0.2564300298690796,0.25145214796066284,-0.004977881908416748,0.9154085456437324,-0.006650051689888696,alpha,0
0.2497120499610901,0.26160597801208496,0.011893928050994873,3.0735470032973162,0.016107833618389633,beta,0
0.226071298122406,0.22640222311019897,0.00033092498779296875,1.8514804697786769,0.00042777396429890337,beta,0
0.23305022716522217,0.23107421398162842,-0.00197601318359375,0.8123705312545398,-0.0025698360225710234,alpha,0
0.2593017816543579,0.2632759213447571,0.00397413969039917,1.1450479163952731,0.005394339353823274,beta,0
0.23114663362503052,0.2231607437133789,-0.007985889911651611,2.0491141563338675,-0.010279977288770217,acinar,0
0.19729995727539062,0.1951858401298523,-0.00211411714553833,0.968274618630676,-0.002626838903877426,ductal,0
0.17916733026504517,0.17547446489334106,-0.0036928653717041016,1.6971667098602257,-0.004478776234900232,ductal,0
0.2839511036872864,0.28168201446533203,-0.0022690892219543457,2.0093100932241277,-0.003158892395358007,beta,0
0.26033878326416016,0.25452542304992676,-0.0058133602142333984,1.0108429675731172,-0.007798200493995836,alpha,0
0.26254332065582275,0.2457869052886963,-0.016756415367126465,0.8851679430106487,-0.022217083586357586,alpha,0
0.18598520755767822,0.18256157636642456,-0.003423631191253662,0.7811287087647237,-0.004188243532809925,acinar,0
0.2111501693725586,0.20221096277236938,-0.008939206600189209,1.0413882647650161,-0.01120497547980045,acinar,0
0.2629815340042114,0.2732948064804077,0.010313272476196289,1.4511650254243103,0.01419182437137521,gamma,0
0.25507622957229614,0.25614452362060547,0.0010682940483093262,1.165946167288604,0.001436158074024121,alpha,0
0.2731623649597168,0.26419395208358765,-0.00896841287612915,2.672195327742926,-0.012188555532432865,alpha,0
0.19041377305984497,0.18171614408493042,-0.00869762897491455,0.6551060471938359,-0.010629109827894839,acinar,0
0.25015848875045776,0.25406479835510254,0.003906309604644775,1.2687671074136349,0.005236794826187026,beta,0
0.2997967004776001,0.30280834436416626,0.003011643886566162,2.4619472509791174,0.004319678616663254,delta,0
0.2319629192352295,0.22275447845458984,-0.009208440780639648,1.6373606373284244,-0.011847531475421502,alpha,0
0.1676235795021057,0.16757732629776,-4.6253204345703125e-05,1.2808986033254002,-5.556456570312984e-05,ductal,0
0.3272271156311035,0.32914745807647705,0.0019203424453735352,1.6531275994997614,0.002862540313058028,delta,0
0.2853308916091919,0.2670314311981201,-0.018299460411071777,1.5717367285231958,-0.02496622800754515,ductal,0
0.34103405475616455,0.3399468660354614,-0.001087188720703125,2.093742636161713,-0.001647123034130665,delta,0
0.1536339521408081,0.15333807468414307,-0.00029587745666503906,1.2383532389979621,-0.000349463519993129,acinar,0
0.2816597819328308,0.2908446788787842,0.00918489694595337,0.9342716891964437,0.012951883279154575,ductal,0
0.21166181564331055,0.2106078863143921,-0.001053929328918457,1.669680506872533,-0.001335115097613208,acinar,0
0.19010114669799805,0.18314892053604126,-0.006952226161956787,1.3184023559472016,-0.008511008109971574,acinar,0
0.2827446460723877,0.29388493299484253,0.011140286922454834,1.1987280129664835,0.01577687184852758,beta,0
0.27056050300598145,0.28614652156829834,0.015586018562316895,1.910918243057405,0.021833638180987158,alpha,0
0.22301530838012695,0.2194981575012207,-0.00351715087890625,0.9579350399018011,-0.004506268515197965,ductal,0
0.25817179679870605,0.2685990333557129,0.010427236557006836,1.7209423171337863,0.014256525534615632,beta,0
0.26825034618377686,0.2680966854095459,-0.00015366077423095703,1.0609829011512293,-0.00020994682107286245,beta,0
0.18816208839416504,0.18930977582931519,0.0011476874351501465,0.6965279910031432,0.0014156917166778483,acinar,0
0.2688097357749939,0.2682592272758484,-0.0005505084991455078,1.8305618977054086,-0.0007523272170499048,alpha,0
0.23918437957763672,0.23775821924209595,-0.0014261603355407715,0.8009471019679507,-0.0018710078239515119,acinar,0
0.2576623558998108,0.26546037197113037,0.00779801607131958,1.6983383387428803,0.010616195197317652,alpha,0
0.18745744228363037,0.1894572377204895,0.001999795436859131,1.029973056967113,0.00246723002156611,activated_stellate,0
0.273783802986145,0.27134060859680176,-0.0024431943893432617,1.0849505883877273,-0.0033529992451457177,alpha,0
0.24377906322479248,0.24517720937728882,0.0013981461524963379,1.5809484505237834,0.001852283966337185,ductal,0
0.24685359001159668,0.25551527738571167,0.00866168737411499,1.2210727962328196,0.011634472959631896,beta,0
0.3174881935119629,0.30762171745300293,-0.009866476058959961,1.0641244187825054,-0.014250123534587102,alpha,0
0.3147769570350647,0.30338025093078613,-0.011396706104278564,1.1795395415477705,-0.016360010062169836,beta,0
0.3023495674133301,0.2986481785774231,-0.0037013888359069824,0.7679738331360724,-0.005277506556408912,delta,0
0.28970855474472046,0.28310906887054443,-0.006599485874176025,1.565546731742337,-0.009205704225855656,alpha,0
0.19558405876159668,0.190299391746521,-0.005284667015075684,1.5399646415301773,-0.006526692658011817,acinar,0
0.2873913645744324,0.27917927503585815,-0.008212089538574219,1.139002345414968,-0.011392693431480817,alpha,0
0.24198037385940552,0.2357724905014038,-0.006207883358001709,1.2564973455333217,-0.008123082826571702,beta,0
0.2503959536552429,0.25830918550491333,0.00791323184967041,1.2639145807194467,0.010669178713042874,alpha,0
0.24745547771453857,0.235504150390625,-0.011951327323913574,1.138379488092037,-0.015632952526845236,alpha,0
0.2304919958114624,0.22523260116577148,-0.005259394645690918,0.8496298511126773,-0.00678835306390613,activated_stellate,0
0.2277156114578247,0.22612375020980835,-0.0015918612480163574,1.4660081452069234,-0.002056997160008377,ductal,0
0.23557448387145996,0.2309056520462036,-0.004668831825256348,0.5647529896018801,-0.006070557972084888,acinar,0
0.22120237350463867,0.21596872806549072,-0.005233645439147949,1.943165328179839,-0.006675301899928705,alpha,0
0.3301965594291687,0.3200947046279907,-0.010101854801177979,1.4583690416994664,-0.014857738084906019,alpha,0
0.26848727464675903,0.26500403881073,-0.0034832358360290527,1.0619087250304462,-0.004739122416935403,acinar,0
0.2885305881500244,0.3003225326538086,0.01179194450378418,1.189087901205576,0.016853400393912754,alpha,0
0.3175366520881653,0.3290584683418274,0.01152181625366211,1.6057183711178822,0.01717260850611969,beta,0
0.2258157730102539,0.2192479372024536,-0.006567835807800293,1.5295509395557925,-0.00841219142510722,acinar,0
0.3825126886367798,0.3804970979690552,-0.0020155906677246094,1.0464647702097134,-0.0032535613007086905,beta,0
0.18193542957305908,0.17706000804901123,-0.0048754215240478516,0.9399507161743946,-0.005924394939768845,ductal,0
0.24279797077178955,0.23781746625900269,-0.004980504512786865,0.6570463763553674,-0.006534529843318774,beta,0
0.31843018531799316,0.32299327850341797,0.004563093185424805,1.1721931642866226,0.006740100268632033,delta,0
0.2745806574821472,0.27841830253601074,0.0038376450538635254,1.3216943374691514,0.0053183791486826676,beta,0
0.23456573486328125,0.2341669201850891,-0.00039881467819213867,1.4983671685461235,-0.0005207592734026657,acinar,0
0.17353200912475586,0.1701829433441162,-0.0033490657806396484,1.0725222992415553,-0.004035908582231602,acinar,0
0.17357772588729858,0.16853106021881104,-0.005046665668487549,1.2491521060927013,-0.006069578100915759,acinar,0
0.23334193229675293,0.23669958114624023,0.0033576488494873047,1.3703877373741031,0.004398856291117265,acinar,0
0.234330415725708,0.2336428165435791,-0.0006875991821289062,0.7831100000691383,-0.0008972306869072452,acinar,0
0.18948262929916382,0.20306789875030518,0.013585269451141357,2.95224922341845,0.017046959747057323,activated_stellate,0
0.23027348518371582,0.21861374378204346,-0.011659741401672363,0.7424983765057918,-0.0149218665018598,acinar,0
0.2860814929008484,0.28621459007263184,0.00013309717178344727,2.1002674105742725,0.00018646664660320066,beta,0
0.2019680142402649,0.19521653652191162,-0.0067514777183532715,0.6350797328106258,-0.00838918544520652,ductal,0
0.2848135828971863,0.27747589349746704,-0.007337689399719238,0.6428622007102621,-0.010155632640740845,alpha,0
0.31191927194595337,0.31970566511154175,0.007786393165588379,2.216390993129955,0.011445623998713798,beta,0
0.19533145427703857,0.18931925296783447,-0.0060122013092041016,1.0215178621109904,-0.007416237934864333,acinar,0
0.26071709394454956,0.2610360383987427,0.00031894445419311523,1.304581213357673,0.00043161029599061377,beta,0
0.26538628339767456,0.26220422983169556,-0.003182053565979004,1.517101264920963,-0.004312919231365504,beta,0
0.19851303100585938,0.1965000033378601,-0.0020130276679992676,1.0964772841076544,-0.0025053238038104395,acinar,0
0.20897114276885986,0.2028910517692566,-0.0060800909996032715,0.7838688596421419,-0.007627678767248307,ductal,0
0.30572694540023804,0.30508285760879517,-0.0006440877914428711,1.0298807386018993,-0.0009268555229859054,beta,0
0.24863201379776,0.24649888277053833,-0.0021331310272216797,0.9414061509887526,-0.0028309593422567985,acinar,0
0.26852697134017944,0.26203471422195435,-0.006492257118225098,1.0667878632972017,-0.008797510185564126,beta,0
0.2797163128852844,0.2782009243965149,-0.0015153884887695312,1.5303430356954675,-0.00209946027916777,beta,0
0.23330867290496826,0.23689043521881104,0.0035817623138427734,1.4431232620472492,0.004693640964741143,alpha,0
0.29234635829925537,0.2837386131286621,-0.008607745170593262,1.1428716733404047,-0.012017603249830738,beta,0
0.2940974831581116,0.28405535221099854,-0.010042130947113037,0.5712753566984029,-0.014026406899088361,alpha,0
0.201654314994812,0.19884610176086426,-0.002808213233947754,1.3225859455665057,-0.003505210721835036,ductal,0
0.23661136627197266,0.22880476713180542,-0.007806599140167236,1.4551012108545365,-0.010122727433276895,alpha,0
0.20234763622283936,0.20594805479049683,0.0036004185676574707,1.3952146913607115,0.004534235561512961,acinar,0
0.2762889862060547,0.27380913496017456,-0.002479851245880127,1.2217350216616842,-0.003414875296929173,alpha,0
0.30288833379745483,0.3024687170982361,-0.00041961669921875,1.3016050328816895,-0.0006015740218461948,ductal,0
0.268382728099823,0.2648589015007019,-0.0035238265991210938,1.67790651454971,-0.004793401710657398,activated_stellate,0
0.2108290195465088,0.21195662021636963,0.0011276006698608398,0.9355080777016983,0.0014308865460813086,alpha,0
0.27505427598953247,0.2720050811767578,-0.003049194812774658,1.8815541948818908,-0.00418848364725332,alpha,0
0.268904447555542,0.2658315896987915,-0.0030728578567504883,1.2423174160896469,-0.0041854945181988715,ductal,0
0.191389799118042,0.1933441162109375,0.001954317092895508,1.5122778075803347,0.002422739525205713,acinar,0
0.19089239835739136,0.19198834896087646,0.0010959506034851074,1.1569280228654502,0.0013563549511639926,acinar,0
0.21097421646118164,0.20624208450317383,-0.0047321319580078125,0.5728473973588926,-0.00596168159790368,acinar,0
0.31209617853164673,0.3521239757537842,0.04002779722213745,4.348251704410215,0.06178311239207931,alpha,0
0.25671637058258057,0.25483471155166626,-0.0018816590309143066,1.4598670807257914,-0.0025251565794650833,alpha,0
0.23117411136627197,0.22348028421401978,-0.007693827152252197,1.1567542299919233,-0.009908089898869644,alpha,0
0.31753259897232056,0.3182716369628906,0.0007390379905700684,1.3481800399546362,0.0010840651946438663,beta,0
0.25006431341171265,0.2460097074508667,-0.004054605960845947,1.240161606320068,-0.005377530720107688,alpha,0
0.3103395104408264,0.31472039222717285,0.0043808817863464355,1.6050476999301426,0.006392838392761156,beta,0
0.28171491622924805,0.27508676052093506,-0.006628155708312988,1.0502205192953242,-0.009143377920751032,alpha,0
0.26514971256256104,0.2699515223503113,0.004801809787750244,1.1701671335678812,0.006577384837797547,beta,0
0.2748461365699768,0.2794281244277954,0.0045819878578186035,1.039968004330704,0.006358821393327428,beta,0
0.26020699739456177,0.25650495290756226,-0.0037020444869995117,0.706527231360394,-0.004979245660716878,alpha,0
0.4050084352493286,0.38677310943603516,-0.018235325813293457,0.8073442075195233,-0.029736670217646557,delta,0
0.31015127897262573,0.3021833300590515,-0.007967948913574219,1.3244083294584426,-0.011418398637923759,alpha,0
0.2721644639968872,0.2713325023651123,-0.0008319616317749023,0.5857073137565906,-0.0011417575704629165,alpha,0
0.31037890911102295,0.3142026662826538,0.0038237571716308594,1.324923921846218,0.005575637267214623,alpha,0
0.28523969650268555,0.27841776609420776,-0.006821930408477783,1.4285078125964101,-0.00945412745481818,ductal,0
0.2270348072052002,0.21750235557556152,-0.009532451629638672,0.8683739473887909,-0.012182083483011901,ductal,0
0.295251727104187,0.3050575852394104,0.009805858135223389,0.8747117081523723,0.014110317526958755,delta,0
0.22330540418624878,0.22164177894592285,-0.0016636252403259277,1.0904627262446172,-0.002137351665757438,alpha,0
0.28123724460601807,0.24321699142456055,-0.03802025318145752,1.7702801773993424,-0.05023930605025931,ductal,0
0.19590038061141968,0.19484424591064453,-0.0010561347007751465,0.7727143790840116,-0.001311714777434153,ductal,0
0.25693821907043457,0.2505895495414734,-0.006348669528961182,1.0191000620446207,-0.00847155190466953,alpha,0
0.25751906633377075,0.254679799079895,-0.0028392672538757324,1.0058422974331767,-0.003809459679706292,alpha,0
0.17161405086517334,0.16976475715637207,-0.0018492937088012695,0.7976803216176633,-0.0022274333988367896,ductal,0
0.21290820837020874,0.2060728669166565,-0.006835341453552246,1.094455641411852,-0.008609532498286209,acinar,0
0.30590295791625977,0.29827046394348145,-0.00763249397277832,1.6286028592642101,-0.010876689066944997,beta,0
0.2721632122993469,0.27063703536987305,-0.001526176929473877,1.0673151590945116,-0.0020924793326294387,beta,0
0.27219414710998535,0.2665078639984131,-0.005686283111572266,1.0824240227150468,-0.0077523436618821,alpha,0
0.2980741262435913,0.2946280241012573,-0.0034461021423339844,1.4715888012189329,-0.004885510425819182,alpha,0
0.2795346975326538,0.2852623462677002,0.005727648735046387,1.8001074120752474,0.0080136378783699,alpha,0
0.2897074222564697,0.2894400358200073,-0.00026738643646240234,1.8399589682914321,-0.00037630383069917853,alpha,0
0.2991864085197449,0.29675978422164917,-0.002426624298095703,0.8267840506709843,-0.0034506335724982674,beta,0
0.29498225450515747,0.2875562310218811,-0.007426023483276367,1.5030068451817564,-0.010423311714730486,beta,0
0.2651781439781189,0.2704450488090515,0.005266904830932617,1.0629719560925213,0.007219339437467672,ductal,0
0.20577621459960938,0.19955772161483765,-0.0062184929847717285,2.0405161243748013,-0.007768821253816219,acinar,0
0.2936927080154419,0.2911587953567505,-0.0025339126586914062,1.2955997367088554,-0.0035747253998399983,beta,0
0.4340187907218933,0.42431652545928955,-0.00970226526260376,1.5956827194284717,-0.016853471901975964,beta,0
0.31236153841018677,0.3009575605392456,-0.011403977870941162,1.5079143051628188,-0.01631371319849802,alpha,0
0.2898300886154175,0.27943164110183716,-0.010398447513580322,1.21397381803768,-0.014430896645921034,alpha,0
0.3031161427497864,0.2924649715423584,-0.010651171207427979,0.8239576795931675,-0.015053913628342202,beta,0
0.1935122013092041,0.19273805618286133,-0.0007741451263427734,1.1906180537590825,-0.0009589763673018297,ductal,0
0.33036166429519653,0.3115239143371582,-0.01883774995803833,4.849503344924297,-0.027361516761910433,ductal,0
0.2780904173851013,0.2825745940208435,0.0044841766357421875,1.3124434551028485,0.006250373346650714,beta,0
0.17306751012802124,0.16706186532974243,-0.006005644798278809,0.8833381803305855,-0.007210193108346894,ductal,0
0.2668604850769043,0.261322021484375,-0.005538463592529297,0.8032891349195738,-0.007497805205536046,activated_stellate,0
0.277637243270874,0.2732178568840027,-0.004419386386871338,0.9287054717357532,-0.006080758076861537,ductal,0
0.29033732414245605,0.28035926818847656,-0.009978055953979492,1.9306179104001213,-0.013865329619214469,beta,0
0.2701384425163269,0.27006280422210693,-7.56382942199707e-05,1.0575385291824322,-0.00010362301668894003,beta,0
0.3130311965942383,0.3126433491706848,-0.0003878474235534668,2.414127377565195,-0.0005642593595122968,alpha,0
0.3182111382484436,0.30395078659057617,-0.014260351657867432,1.969821264679381,-0.02048756234924345,alpha,0
0.2995561361312866,0.3118804693222046,0.012324333190917969,1.4820713619438886,0.017910163338596918,alpha,0
0.3030015230178833,0.3067018985748291,0.0037003755569458008,1.6873195720978382,0.005337351349064945,beta,0
0.2713911533355713,0.27405846118927,0.0026673078536987305,1.776014206152454,0.003674273630998488,beta,0
0.23527473211288452,0.23263400793075562,-0.0026407241821289062,1.461996612231739,-0.003441283832513934,alpha,0
0.2730916738510132,0.2693254351615906,-0.0037662386894226074,1.0074789479443202,-0.005154468036335055,beta,0
0.27791857719421387,0.27460306882858276,-0.0033155083656311035,1.7141817362763534,-0.004570612616567055,beta,0
0.3388795256614685,0.32335948944091797,-0.015520036220550537,1.0960257104438442,-0.02293690072994141,alpha,0
0.2512800693511963,0.24467766284942627,-0.0066024065017700195,0.8044450460265291,-0.008741177345128385,alpha,0
0.2973112463951111,0.2944061756134033,-0.0029050707817077637,0.9280720023602393,-0.004117199841188048,beta,0
0.17676299810409546,0.17410153150558472,-0.002661466598510742,0.7083852119750096,-0.003222510635432591,acinar,0
0.2704099416732788,0.2656691074371338,-0.0047408342361450195,2.1913348862366058,-0.00645599182079781,alpha,0
0.28727978467941284,0.2825402617454529,-0.004739522933959961,1.1009035105869371,-0.006605977563968096,beta,0
0.3034529685974121,0.29638612270355225,-0.007066845893859863,1.3672709304419073,-0.010043642005773642,alpha,0
0.2674853801727295,0.2592686414718628,-0.0082167387008667,0.9995504559947725,-0.011092737746642302,alpha,0
0.2712929844856262,0.26712846755981445,-0.004164516925811768,1.17623386404043,-0.005682465127203807,alpha,0
0.2501349449157715,0.2462552785873413,-0.0038796663284301758,1.3932704374561355,-0.005147188720816452,alpha,0
0.29283320903778076,0.30168819427490234,0.008854985237121582,0.8104951099775765,0.012680560695844082,beta,0
0.2900742292404175,0.29930198192596436,0.009227752685546875,1.8566132605543442,0.013169371751486632,beta,0
0.243780255317688,0.24085891246795654,-0.0029213428497314453,0.9409774374758686,-0.003848221230165117,activated_stellate,0
0.3158841133117676,0.31518006324768066,-0.0007040500640869141,2.552896336422735,-0.0010280805600166832,beta,0
0.2365909218788147,0.23877626657485962,0.002185344696044922,0.5903476354438251,0.0028708310055073068,activated_stellate,0
0.2994859218597412,0.29622483253479004,-0.003261089324951172,1.3663406233923063,-0.0046337089964351135,beta,0
0.3002746105194092,0.29592788219451904,-0.004346728324890137,1.29377026901874,-0.006173697572967999,alpha,0
0.21346515417099,0.21946567296981812,0.006000518798828125,0.5692559204510063,0.007687706473665566,endothelial,0
0.1794642210006714,0.174888014793396,-0.004576206207275391,1.2548549051717803,-0.005546163780580076,acinar,0
0.20410382747650146,0.20194154977798462,-0.0021622776985168457,1.1347146061090685,-0.002709422722001518,ductal,0
0.23148733377456665,0.22874528169631958,-0.0027420520782470703,1.3553560483483893,-0.0035553131970174753,alpha,0
0.3164020776748657,0.3133949637413025,-0.0030071139335632324,2.612764944373265,-0.004379685226238595,alpha,0
0.24082356691360474,0.24022477865219116,-0.0005987882614135742,1.041296464130553,-0.0007881123845436146,alpha,0
0.18682336807250977,0.18322211503982544,-0.003601253032684326,1.0413264072279134,-0.004409097135214331,ductal,0
0.33818644285202026,0.3504132628440857,0.01222681999206543,1.1160259951436142,0.018822459407958538,gamma,0
0.30716508626937866,0.30298322439193726,-0.004181861877441406,0.7353902568967775,-0.005999657431190574,beta,0
0.29406529664993286,0.2949099540710449,0.0008446574211120605,1.328937453322055,0.0011979426258942937,beta,0
0.21687579154968262,0.21014904975891113,-0.006726741790771484,1.0748392806220097,-0.008516469833603744,ductal,0
0.2614440321922302,0.25991708040237427,-0.001526951789855957,0.8666943437647957,-0.00206321717394335,acinar,0
0.23036402463912964,0.2269192337989807,-0.0034447908401489258,1.0537476067349607,-0.004455926199117465,alpha,0
0.29402661323547363,0.2960857152938843,0.0020591020584106445,2.085310610622922,0.0029252170372850435,delta,0
0.3157786726951599,0.3203062415122986,0.004527568817138672,0.9362483284926716,0.006661189337993009,delta,0
0.3344448208808899,0.3352314233779907,0.0007866024971008301,0.8020629754821252,0.0011832726828002525,beta,0
0.2646738290786743,0.26890677213668823,0.004232943058013916,1.16187862913993,0.005789881367640469,alpha,0
0.3321903944015503,0.325411319732666,-0.006779074668884277,0.7483600797190991,-0.010049197188126231,beta,0
0.1965370774269104,0.19041156768798828,-0.006125509738922119,1.1658701684109405,-0.007566202152158932,ductal,0
0.2883865237236023,0.28307539224624634,-0.005311131477355957,1.3896490178227894,-0.007408214782857897,alpha,0
0.29899322986602783,0.2821328043937683,-0.01686042547225952,1.1239427670901845,-0.023486830956276055,alpha,0
0.42325925827026367,0.3813849687576294,-0.04187428951263428,0.4808676840662525,-0.06769038480771754,ductal,0
0.293657124042511,0.2862142324447632,-0.007442891597747803,0.9767363597563126,-0.010427346601824516,alpha,0
0.18894660472869873,0.19020318984985352,0.0012565851211547852,1.728352857927805,0.001551728909529538,acinar,0
0.3008641004562378,0.2960864305496216,-0.004777669906616211,1.2360727965501026,-0.006787296216418524,alpha,0
0.20419299602508545,0.20645475387573242,0.0022617578506469727,0.6976715648018876,0.0028501939387748356,ductal,0
0.20752131938934326,0.20199650526046753,-0.005524814128875732,1.5047424656093986,-0.006923295656341738,ductal,0
0.2490248680114746,0.2420825958251953,-0.006942272186279297,1.513285443238991,-0.009159668518019866,alpha,0
0.2667231559753418,0.2585902214050293,-0.0081329345703125,2.016902313967276,-0.01096955395668647,alpha,0
0.17935490608215332,0.18073976039886475,0.0013848543167114258,1.057215951380519,0.0016903716911559818,ductal,0
0.29622483253479004,0.2962900996208191,6.526708602905273e-05,0.9688895712685486,9.274714764405728e-05,acinar,0
0.24045461416244507,0.23984122276306152,-0.0006133913993835449,0.9495830556684975,-0.0008069253657941428,alpha,0
0.2991323471069336,0.29040616750717163,-0.008726179599761963,0.9385312999192273,-0.01229742875456877,alpha,0
0.21154272556304932,0.20662778615951538,-0.0049149394035339355,1.345267969794379,-0.006194998158231608,ductal,0
0.2859518527984619,0.28023749589920044,-0.005714356899261475,0.9578219813364823,-0.007939225601089667,alpha,0
0.27638840675354004,0.27949315309524536,0.0031047463417053223,1.6583057660098446,0.0043091142784320345,alpha,0
0.17494720220565796,0.17496585845947266,1.8656253814697266e-05,1.0522472355613899,2.2612705190432212e-05,ductal,0
0.31991058588027954,0.31833088397979736,-0.0015797019004821777,0.9235079724772102,-0.0023174027740980423,alpha,0
0.21187275648117065,0.19986450672149658,-0.012008249759674072,1.2753033947482288,-0.01500777038457705,acinar,0
0.2895461916923523,0.28403615951538086,-0.0055100321769714355,2.220399143614182,-0.007695964328647972,beta,0
0.32922112941741943,0.3194112777709961,-0.00980985164642334,1.0843629112980915,-0.014413773437642314,beta,0
0.22900903224945068,0.22771525382995605,-0.001293778419494629,2.1256934918892014,-0.0016752608748402769,ductal,0
0.2832995653152466,0.2698017358779907,-0.01349782943725586,1.0161380705985368,-0.0184851568409104,alpha,0
0.21888118982315063,0.22381937503814697,0.004938185214996338,0.6513687055241191,0.006362159858395119,activated_stellate,0
0.20130354166030884,0.19989937543869019,-0.0014041662216186523,1.1453295470445737,-0.0017549870335228745,ductal,0
0.30409109592437744,0.29835671186447144,-0.005734384059906006,0.8747454977138169,-0.008172791155950399,beta,0
0.2895987629890442,0.29618948698043823,0.006590723991394043,1.945248074505615,0.00936434433625867,beta,0
0.2986399531364441,0.3008185625076294,0.0021786093711853027,1.1093940617039875,0.003115942807347593,alpha,0
0.19599205255508423,0.1847640872001648,-0.011227965354919434,0.39489625249161336,-0.013772657924696008,acinar,0
0.3219151496887207,0.3123661279678345,-0.00954902172088623,0.8303038641100893,-0.013886782064219715,beta,0
0.2902414798736572,0.2882937788963318,-0.0019477009773254395,0.7957065652576348,-0.002736664257767861,alpha,0
0.27189886569976807,0.2586359977722168,-0.01326286792755127,1.6237201179508736,-0.01788981915455381,alpha,0
0.26463907957077026,0.2591630220413208,-0.005476057529449463,1.0201432314496188,-0.007391717331035944,alpha,0
0.21956241130828857,0.2167937159538269,-0.00276869535446167,1.4142082029920184,-0.003535078064182698,acinar,0
0.32876425981521606,0.32500165700912476,-0.0037626028060913086,1.5553055306534322,-0.005574240063196973,alpha,0
0.2829020619392395,0.2792317271232605,-0.003670334815979004,0.873664623529568,-0.005092253577325091,beta,0
0.17167478799819946,0.17702990770339966,0.005355119705200195,0.45059210418003426,0.006507064783188011,endothelial,0
0.2698022127151489,0.25610196590423584,-0.013700246810913086,1.1551881499627097,-0.0184168342742917,alpha,0
0.2935293912887573,0.28780263662338257,-0.005726754665374756,1.7582464844263663,-0.00804096583315542,alpha,0
0.40070390701293945,0.4107680320739746,0.010064125061035156,1.1865278825364844,0.017080073059272047,gamma,0
0.3096962571144104,0.30245405435562134,-0.0072422027587890625,1.1485731068162277,-0.01038240248403833,alpha,0
0.294964075088501,0.2910139560699463,-0.0039501190185546875,1.1313466320725742,-0.005571504618988514,beta,0
0.29889631271362305,0.30294114351272583,0.004044830799102783,1.5149868143629284,0.005802710576673704,beta,0
0.20040994882583618,0.2002539038658142,-0.00015604496002197266,0.8682690152397117,-0.00019511812658575402,ductal,0
0.32938939332962036,0.3432348370552063,0.013845443725585938,2.1746471082666594,0.021081269998405438,delta,0
0.29321974515914917,0.28070956468582153,-0.012510180473327637,0.9123473439602103,-0.017392390971893462,beta,0
0.3206840753555298,0.3382223844528198,0.01753830909729004,1.880590519790589,0.02650181675121902,beta,0
0.2658998966217041,0.25708770751953125,-0.008812189102172852,0.7918605462879362,-0.01186168164313222,alpha,0
0.21564245223999023,0.2150706648826599,-0.0005717873573303223,2.2474786143683034,-0.0007284571129512506,activated_stellate,0
0.2723309397697449,0.26314419507980347,-0.009186744689941406,1.1069019186733677,-0.012467493135833212,alpha,0
0.33270949125289917,0.3328189253807068,0.00010943412780761719,1.977435505872742,0.0001640246283515498,beta,0
0.29289335012435913,0.29775500297546387,0.004861652851104736,1.8684440922625893,0.006923015289114082,alpha,0
0.23629915714263916,0.23922020196914673,0.0029210448265075684,0.9141346997466948,0.0038395404742189356,acinar,0
0.31519615650177,0.30376893281936646,-0.011427223682403564,2.4485821708569424,-0.01641297583671145,alpha,0
0.2537328004837036,0.25594478845596313,0.0022119879722595215,1.3789560645637553,0.002972881498496977,alpha,0
0.30964064598083496,0.3033498525619507,-0.006290793418884277,0.6736127513606648,-0.009030061131859153,alpha,0
0.2971346974372864,0.30325162410736084,0.006116926670074463,1.236562685641783,0.008779247834252591,alpha,0
0.3058992624282837,0.30789846181869507,0.001999199390411377,2.9878043301080437,0.0028885926126747904,beta,0
0.25891560316085815,0.2579241394996643,-0.0009914636611938477,1.3685512912625786,-0.0013360677984126383,alpha,0
0.29789572954177856,0.28834855556488037,-0.009547173976898193,3.2342399220121782,-0.013415519706387102,alpha,0
0.2572442293167114,0.2534102201461792,-0.0038340091705322266,1.0257707820688686,-0.00513536251632444,acinar,0
0.3271968960762024,0.33134138584136963,0.004144489765167236,1.8712764959618107,0.006198214869903719,beta,0
0.32126444578170776,0.308695912361145,-0.012568533420562744,0.9363293061275376,-0.018180904243587644,alpha,0
0.2544834613800049,0.2561318278312683,0.0016483664512634277,1.544199575048939,0.002215938943129736,alpha,0
0.26588404178619385,0.2635510563850403,-0.0023329854011535645,2.049454801810884,-0.0031678847819399244,alpha,0
0.1949406862258911,0.1954636573791504,0.0005229711532592773,1.2530820185394433,0.0006500280043977276,ductal,0
0.23643845319747925,0.22640657424926758,-0.01003187894821167,1.5444423604250477,-0.012967895814880084,ductal,0
0.22839444875717163,0.2221929430961609,-0.006201505661010742,0.786298227316291,-0.00797306427855853,ductal,0
0.27510881423950195,0.26880770921707153,-0.00630110502243042,1.014758269981271,-0.008617575844082648,activated_stellate,0
0.2681673765182495,0.26936769485473633,0.0012003183364868164,1.1432526566603691,0.0016428487052022292,acinar,0
0.25754523277282715,0.25692594051361084,-0.0006192922592163086,1.72738497230228,-0.0008334192955737976,alpha,0
0.2800193428993225,0.27786052227020264,-0.002158820629119873,1.4996858362045191,-0.00298947875818477,beta,0
0.35395681858062744,0.3675689697265625,0.013612151145935059,0.9681583238391388,0.021523534574275582,beta,0
0.16109514236450195,0.16105759143829346,-3.7550926208496094e-05,1.2912365732395599,-4.475983789265568e-05,acinar,0
0.25751447677612305,0.261665403842926,0.0041509270668029785,1.4914228239172211,0.005622013499581302,alpha,0
0.2494404911994934,0.2425188422203064,-0.006921648979187012,1.3093478770169993,-0.009137717695151051,alpha,0
0.22511857748031616,0.21525108814239502,-0.009867489337921143,0.9958769552177361,-0.012574072023322063,acinar,0
0.27600306272506714,0.28519904613494873,0.009195983409881592,1.9979011981091581,0.012865096724000344,alpha,0
0.3095095157623291,0.30116426944732666,-0.008345246315002441,1.6111718538064854,-0.011941642291819586,alpha,0
0.24133968353271484,0.2409493327140808,-0.0003903508186340332,1.196966610746294,-0.0005142618740192686,acinar,0
0.1963527798652649,0.202478289604187,0.006125509738922119,0.8913767968037254,0.007680680863072688,acinar,0
0.20132333040237427,0.19680464267730713,-0.004518687725067139,1.142251218112026,-0.005625888750315205,acinar,0
0.29659706354141235,0.2903655171394348,-0.006231546401977539,0.8616251434751466,-0.008781346668580598,delta,0
0.2727046608924866,0.2722812294960022,-0.000423431396484375,1.231147185464595,-0.0005818613091306112,ductal,0
0.22173500061035156,0.2201969027519226,-0.001538097858428955,0.9845006288620463,-0.001972418247448487,acinar,0
0.27539271116256714,0.2649359703063965,-0.010456740856170654,1.0274778540167446,-0.014225619039649286,alpha,0
0.31963860988616943,0.3088294267654419,-0.010809183120727539,0.9793956734090009,-0.01563895156899178,alpha,0
0.3034706711769104,0.28800737857818604,-0.015463292598724365,2.4216385228863437,-0.0217183326532864,alpha,0
0.22927379608154297,0.22275137901306152,-0.006522417068481445,1.5009919225738462,-0.00839167403114769,acinar,0
0.26676762104034424,0.2646937370300293,-0.0020738840103149414,2.2184053887189785,-0.002820435667089697,alpha,0
0.2988067865371704,0.30012691020965576,0.0013201236724853516,1.6966838682467698,0.0018862329352894696,alpha,0
0.31796371936798096,0.31093764305114746,-0.007026076316833496,1.4420876429235914,-0.0101965754564576,alpha,0
0.2710304260253906,0.26072871685028076,-0.010301709175109863,1.0403259518302863,-0.013934951092944771,alpha,0
0.20199233293533325,0.19446372985839844,-0.0075286030769348145,0.8198626023524587,-0.00934607584536373,acinar,0
0.28145384788513184,0.272543728351593,-0.008910119533538818,1.5858637727317533,-0.012248323206216364,alpha,0
0.28652846813201904,0.2763291597366333,-0.010199308395385742,0.6680313144500826,-0.014093850170436453,alpha,0
0.2752382755279541,0.269042432308197,-0.00619584321975708,2.2396484027358854,-0.00847633774327303,alpha,0
0.317587673664093,0.3233269453048706,0.005739271640777588,1.541567273690061,0.008481602157726495,beta,0
0.2555275559425354,0.25564879179000854,0.00012123584747314453,2.015342913085371,0.00016287452231681241,acinar,0
0.2865690588951111,0.2815834879875183,-0.0049855709075927734,0.9446045482031503,-0.006939666369341682,activated_stellate,0
0.26672232151031494,0.2666621804237366,-6.014108657836914e-05,2.6236421152701443,-8.201007090172958e-05,alpha,0
0.27632027864456177,0.2807663679122925,0.004446089267730713,1.1693805216332274,0.00618170378771794,quiescent_stellate,0
0.2762254476547241,0.2722744941711426,-0.003950953483581543,3.313113203078501,-0.005429180991920197,alpha,0
0.2809073328971863,0.2710476517677307,-0.009859681129455566,1.1077388166835764,-0.01352582394907648,alpha,0
0.19358843564987183,0.19002729654312134,-0.0035611391067504883,1.4705743997454552,-0.004396616196511215,acinar,0
0.2715468406677246,0.2725381851196289,0.0009913444519042969,0.7012635556766176,0.0013627443140329235,alpha,0
0.3179410696029663,0.332053542137146,0.014112472534179688,0.9773470176655695,0.021128149371932636,beta,0
0.2769181728363037,0.27063119411468506,-0.006286978721618652,0.6275431872302076,-0.00861975268326352,alpha,0
0.3004797697067261,0.29623281955718994,-0.004246950149536133,1.9026403503600389,-0.006034595342829078,alpha,0
0.23276346921920776,0.23343652486801147,0.0006730556488037109,2.0932998010367716,0.0008780168513609689,ductal,0
0.2456931471824646,0.2510012984275818,0.0053081512451171875,1.240803199392472,0.007086996591547442,alpha,0
0.17678993940353394,0.17613756656646729,-0.0006523728370666504,0.9427584644318487,-0.000791846806690552,ductal,0
0.2588406801223755,0.25982892513275146,0.0009882450103759766,2.143569802733273,0.0013351575655036515,alpha,0
0.2202649712562561,0.21494531631469727,-0.005319654941558838,0.9787278130073036,-0.0067761584665499254,acinar,0
0.3226346969604492,0.3233330249786377,0.0006983280181884766,0.8697035569512416,0.0010320113792555495,alpha,0
0.32832711935043335,0.3130248785018921,-0.01530224084854126,0.712874756644199,-0.022274810789612277,beta,0
0.27979278564453125,0.2748482823371887,-0.004944503307342529,0.8037909484161887,-0.006818577667138171,alpha,0
0.2846042513847351,0.2792179584503174,-0.005386292934417725,0.8802219227677949,-0.007472845636993377,alpha,0
0.28610193729400635,0.2923237681388855,0.00622183084487915,1.128120750826157,0.008791917214057601,beta,0
0.30981892347335815,0.3048192262649536,-0.004999697208404541,1.0442106031626663,-0.007191938265988454,beta,0
0.26763272285461426,0.2694854736328125,0.0018527507781982422,1.5125341413786941,0.0025362271540469972,alpha,0
0.2143305540084839,0.21505475044250488,0.0007241964340209961,1.4395077006044428,0.0009226075760433666,alpha,0
0.34392112493515015,0.33854591846466064,-0.005375206470489502,0.9556398113959368,-0.008126348631809482,alpha,0
0.1720261573791504,0.17550694942474365,0.0034807920455932617,0.9029017822537204,0.004221736063347873,ductal,0
0.3134143352508545,0.30450332164764404,-0.00891101360321045,0.9941002054230386,-0.012812445954912106,alpha,0
0.26713794469833374,0.26468920707702637,-0.002448737621307373,2.3124686327496486,-0.0033302076412794973,alpha,0
0.24773812294006348,0.24292945861816406,-0.004808664321899414,1.51562311071345,-0.006351672742572237,alpha,0
0.29552966356277466,0.29177677631378174,-0.00375288724899292,1.2453131366161756,-0.005299017489795922,alpha,0
0.2799082398414612,0.2743756175041199,-0.005532622337341309,1.701271330289673,-0.00762463675532943,alpha,0
0.30831944942474365,0.3144304156303406,0.006110966205596924,0.7261511830457158,0.008913706711792932,alpha,0
0.27838367223739624,0.2802145481109619,0.0018308758735656738,1.2746413547195727,0.002543641120782087,beta,0
0.3257041573524475,0.31154704093933105,-0.014157116413116455,1.0260352194945077,-0.020563665573364004,beta,0
0.2988833785057068,0.30724436044692993,0.008360981941223145,1.7338297737344093,0.012069164744176193,alpha,0
0.2533687353134155,0.2541746497154236,0.0008059144020080566,1.0228725348222443,0.0010805671886864032,ductal,0
0.22186094522476196,0.21657752990722656,-0.0052834153175354,1.734322301877277,-0.00674401809908482,ductal,0
0.19474345445632935,0.18856483697891235,-0.006178617477416992,0.8184527824985858,-0.00761443151466733,ductal,0
0.25751006603240967,0.2673293352127075,0.009819269180297852,2.129196950155143,0.013402023108361466,beta,0
0.243064284324646,0.23315930366516113,-0.009904980659484863,0.8188408270410054,-0.012916607982370149,endothelial,0
0.29542428255081177,0.2866603136062622,-0.00876396894454956,0.8158641965413918,-0.012285828353186794,alpha,0
0.27991044521331787,0.29041171073913574,0.010501265525817871,1.733371340164137,0.014799096440495674,beta,0
0.28182077407836914,0.28555625677108765,0.003735482692718506,1.9418241684433732,0.005228519009538912,alpha,0
0.3150984048843384,0.30857205390930176,-0.006526350975036621,1.1537088113317813,-0.009438945897307607,beta,0
0.29427027702331543,0.29856228828430176,0.004292011260986328,1.447690253068906,0.006118877256382725,alpha,0
0.3206947445869446,0.32850784063339233,0.007813096046447754,1.164468633913876,0.011635424088670734,alpha,0
0.30624014139175415,0.3083421587944031,0.0021020174026489258,2.0974576433775347,0.003039100083048283,alpha,0
0.23373878002166748,0.23592323064804077,0.002184450626373291,0.8533914200131639,0.0028589412922814046,ductal,0
0.3056514263153076,0.2998439073562622,-0.00580751895904541,0.9808131245744112,-0.008294606045798512,beta,0
0.1973896622657776,0.20031380653381348,0.0029241442680358887,0.7564677856755382,0.0036566146720145064,activated_stellate,0
0.24309080839157104,0.23424595594406128,-0.008844852447509766,1.4048022960194804,-0.011550513531292099,alpha,0
0.2803633213043213,0.2639683485031128,-0.016394972801208496,1.1923572560003721,-0.022274820339404703,alpha,0
0.3084290623664856,0.2966039776802063,-0.011825084686279297,2.3415927198712976,-0.016811418192670857,alpha,0
0.20668596029281616,0.20332938432693481,-0.0033565759658813477,0.8069006632805588,-0.0042132543862503985,endothelial,0
0.30005180835723877,0.29154521226882935,-0.008506596088409424,1.495185371446101,-0.012007253300738967,alpha,0
0.28133636713027954,0.27895587682724,-0.0023804903030395508,0.9144571240485383,-0.0033014488663534844,beta,0
0.21348577737808228,0.20113980770111084,-0.012345969676971436,0.9052446546579176,-0.01545448101681384,acinar,0
0.2646329402923584,0.2609063982963562,-0.0037265419960021973,1.1976747644237788,-0.005042043372331125,alpha,0
0.48407745361328125,0.4631883502006531,-0.020889103412628174,1.5301202380557601,-0.03891328256463183,ductal,0
0.37988972663879395,0.3687865734100342,-0.011103153228759766,0.9638537931263764,-0.017590172770472985,alpha,0
0.28608691692352295,0.27977240085601807,-0.006314516067504883,1.103313075631192,-0.00876738974597742,alpha,0
0.2757471203804016,0.276633083820343,0.0008859634399414062,1.3349204178656435,0.0012247773849272455,alpha,0
0.27287882566452026,0.2895917296409607,0.01671290397644043,1.659671978789089,0.023525773380979578,beta,0
0.3174569010734558,0.3062250018119812,-0.01123189926147461,0.7977975419101323,-0.016189541696961917,alpha,0
0.3044959306716919,0.29910808801651,-0.005387842655181885,1.8878702919592159,-0.007687123453792686,alpha,0
0.35194194316864014,0.3522515296936035,0.0003095865249633789,2.4358914495148944,0.0004779425026151571,alpha,0
0.3545736074447632,0.33871740102767944,-0.01585620641708374,0.9050178293451284,-0.023977958049592407,alpha,0
0.3355811834335327,0.3193727135658264,-0.0162084698677063,2.1506299630682824,-0.02381401714383646,quiescent_stellate,0
0.32565295696258545,0.3108123540878296,-0.01484060287475586,0.9052706771486501,-0.021533471998201104,alpha,0
0.3176029324531555,0.3192187547683716,0.0016158223152160645,0.9832682030492679,0.002373482416758262,alpha,0
0.3272201418876648,0.31734925508499146,-0.00987088680267334,1.3773151962125483,-0.014459644080374198,alpha,0
0.2984948754310608,0.2966805100440979,-0.0018143653869628906,0.8596584246642823,-0.0025797172023153386,beta,0
0.29239702224731445,0.30704545974731445,0.0146484375,1.084375715117694,0.021139103143271786,beta,0
0.26329511404037476,0.26117706298828125,-0.002118051052093506,1.2273705328451605,-0.0028667911430312167,alpha,0
0.3018302917480469,0.30974793434143066,0.007917642593383789,1.1983842229075699,0.011470653964402944,alpha,0
0.31793785095214844,0.3304522633552551,0.01251441240310669,1.257814033988989,0.01869084415969986,beta,0
0.3214160203933716,0.32134222984313965,-7.37905502319336e-05,0.8256216001113508,-0.00010873013391547575,alpha,0
0.3058679699897766,0.3057307004928589,-0.0001372694969177246,0.9598849903214567,-0.0001977179417484997,alpha,0
0.19203537702560425,0.18399840593338013,-0.008036971092224121,0.6914458924092535,-0.009849210039126428,acinar,0
0.1993662714958191,0.1918507218360901,-0.007515549659729004,0.566075288201802,-0.009299704723865002,ductal,0
0.30269867181777954,0.2980031967163086,-0.004695475101470947,1.4022185289725053,-0.006688741429458346,alpha,0
0.2897334098815918,0.2924625873565674,0.002729177474975586,2.4691307720261584,0.003857290690507938,alpha,0
0.3591957092285156,0.35804283618927,-0.0011528730392456055,1.1446669116732113,-0.0017958722236262952,beta,0
0.2779441475868225,0.286673367023468,0.008729219436645508,1.122244236141349,0.01223733845492447,beta,0
0.2648674249649048,0.2503088116645813,-0.014558613300323486,1.041838379995172,-0.019419480349834164,alpha,0
0.25008559226989746,0.24945271015167236,-0.0006328821182250977,1.6087137694143991,-0.0008432275044960751,acinar,0
0.29970985651016235,0.2817211151123047,-0.017988741397857666,1.1704334943277865,-0.025044229722373437,alpha,0
0.25174105167388916,0.2414889931678772,-0.010252058506011963,1.455146013717993,-0.013516031295088373,alpha,0
0.29668939113616943,0.3113245964050293,0.014635205268859863,1.9241031932151202,0.021251238526107195,alpha,0
0.3244752883911133,0.2607232928276062,-0.06375199556350708,0.06475342594362751,-0.08623563402578649,macrophage,0
0.30836546421051025,0.316985547542572,0.008620083332061768,2.2979866108798763,0.01262064558231153,beta,0
0.29203736782073975,0.3027745485305786,0.010737180709838867,2.062017841953578,0.015399869134452808,beta,0
0.2741164565086365,0.2660899758338928,-0.008026480674743652,1.769261878666323,-0.010936600414830966,alpha,0
0.29869818687438965,0.3052148222923279,0.006516635417938232,0.90557326939132,0.00937935296696856,alpha,0
0.2734487056732178,0.2741672396659851,0.000718533992767334,1.291052304233959,0.000989944284736718,ductal,0
0.22990047931671143,0.22660696506500244,-0.0032935142517089844,0.7657597194034891,-0.004258525876155323,acinar,0
0.4185450077056885,0.4101433753967285,-0.008401632308959961,1.2993272131422071,-0.014243516065638442,alpha,0
0.27748388051986694,0.278613805770874,0.00112992525100708,2.6916429494036263,0.0015663250281834397,alpha,0
0.37468618154525757,0.35701751708984375,-0.01766866445541382,2.1678032723896705,-0.027479231433249877,alpha,0
0.2929336428642273,0.28809261322021484,-0.004841029644012451,1.4111496194738158,-0.0068000834573583805,alpha,0
0.33655065298080444,0.42884600162506104,0.09229534864425659,2.7910921313992656,0.16159450674749284,alpha,0
0.31327444314956665,0.3120158314704895,-0.0012586116790771484,1.3454991018049047,-0.0018294195370327935,alpha,0
0.3003166913986206,0.29436397552490234,-0.005952715873718262,0.6784078136205366,-0.008435958011279705,activated_stellate,0
0.28524428606033325,0.27899646759033203,-0.006247818470001221,1.7906100100041824,-0.008665447794853887,beta,0
0.2918282151222229,0.2817118167877197,-0.010116398334503174,1.6925863094766522,-0.014084038371982252,alpha,0
0.31938254833221436,0.33427977561950684,0.01489722728729248,1.1628953354673404,0.022377609604929103,gamma,0
0.29589200019836426,0.30574947595596313,0.009857475757598877,1.8751711946520901,0.014198730020654056,alpha,0
0.28902459144592285,0.2949410676956177,0.005916476249694824,1.321470566084169,0.008391463434634726,alpha,0
0.21436446905136108,0.21441376209259033,4.929304122924805e-05,0.8871302645778336,6.274682377399003e-05,ductal,0
0.3385850787162781,0.3399127125740051,0.0013276338577270508,1.468826597711024,0.002011300449224145,alpha,0
0.29642820358276367,0.2800678610801697,-0.016360342502593994,0.741746359829944,-0.022724839770510423,alpha,0
0.2875405550003052,0.2885631322860718,0.0010225772857666016,1.0281135507537906,0.0014373408691237299,alpha,0
0.35942697525024414,0.354408860206604,-0.005018115043640137,0.6922124811392373,-0.0077728994937044035,alpha,0
0.2500566840171814,0.24837517738342285,-0.001681506633758545,0.7500358332150853,-0.002237162189381715,alpha,0
0.33295226097106934,0.32598060369491577,-0.0069716572761535645,0.834099406814488,-0.010343407495943861,quiescent_stellate,0
0.22463631629943848,0.22145521640777588,-0.0031810998916625977,1.3378577387929849,-0.004085956207920278,ductal,0
0.2388579249382019,0.23263806104660034,-0.0062198638916015625,1.515534153077309,-0.008105515241067073,ductal,0
0.23150110244750977,0.22562235593795776,-0.005878746509552002,0.631665951535895,-0.007591575705510687,acinar,0
0.31827956438064575,0.32109200954437256,0.0028124451637268066,0.9110531235595999,0.004142601358748663,delta,0
0.30594223737716675,0.3042507767677307,-0.0016914606094360352,0.925543267160995,-0.0024311354622545615,alpha,0
0.27929019927978516,0.2778360843658447,-0.0014541149139404297,0.8048811980973125,-0.002013552439356548,ductal,0
0.3429037928581238,0.34151577949523926,-0.0013880133628845215,1.995566505630954,-0.0021078916087321586,alpha,0
0.28077757358551025,0.2816804051399231,0.0009028315544128418,1.7815676047128177,0.001256866109282048,alpha,0
0.21463727951049805,0.2117519974708557,-0.002885282039642334,1.0028747660072443,-0.003660373423573192,acinar,0
0.32639360427856445,0.33144044876098633,0.005046844482421875,0.6553900735885855,0.007548833119007526,delta,0
0.2350449562072754,0.2204592227935791,-0.014585733413696289,0.671247754316771,-0.018710674079123912,acinar,0
0.2455824613571167,0.2391490936279297,-0.006433367729187012,1.2704582322979434,-0.008455490655669896,alpha,0
0.3015117645263672,0.30991214513778687,0.008400380611419678,1.7349748365580213,0.012172914727063187,alpha,0
0.28482234477996826,0.2833552956581116,-0.0014670491218566895,1.2894011223708728,-0.002047108020150536,alpha,0
0.26445138454437256,0.254122257232666,-0.010329127311706543,1.1008424343665781,-0.013848284671136203,acinar,0
0.31463533639907837,0.3230011463165283,0.008365809917449951,0.9352570940545858,0.012357199531332375,activated_stellate,0
0.2912951707839966,0.28365087509155273,-0.007644295692443848,1.3761431948608063,-0.010671187311662904,beta,0
0.20576393604278564,0.2030632495880127,-0.0027006864547729492,0.8040816558213867,-0.003388834124385395,acinar,0
0.351648211479187,0.3455471992492676,-0.006101012229919434,1.5083824310789906,-0.00932231052097397,beta,0
0.33263659477233887,0.3255331516265869,-0.007103443145751953,1.3907550614462083,-0.010531938171435802,alpha,0
0.20590078830718994,0.20364362001419067,-0.0022571682929992676,1.025689154285509,-0.0028343695733805624,acinar,0
0.31841719150543213,0.32112401723861694,0.0027068257331848145,1.4300829887856066,0.003987216814144141,beta,0
0.2797282934188843,0.2909865379333496,0.011258244514465332,2.617512382764959,0.015878745773951198,alpha,0
0.2771173119544983,0.2738681435585022,-0.0032491683959960938,1.1484704476091556,-0.004474625878444529,alpha,0
0.2229943871498108,0.22911357879638672,0.006119191646575928,1.2965142992446932,0.007937864098088289,ductal,0
0.4673299789428711,0.4330294132232666,-0.03430056571960449,1.4629674456897839,-0.06049796324462889,alpha,0
0.27596116065979004,0.27097851037979126,-0.004982650279998779,1.2205106989300785,-0.00683470974579164,ductal,0
0.35452669858932495,0.3429063558578491,-0.01162034273147583,0.5863842042202728,-0.017684454620842397,alpha,0
0.29628562927246094,0.28838860988616943,-0.007897019386291504,1.0918793405625276,-0.01109737631522211,alpha,0
0.33174562454223633,0.3312765955924988,-0.00046902894973754883,1.157345003074312,-0.0007013795937845414,alpha,0
0.2807720899581909,0.2689681053161621,-0.011803984642028809,2.2639442536714136,-0.016147017288669577,acinar,0
0.3064507246017456,0.3016587495803833,-0.004791975021362305,0.8563700590527066,-0.006861938942433832,ductal,0
0.20110833644866943,0.19867902994155884,-0.0024293065071105957,0.897303674425977,-0.003031627272818561,acinar,0
0.2868947982788086,0.2740321755409241,-0.012862622737884521,3.7612010943078302,-0.017717896447364673,alpha,0
0.33976268768310547,0.3459817171096802,0.006219029426574707,1.675381745976785,0.009508953479237293,delta,0
0.2780998945236206,0.27964818477630615,0.0015482902526855469,0.976858965031035,0.0021493528855823733,alpha,0
0.2763100862503052,0.2753843665122986,-0.0009257197380065918,1.168744163118989,-0.0012775321083688758,alpha,0
0.22960644960403442,0.2311345338821411,0.0015280842781066895,1.5522700172512987,0.001987453391322495,acinar,0
0.3357791304588318,0.3358595371246338,8.040666580200195e-05,1.1886388427797134,0.00012106876526372888,beta,0
0.3122853636741638,0.30285710096359253,-0.009428262710571289,1.146852200178464,-0.013524146518028163,alpha,0
0.24604690074920654,0.244858980178833,-0.0011879205703735352,2.1112797712171214,-0.0015731109013980718,acinar,0
0.30097055435180664,0.29992127418518066,-0.0010492801666259766,0.8435978437350614,-0.0014988031030434795,endothelial,0
0.31303226947784424,0.31316012144088745,0.0001278519630432129,0.7590833034298113,0.00018614522399518677,beta,0
0.28819406032562256,0.2905266284942627,0.0023325681686401367,1.7913016170675347,0.003287745900441133,alpha,0
0.2770516872406006,0.2813186049461365,0.004266917705535889,1.149970361481394,0.0059371478584277155,activated_stellate,0
0.27799850702285767,0.262428879737854,-0.015569627285003662,1.0570239878326602,-0.02110932336866706,activated_stellate,0
0.2102268934249878,0.19819492101669312,-0.012031972408294678,1.4708407709069702,-0.015006106501035493,acinar,0
0.3108075261116028,0.31949305534362793,0.008685529232025146,1.2301812319525163,0.012763321961998463,alpha,0
0.3097652196884155,0.3057590126991272,-0.00400620698928833,3.4803330231061627,-0.005770628733494965,alpha,0
0.3372189998626709,0.3258146643638611,-0.011404335498809814,0.959020351043311,-0.01691572761375633,alpha,0
0.3108946681022644,0.30315709114074707,-0.007737576961517334,1.7584729823653418,-0.011103760780437469,alpha,0
0.24561679363250732,0.24523484706878662,-0.0003819465637207031,1.0598859767427953,-0.0005060468971538653,ductal,0
0.3465961217880249,0.3431863784790039,-0.003409743309020996,1.650394750648137,-0.005191340735481379,alpha,0
0.21671795845031738,0.21956276893615723,0.0028448104858398438,0.523587374592077,0.0036451496322926287,endothelial,0
0.19447171688079834,0.20557910203933716,0.011107385158538818,2.0726631694667517,0.013981738379557105,activated_stellate,0
0.2933639883995056,0.29620087146759033,0.002836883068084717,1.0934680630972213,0.004030813556135398,alpha,0
0.2928221821784973,0.2980425953865051,0.0052204132080078125,0.6722518308735408,0.007436937303741709,alpha,0
0.32479000091552734,0.32547134160995483,0.0006813406944274902,1.5232541259578563,0.0010100989571795273,beta,0
0.28694021701812744,0.28646230697631836,-0.00047791004180908203,0.9880648038265085,-0.0006697754673392155,alpha,0
0.293846070766449,0.30178308486938477,0.007937014102935791,1.3763738450919125,0.011367547721829421,beta,0
0.40061938762664795,0.39858078956604004,-0.00203859806060791,0.8841962640119375,-0.0033896457333594974,alpha,0
0.36767899990081787,0.36783140897750854,0.00015240907669067383,1.1518616821032315,0.00024108928987465525,beta,0
0.3464473485946655,0.3627778887748718,0.0163305401802063,0.9810781658801268,0.0256277048340477,quiescent_stellate,0
0.2840244174003601,0.2871282696723938,0.0031038522720336914,1.7865517308786425,0.004354012285782871,alpha,0
0.24558579921722412,0.24064630270004272,-0.0049394965171813965,1.1753311323399573,-0.006504869252292866,ductal,0
0.21154141426086426,0.20939922332763672,-0.002142190933227539,1.1155818110442848,-0.00270957352488827,acinar,0
0.3366600275039673,0.3304740786552429,-0.006185948848724365,1.3739074621745169,-0.009239297018253984,beta,0
0.446130633354187,0.35917967557907104,-0.08695095777511597,0.2492269006366864,-0.13568695383325793,mast,1
0.22424602508544922,0.21806877851486206,-0.006177246570587158,0.9477368071152046,-0.007899987109933514,acinar,0
0.22298824787139893,0.22123420238494873,-0.0017540454864501953,1.217741630551992,-0.002252340166738076,acinar,0
0.29619550704956055,0.2987561821937561,0.0025606751441955566,1.168069210293727,0.0036516188509245154,beta,0
0.3345106840133667,0.322257399559021,-0.012253284454345703,2.2383530088965617,-0.01807955475481842,beta,0
0.3090856075286865,0.30578285455703735,-0.00330275297164917,1.0369543734802562,-0.00475752146620027,beta,0
0.3406617045402527,0.3409922122955322,0.000330507755279541,1.1492965188610507,0.0005015232922069159,alpha,0
0.3102205991744995,0.30410462617874146,-0.006115972995758057,0.774793121497332,-0.008788638674481188,alpha,0
0.28509557247161865,0.2858363389968872,0.0007407665252685547,1.2088318005766765,0.001037250375114404,activated_stellate,0
0.345967173576355,0.32810914516448975,-0.017858028411865234,0.9078196849761789,-0.026578763921764004,alpha,0
0.2845468521118164,0.27321577072143555,-0.01133108139038086,1.2786358362041308,-0.01559070895309403,alpha,0
0.2188168168067932,0.2136104702949524,-0.00520634651184082,0.7836548583819267,-0.006620569469933778,acinar,0
0.24976420402526855,0.2443869709968567,-0.005377233028411865,2.0172100368625387,-0.0071163847392968875,acinar,0
0.22091662883758545,0.2251233458518982,0.004206717014312744,0.9331152393215052,0.005428885993394139,ductal,0
0.3499392867088318,0.3215488791465759,-0.02839040756225586,0.8378055584044154,-0.04184591445076183,beta,0
0.33171409368515015,0.3238990306854248,-0.007815062999725342,1.9651494274281178,-0.011559017594144525,alpha,0
0.25287431478500366,0.2584168314933777,0.0055425167083740234,0.8522679693546118,0.007473897660778056,acinar,0
0.22047477960586548,0.21282726526260376,-0.007647514343261719,0.6571526063993437,-0.009715166704564479,ductal,0
0.3504289388656616,0.3633132576942444,0.012884318828582764,1.535825226090333,0.020236511886398502,beta,0
0.2520939111709595,0.24969512224197388,-0.0023987889289855957,1.151193081418452,-0.003197085611589489,alpha,0
0.21952223777770996,0.21728795766830444,-0.0022342801094055176,0.8697309209768145,-0.0028545365199053375,ductal,0
0.3491113781929016,0.37247538566589355,0.023364007472991943,0.9523496203550565,0.03723201758035341,alpha,0
0.23155438899993896,0.22673863172531128,-0.0048157572746276855,1.4340131280717707,-0.0062278518909753226,ductal,0
0.31735676527023315,0.32536864280700684,0.008011877536773682,1.5482810736221926,0.011875934095488105,alpha,0
0.30524784326553345,0.3051180839538574,-0.0001297593116760254,0.7145747293940057,-0.000186735772912831,activated_stellate,0
0.2524254322052002,0.25510120391845703,0.002675771713256836,1.1950012702969413,0.003592127853249911,ductal,0
0.3013794422149658,0.29937028884887695,-0.002009153366088867,1.210595014510116,-0.0028676394022569517,beta,0
0.29038989543914795,0.2885121703147888,-0.0018777251243591309,2.80741267700974,-0.002639152837217056,alpha,0
0.3099800944328308,0.3167994022369385,0.006819307804107666,1.2186359995674616,0.009981413696702659,quiescent_stellate,0
0.310430109500885,0.3220359683036804,0.01160585880279541,1.485071444901817,0.01711869400174023,delta,0
0.3295241594314575,0.32412129640579224,-0.005402863025665283,0.8411434369199778,-0.007993835279812456,beta,0
0.30143558979034424,0.3056453466415405,0.004209756851196289,1.34573955073154,0.006062833785061434,alpha,0
0.22038936614990234,0.21444308757781982,-0.0059462785720825195,0.9759209008363489,-0.007569507031321015,ductal,0
0.3514714241027832,0.35192614793777466,0.0004547238349914551,1.18994021654506,0.0007016543462515664,alpha,0
0.2864462733268738,0.29192376136779785,0.005477488040924072,1.6408265398774566,0.007735732032902262,alpha,0
0.31881779432296753,0.32721656560897827,0.008398771286010742,1.5774991920810355,0.012483617842958625,beta,0
0.2788422107696533,0.2745290994644165,-0.004313111305236816,1.7360834901035984,-0.005945257490069739,alpha,0
0.23482275009155273,0.2247735857963562,-0.010049164295196533,0.8369038033136159,-0.012962876536553002,acinar,0
0.3228694200515747,0.32077324390411377,-0.0020961761474609375,1.0863983861210311,-0.0030861212822496952,alpha,0
0.2980993986129761,0.3100830912590027,0.011983692646026611,1.1736078536465706,0.01736976220498087,quiescent_stellate,0
0.25377917289733887,0.24778348207473755,-0.005995690822601318,1.216646507755834,-0.007970698169641934,ductal,0
0.3962933421134949,0.3796471953392029,-0.016646146774291992,1.4445490667237422,-0.0268333545834357,alpha,0
0.3352396488189697,0.3276761770248413,-0.007563471794128418,0.8069818293162045,-0.011249745339468473,ductal,0
0.34347522258758545,0.34865355491638184,0.005178332328796387,1.101788361802335,0.007950196654764279,activated_stellate,0
0.2896956205368042,0.2858099937438965,-0.003885626792907715,1.6130361546712795,-0.005440606503690499,alpha,0
0.3402749300003052,0.35731154680252075,0.017036616802215576,0.9885177199870241,0.02650835987087623,beta,0
0.2641136646270752,0.2527598738670349,-0.011353790760040283,1.4128283261529966,-0.01519430014926684,alpha,0
0.21338534355163574,0.20331192016601562,-0.010073423385620117,1.0731363339252817,-0.012644124646272152,acinar,0
0.22335243225097656,0.21735119819641113,-0.00600123405456543,1.2665877230218185,-0.007667850561753599,acinar,0
0.34693413972854614,0.338350772857666,-0.008583366870880127,1.6084498784095034,-0.01297268479848715,alpha,0
0.32190561294555664,0.3200010657310486,-0.0019045472145080566,1.4929132526995434,-0.0028008091167901375,alpha,0
0.2986908555030823,0.2976558208465576,-0.0010350346565246582,2.0150057410393383,-0.0014736858185002944,alpha,0
0.270854651927948,0.26379990577697754,-0.007054746150970459,2.1224037835083425,-0.00958264771538227,ductal,0
0.35576319694519043,0.33792179822921753,-0.0178413987159729,1.7229461930846592,-0.02694757004271492,beta,0
0.3290916085243225,0.33222001791000366,0.0031284093856811523,1.2050948524892986,0.004684790604069857,alpha,0
0.22114092111587524,0.2177443504333496,-0.0033965706825256348,1.1815068376437845,-0.004342021287295589,acinar,0
0.28286391496658325,0.2838117480278015,0.0009478330612182617,1.1557777438558998,0.0013234412301628418,activated_stellate,0
0.29957056045532227,0.2919301986694336,-0.007640361785888672,1.1924443889789642,-0.010790407628642428,alpha,0
0.3179442286491394,0.3300882577896118,0.012144029140472412,1.7409167082941364,0.018127804567812062,beta,0
0.30545198917388916,0.30616235733032227,0.0007103681564331055,1.2687992039313047,0.0010238247577629592,alpha,0
0.3292943239212036,0.3234547972679138,-0.005839526653289795,1.9392413259247032,-0.008631391708503865,beta,0
0.3436993360519409,0.3315027356147766,-0.012196600437164307,1.7566948742585007,-0.018244802315505036,beta,0
0.3449167013168335,0.3448824882507324,-3.421306610107422e-05,1.45996628473432,-5.222431928238326e-05,beta,0
0.34446847438812256,0.3433072566986084,-0.0011612176895141602,1.7246758682248258,-0.001768281591899996,alpha,0
0.38391637802124023,0.3343604803085327,-0.04955589771270752,0.21585770358443085,-0.07444855097497416,macrophage,0
0.25130724906921387,0.24971920251846313,-0.0015880465507507324,1.2057869103847574,-0.00211660295196321,ductal,0
0.30593574047088623,0.3086773157119751,0.002741575241088867,0.8632374778355826,0.00396569547535149,alpha,0
0.351958692073822,0.3443407416343689,-0.007617950439453125,0.9749928168489562,-0.01161876438447994,beta,0
0.28265058994293213,0.2699980139732361,-0.012652575969696045,0.7435246313708421,-0.01733224869504967,alpha,0
0.3194526433944702,0.3099732995033264,-0.009479343891143799,1.1454356882137557,-0.013737647955246764,beta,0
0.26171767711639404,0.2493758201599121,-0.012341856956481934,0.9855179527223381,-0.016442125484301916,ductal,0
0.3281250596046448,0.32620567083358765,-0.001919388771057129,0.7985375372605126,-0.0028486270779864075,alpha,0
0.34757304191589355,0.33283907175064087,-0.014733970165252686,1.1916628736898145,-0.022084581907269148,alpha,0
0.34542930126190186,0.34147942066192627,-0.003949880599975586,1.403185316275276,-0.005998112623823988,alpha,0
0.3101350665092468,0.30750906467437744,-0.0026260018348693848,1.6334457177674282,-0.0037921100492594724,alpha,0
0.3617265820503235,0.3594411611557007,-0.0022854208946228027,0.9176344113440533,-0.0035678547481230215,alpha,0
0.3039591312408447,0.29698240756988525,-0.006976723670959473,1.950012040867636,-0.009923967402925286,beta,0
0.30689722299575806,0.29646027088165283,-0.010436952114105225,1.0057488529158494,-0.014834915047632732,alpha,0
0.32848668098449707,0.31222933530807495,-0.01625734567642212,0.7027904047821321,-0.023637742217028572,beta,0
0.2505952715873718,0.24115979671478271,-0.009435474872589111,1.2859156840798625,-0.012434073513422824,ductal,0
0.20071697235107422,0.20100200176239014,0.00028502941131591797,1.1121859465269381,0.0003567335737318763,ductal,0
0.2437814474105835,0.24198365211486816,-0.001797795295715332,0.8821860196385223,-0.0023717104528565734,ductal,0
0.28719013929367065,0.29087793827056885,0.0036877989768981934,1.4064344414962762,0.005200513671657969,alpha,0
0.22282510995864868,0.21843808889389038,-0.004387021064758301,0.7234341178577565,-0.005613145935616983,ductal,0
0.2488541603088379,0.25284266471862793,0.003988504409790039,1.1681916271895247,0.005338238977855993,activated_stellate,0
0.32099711894989014,0.32444703578948975,0.0034499168395996094,1.071566973892692,0.00510680438451096,alpha,0
0.3961789011955261,0.3792259693145752,-0.016952931880950928,1.403579926908173,-0.027309344532715753,beta,0
0.3027653694152832,0.31263047456741333,0.009865105152130127,1.185260167674776,0.014351967591117247,activated_stellate,0
0.30265700817108154,0.3081788420677185,0.005521833896636963,2.8540668016598785,0.007981591533194284,alpha,0
0.24475765228271484,0.2419765591621399,-0.002781093120574951,1.135177284008195,-0.00366887482727572,acinar,0
0.21773993968963623,0.21114492416381836,-0.006595015525817871,0.9327602565358624,-0.00836023716881988,acinar,0
0.31504732370376587,0.30989986658096313,-0.005147457122802734,1.2166394563005416,-0.007459000329850883,alpha,0
0.4640960693359375,0.4564976692199707,-0.007598400115966797,0.7275410527422131,-0.0139804370389022,delta,0
0.30547255277633667,0.30351024866104126,-0.00196230411529541,0.7153243421958323,-0.0028174199426811396,endothelial,0
0.26778876781463623,0.2859596014022827,0.018170833587646484,1.3502576041523944,0.02544790690181066,quiescent_stellate,0
0.35807883739471436,0.35705703496932983,-0.0010218024253845215,1.9330444431179192,-0.0015892582716661014,beta,0
0.32449620962142944,0.31833112239837646,-0.0061650872230529785,1.167331525356754,-0.009044108401639451,beta,0
0.30994224548339844,0.30148160457611084,-0.008460640907287598,0.8233911137475481,-0.01211226642378307,alpha,0
0.403247594833374,0.43342214822769165,0.030174553394317627,0.3733829021843837,0.05325755904493762,activated_stellate,0
0.3127068281173706,0.3072906732559204,-0.005416154861450195,2.473451792431145,-0.007818798812638458,alpha,0
0.3461960554122925,0.3485081195831299,0.0023120641708374023,1.0746822122870936,0.003548876417858012,beta,0
0.2204277515411377,0.21366208791732788,-0.0067656636238098145,1.1403181922332644,-0.008604015550885078,acinar,0
0.3524003028869629,0.3368961811065674,-0.015504121780395508,0.9717888527823648,-0.02338113782283491,alpha,0
0.4425503611564636,0.4193108081817627,-0.023239552974700928,1.6896198308962846,-0.040020639788272805,delta,0
0.25128185749053955,0.253831148147583,0.002549290657043457,1.38915275203962,0.0034165063989399485,acinar,0
0.38688838481903076,0.3652303218841553,-0.02165806293487549,0.5901149274874539,-0.034119561285854166,quiescent_stellate,0
0.36466026306152344,0.3781936764717102,0.013533413410186768,1.9256984135965842,0.02176467639215163,beta,0
0.2871588468551636,0.2837143540382385,-0.003444492816925049,1.8247345986087378,-0.00480882569173937,alpha,0
0.344393253326416,0.33844345808029175,-0.005949795246124268,1.1135017931156035,-0.008993630731636514,alpha,0
0.36858516931533813,0.35867226123809814,-0.00991290807723999,0.605941400362759,-0.015456852211596352,ductal,0
0.3628741502761841,0.3553667664527893,-0.007507383823394775,2.021427506611116,-0.011645977018721236,alpha,0
0.313535213470459,0.33262205123901367,0.019086837768554688,1.011251760309682,0.028599742925264703,alpha,0
0.27689576148986816,0.2812758684158325,0.0043801069259643555,2.0642534404075423,0.006094281148331549,alpha,0
0.29003894329071045,0.2914845943450928,0.0014456510543823242,1.491024408983238,0.0020403946658662346,alpha,0
0.3572468161582947,0.3538932800292969,-0.0033535361289978027,1.6660468970048867,-0.005190374941696729,alpha,0
0.3117363452911377,0.3364115357398987,0.024675190448760986,0.9527939567324835,0.03718447769623864,gamma,0
0.31786656379699707,0.312924861907959,-0.004941701889038086,1.6888646917566361,-0.007192374771063383,alpha,0
0.3658761978149414,0.3481874465942383,-0.017688751220703125,1.0366503925264885,-0.02713778850726069,beta,0
0.34169137477874756,0.34377801418304443,0.002086639404296875,1.0071709987120678,0.003179776736220044,beta,0
0.3703339099884033,0.37967801094055176,0.009344100952148438,1.1861255837275149,0.015063307632083554,delta,0
0.2728275656700134,0.27401256561279297,0.001184999942779541,1.5845779608658965,0.0016322595773021584,alpha,0
0.3114930987358093,0.3127409815788269,0.0012478828430175781,0.7016187191784817,0.0018157387674363522,activated_stellate,0
0.37980878353118896,0.38311779499053955,0.003309011459350586,0.8989432476047218,0.005364089663276702,alpha,0
0.34383630752563477,0.33154064416885376,-0.012295663356781006,0.8485492260529451,-0.018394032860072507,quiescent_stellate,0
0.3880055546760559,0.3808695077896118,-0.007136046886444092,0.8583323213508378,-0.011525917357045912,beta,0
0.4799637794494629,0.3552788496017456,-0.12468492984771729,0.32901829360355034,-0.1933935776276262,mast,1
0.29099518060684204,0.29312634468078613,0.002131164073944092,2.123165321565418,0.003014915123667594,alpha,0
0.23988944292068481,0.23013198375701904,-0.009757459163665771,1.1086191549637228,-0.012674197340062225,acinar,0
0.32424235343933105,0.31010913848876953,-0.014133214950561523,0.6347550695766171,-0.020486160549513896,alpha,0
0.350872278213501,0.3391932249069214,-0.01167905330657959,1.3507838394908434,-0.017673930938335983,alpha,0
0.28435641527175903,0.29385483264923096,0.009498417377471924,0.7809866048045475,0.013451083171902103,endothelial,0
0.3583329916000366,0.35334157943725586,-0.004991412162780762,1.493571329116937,-0.00771877702982212,beta,0
0.46635007858276367,0.42281436920166016,-0.043535709381103516,1.3249821131982902,-0.0754275696726661,macrophage,0
0.31226617097854614,0.30814439058303833,-0.0041217803955078125,0.9968069000140704,-0.0059575731401257355,ductal,0
0.39673107862472534,0.3691011071205139,-0.027629971504211426,4.302335677779226,-0.043794610857700915,beta,0
0.3350597023963928,0.3245323896408081,-0.010527312755584717,1.7223742812901157,-0.015585222139647276,beta,0
0.40176182985305786,0.3828953504562378,-0.01886647939682007,1.0257149465712043,-0.030572576970159655,beta,0
0.33153092861175537,0.32766294479370117,-0.0038679838180541992,1.2892698680193224,-0.005753042745602283,alpha,0
0.3741563558578491,0.3609408736228943,-0.013215482234954834,0.8456498891230897,-0.020679592371796347,beta,0
0.3555428981781006,0.34692615270614624,-0.008616745471954346,0.6281974481339248,-0.01319413647883713,alpha,0
0.4042667746543884,0.31032997369766235,-0.09393680095672607,0.2017776117958426,-0.13620542777589995,mast,1
0.34385061264038086,0.34981924295425415,0.005968630313873291,1.8768806450123054,0.00917995534194708,alpha,0
0.3894524574279785,0.3957846164703369,0.0063321590423583984,1.5449441805512865,0.010479969916303082,alpha,0
0.42531275749206543,0.4308292865753174,0.005516529083251953,1.2028481166611935,0.009692222303672598,beta,0
0.2992601990699768,0.2964179515838623,-0.002842247486114502,1.431815955196026,-0.004039681644113577,endothelial,0
0.24021804332733154,0.23632127046585083,-0.003896772861480713,1.5154727545187676,-0.005102633752622362,acinar,0
0.24972504377365112,0.2702527642250061,0.02052772045135498,0.19527899773275595,0.028129905047950578,endothelial,0
0.3717139959335327,0.3602379560470581,-0.01147603988647461,1.090994729648912,-0.017937981777672852,beta,0
0.3868938684463501,0.38475966453552246,-0.0021342039108276367,1.66768841701779,-0.003468894654340914,beta,0
0.34797459840774536,0.3400120735168457,-0.007962524890899658,1.2025288285478082,-0.012064652354065291,alpha,0
0.34164750576019287,0.3396533727645874,-0.0019941329956054688,0.8609718962271363,-0.003019827638030115,quiescent_stellate,0
0.2790323495864868,0.2755180597305298,-0.0035142898559570312,1.6305587602716098,-0.004850762538883847,ductal,0
0.2802690863609314,0.2836573123931885,0.00338822603225708,0.746973713390419,0.004729895468852501,ductal,0
0.378368079662323,0.37667280435562134,-0.0016952753067016602,0.9181978218662726,-0.0027197197852872933,beta,0
0.3949551582336426,0.37702035903930664,-0.017934799194335938,1.546208424056244,-0.02878874045816134,beta,0
0.3583061099052429,0.3477969169616699,-0.010509192943572998,1.2476913660353894,-0.016113375138638177,alpha,0
0.33667445182800293,0.3282778263092041,-0.008396625518798828,2.778800477218366,-0.012500146411221382,beta,0
0.368083119392395,0.37663114070892334,0.00854802131652832,1.081345482082461,0.013712621651087156,beta,0
0.41814756393432617,0.4048877954483032,-0.01325976848602295,0.7499933156163272,-0.02228112343286868,beta,0
0.3282248377799988,0.34270477294921875,0.01447993516921997,1.5717349559696523,0.022029576015925156,quiescent_stellate,0
0.34958481788635254,0.34734785556793213,-0.00223696231842041,1.3367211540613713,-0.0034274955464476333,quiescent_stellate,0
0.3705180883407593,0.3697192072868347,-0.0007988810539245605,1.0525802751356197,-0.0012675002366574156,beta,0
0.3944088816642761,0.38090717792510986,-0.01350170373916626,1.0607571754313814,-0.021808852013362533,alpha,0
0.36848294734954834,0.3685958981513977,0.00011295080184936523,1.705744470757654,0.00017888829280435765,delta,0
0.3494706153869629,0.3437972068786621,-0.005673408508300781,1.1465165900690968,-0.008645815848046407,alpha,0
0.35116004943847656,0.348560094833374,-0.002599954605102539,0.5829512159265693,-0.003991088946934437,ductal,0
0.2951846718788147,0.2940290570259094,-0.0011556148529052734,1.3006231626220137,-0.0016369156045388188,acinar,0
0.3445056676864624,0.328948438167572,-0.01555722951889038,1.4032011696406377,-0.023183359377643865,alpha,0
0.3467100262641907,0.35367947816848755,0.006969451904296875,1.666019107303061,0.01078327496788617,alpha,0
0.33878397941589355,0.337546706199646,-0.0012372732162475586,1.5186484854467155,-0.0018677138868909303,alpha,0
0.34084630012512207,0.34118032455444336,0.00033402442932128906,0.8616794176699812,0.0005070043317928991,quiescent_stellate,0
0.3413950204849243,0.340840220451355,-0.0005548000335693359,1.0707853889494132,-0.0008416776186636134,alpha,0
0.3384484648704529,0.34774208068847656,0.009293615818023682,1.1614981232391532,0.01424837559325206,beta,0
0.3298812508583069,0.33586907386779785,0.005987823009490967,1.2085671298993184,0.009016027975632968,endothelial,0
0.40305519104003906,0.40206408500671387,-0.0009911060333251953,1.251091794678242,-0.001657545580509784,activated_stellate,0
0.34989315271377563,0.3339073657989502,-0.01598578691482544,0.6995283520747426,-0.02399934497699366,alpha,0
0.4688209295272827,0.443129301071167,-0.025691628456115723,1.059122107991151,-0.046135716074727544,alpha,0
0.3677296042442322,0.36577463150024414,-0.001954972743988037,1.0166968547774295,-0.003082457500261265,beta,0
0.41464096307754517,0.3913266658782959,-0.023314297199249268,1.6305196907326474,-0.038303464095221194,alpha,0
0.4436938166618347,0.44307124614715576,-0.0006225705146789551,2.7849240751534707,-0.0011178638387262282,beta,0
0.42775052785873413,0.41550540924072266,-0.012245118618011475,0.6231376681163483,-0.02094992633226027,beta,0
0.4436361789703369,0.42523396015167236,-0.01840221881866455,1.23704383798597,-0.032016886076847245,alpha,0
0.324579656124115,0.3134528398513794,-0.011126816272735596,1.3004187143494015,-0.016206921998376502,ductal,0
0.3283601999282837,0.32793712615966797,-0.00042307376861572266,1.1405431650890514,-0.0006295151615773319,endothelial,0
0.2882128357887268,0.286756694316864,-0.001456141471862793,0.7231676990289843,-0.00204157748170958,endothelial,0
0.3666154742240906,0.3631415367126465,-0.003473937511444092,0.8404587349712137,-0.005454803086877774,endothelial,0
0.3834695816040039,0.38361239433288574,0.00014281272888183594,1.2458464874679782,0.00023169305736975388,beta,0
0.35816192626953125,0.3780374526977539,0.019875526428222656,1.9059094612102199,0.031956146739755435,beta,0
0.3540493845939636,0.3675312399864197,0.013481855392456055,0.8012989298639935,0.021316239227636435,quiescent_stellate,0
0.38485199213027954,0.37927502393722534,-0.005576968193054199,1.1244949732932454,-0.008984604145347285,beta,0
0.36460763216018677,0.37286806106567383,0.00826042890548706,1.49367954732065,0.013171756041517924,beta,0
0.39930301904678345,0.39270222187042236,-0.006600797176361084,1.1379759143331625,-0.010869127821759769,beta,0
0.43058621883392334,0.43537116050720215,0.004784941673278809,1.8401689656773892,0.008474490388371038,beta,0
0.3618597388267517,0.34024912118911743,-0.021610617637634277,1.2858978962901635,-0.03275572391291798,ductal,0
0.3619198799133301,0.360679030418396,-0.001240849494934082,1.27773985520027,-0.0019408865874462732,beta,0
0.28979915380477905,0.2804538607597351,-0.009345293045043945,0.9581423868411928,-0.012987760666621327,ductal,0
0.3831489682197571,0.3896874189376831,0.006538450717926025,0.9371663810864429,0.01071328188343279,endothelial,0
0.4875870943069458,0.4980618953704834,0.010474801063537598,0.5114665730745338,0.020868710637677347,endothelial,0
0.3704569339752197,0.3516453504562378,-0.018811583518981934,1.400785871637546,-0.029014341968889055,alpha,0
0.33918142318725586,0.336605429649353,-0.002575993537902832,1.4491450996432398,-0.0038830488717163493,beta,0
0.3925558924674988,0.388120174407959,-0.004435718059539795,1.3085870730203861,-0.007249328828986795,activated_stellate,0
0.41801679134368896,0.41850489377975464,0.00048810243606567383,1.057715129284573,0.0008393921648599422,beta,0
0.3882203698158264,0.39733612537384033,0.009115755558013916,1.2764855624560787,0.01512577066887996,alpha,0
0.12788176536560059,0.12854838371276855,0.0006666183471679688,1.2817286158069643,0.0007649516447144331,acinar,0
0.15092027187347412,0.14771920442581177,-0.0032010674476623535,0.8812720511202585,-0.0037558835823653276,acinar,0
0.17041951417922974,0.1727910041809082,0.002371490001678467,0.9222739070018426,0.0028668571227640576,acinar,0
0.17771899700164795,0.17080819606781006,-0.006910800933837891,1.1361110025742216,-0.008334381624451085,acinar,0
0.15450674295425415,0.14948701858520508,-0.005019724369049072,0.6711569598493025,-0.005901996181997079,acinar,0
0.14439916610717773,0.14688479900360107,0.00248563289642334,1.1067396347951302,0.002913595835029356,acinar,0
0.15061455965042114,0.14552569389343262,-0.005088865756988525,1.2013193125362343,-0.005955551525213279,acinar,0
0.19526666402816772,0.19845759868621826,0.003190934658050537,1.373833109511899,0.00398099296159552,acinar,0
0.17394453287124634,0.167877197265625,-0.006067335605621338,0.9321273196377101,-0.007291394474089559,acinar,0
0.15696656703948975,0.1587531566619873,0.0017865896224975586,1.050506779023255,0.002123740061131745,acinar,0
0.18922525644302368,0.1840052604675293,-0.005219995975494385,1.1131993612214648,-0.006397095131379418,acinar,0
0.13945549726486206,0.1384686827659607,-0.0009868144989013672,0.7109222552533294,-0.001145419184609042,acinar,0
0.2206551432609558,0.22218984365463257,0.0015347003936767578,1.2307867520524387,0.001973104080933744,acinar,0
0.1718989610671997,0.1692887544631958,-0.0026102066040039062,1.116327415064553,-0.0031421346683674603,acinar,0
0.17576640844345093,0.16907554864883423,-0.006690859794616699,1.263933950745738,-0.008052308225779969,acinar,0
0.19730287790298462,0.19084787368774414,-0.0064550042152404785,2.235085172923759,-0.007977491506645885,acinar,0
0.15722596645355225,0.1520298719406128,-0.005196094512939453,1.5367008636197872,-0.006127685800478513,acinar,0
0.16968989372253418,0.169170081615448,-0.0005198121070861816,0.9426790718905612,-0.0006256540545589562,acinar,0
0.23160642385482788,0.22882568836212158,-0.002780735492706299,0.8630995226984105,-0.0036058455925488003,acinar,0
0.14967042207717896,0.14985567331314087,0.00018525123596191406,1.1452955592120015,0.00021790563101663704,acinar,0
0.13071227073669434,0.13005226850509644,-0.0006600022315979004,0.8741826403556765,-0.0007586688345790196,acinar,0
0.19361722469329834,0.19298601150512695,-0.0006312131881713867,0.7654607284523962,-0.0007821589181479186,acinar,0
0.17049729824066162,0.17210054397583008,0.001603245735168457,2.1003152635041618,0.0019365222715180181,acinar,0
0.15656262636184692,0.15669137239456177,0.00012874603271484375,0.8718196993883812,0.0001526677523511364,acinar,0
0.1666107177734375,0.1598966121673584,-0.0067141056060791016,0.9373233198708945,-0.007991999203098833,acinar,0
0.17849957942962646,0.17844170331954956,-5.78761100769043e-05,1.853133062624691,-7.044674773629062e-05,acinar,0
0.178716242313385,0.1715063452720642,-0.007209897041320801,0.8431417192939161,-0.008702416729659103,acinar,0
0.13318979740142822,0.12987101078033447,-0.00331878662109375,1.5211171579405474,-0.0038141317692105036,acinar,0
0.17103689908981323,0.16583430767059326,-0.005202591419219971,0.9647712550645436,-0.006236880115138445,acinar,0
0.16856974363327026,0.16743803024291992,-0.0011317133903503418,1.1829828811949301,-0.001359314299067187,acinar,0
0.20152056217193604,0.1992359757423401,-0.0022845864295959473,0.9902540137934362,-0.002853008327533008,acinar,0
0.22778546810150146,0.22654855251312256,-0.0012369155883789062,1.0759626871970798,-0.0015992155582589328,alpha,0
0.17082715034484863,0.16534936428070068,-0.005477786064147949,1.7975089931264217,-0.006562968779658581,acinar,0
0.3469815254211426,0.33294498920440674,-0.01403653621673584,1.6045265716280757,-0.021042546700900323,delta,0
0.20055556297302246,0.1966727375984192,-0.0038828253746032715,0.5680837017063387,-0.004833429109570365,acinar,0
0.19055455923080444,0.18902170658111572,-0.0015328526496887207,0.7886294304963719,-0.001890127839583218,acinar,0
0.14253222942352295,0.13916343450546265,-0.0033687949180603027,0.6592494266357415,-0.003913396634267019,acinar,0
0.19235730171203613,0.1957387924194336,0.003381490707397461,3.400886968216435,0.0042044682443032316,acinar,0
0.1558847427368164,0.15638703107833862,0.0005022883415222168,1.813411244697296,0.0005954013985397369,acinar,0
0.16009652614593506,0.1551663875579834,-0.00493013858795166,0.6054371570075493,-0.005835632620843468,acinar,0
0.1676657795906067,0.16294968128204346,-0.004716098308563232,1.4950639132576038,-0.005634187339880003,acinar,0
0.16955643892288208,0.16514939069747925,-0.004407048225402832,0.5757739821414157,-0.005278846510137566,acinar,0
0.17923706769943237,0.17692404985427856,-0.0023130178451538086,0.8314434483532875,-0.002810211918771652,acinar,0
0.17583906650543213,0.17689061164855957,0.0010515451431274414,1.02861423011274,0.001277527820735373,acinar,0
0.20230251550674438,0.19497400522232056,-0.007328510284423828,2.0751869544691046,-0.009103445518486283,acinar,0
0.20400601625442505,0.1943114995956421,-0.009694516658782959,1.0077502476745461,-0.012032586606259724,acinar,0
0.16358500719070435,0.1582775115966797,-0.005307495594024658,1.3470992577749648,-0.006305517159334247,acinar,0
0.17974430322647095,0.17589545249938965,-0.003848850727081299,0.9133022426172005,-0.004670342784485664,acinar,0
0.17324036359786987,0.1636948585510254,-0.009545505046844482,1.0535921836282354,-0.011413902143786929,acinar,0
0.17941725254058838,0.17576342821121216,-0.0036538243293762207,1.0424034231029358,-0.004432980110851621,acinar,0
0.165330708026886,0.16263234615325928,-0.002698361873626709,0.7906500895438775,-0.003222433851165425,acinar,0
0.2379390001296997,0.23987680673599243,0.0019378066062927246,1.3531429336754777,0.002549332297007916,beta,0
0.16574746370315552,0.17838513851165771,0.012637674808502197,1.3934759252164737,0.015381507079374452,acinar,0
0.2864164710044861,0.27779483795166016,-0.008621633052825928,1.6605358612481445,-0.01193792776054521,beta,0
0.17655736207962036,0.17120790481567383,-0.005349457263946533,0.8775144452744406,-0.006454522545556851,acinar,0
0.17319977283477783,0.1690901517868042,-0.004109621047973633,1.3084101045561518,-0.004945928919739054,acinar,0
0.1697227954864502,0.16470903158187866,-0.005013763904571533,0.7734374006800472,-0.0060024160372123105,acinar,0
0.19494211673736572,0.19511902332305908,0.00017690658569335938,1.1414188546732786,0.00021979223117403265,acinar,0
0.1623128056526184,0.15354371070861816,-0.008769094944000244,0.5809827047731604,-0.010359772920278456,acinar,0
0.15543043613433838,0.15552586317062378,9.542703628540039e-05,1.3226544650604921,0.00011300172749361674,acinar,0
0.23925799131393433,0.23089951276779175,-0.008358478546142578,0.7101814894699945,-0.010867862762930445,acinar,0
0.18042445182800293,0.17680829763412476,-0.003616154193878174,1.677071665158364,-0.004392845777581636,acinar,0
0.1754310131072998,0.17197531461715698,-0.0034556984901428223,1.5583601939249496,-0.00417342447773167,acinar,0
0.17487412691116333,0.16799825429916382,-0.006875872611999512,1.455537173576856,-0.00826425262630624,acinar,0
0.1827787160873413,0.17315125465393066,-0.009627461433410645,0.9631488456474463,-0.011643558132728575,acinar,0
0.18259334564208984,0.1805761456489563,-0.002017199993133545,2.443672757926019,-0.002461729643849702,acinar,0
0.18588685989379883,0.18057888746261597,-0.005307972431182861,1.4087108242812496,-0.006477710117507741,acinar,0
0.18019413948059082,0.16786080598831177,-0.012333333492279053,1.6641759641878422,-0.014821238539217057,acinar,0
0.29527342319488525,0.2775779962539673,-0.01769542694091797,1.1083285604049136,-0.024494584673723188,acinar,0
0.15440529584884644,0.1577243208885193,0.0033190250396728516,1.4648719747748251,0.003940544790719948,acinar,0
0.19234973192214966,0.18477898836135864,-0.007570743560791016,1.0240480802701113,-0.00928673752602792,acinar,0
0.19273924827575684,0.1866399049758911,-0.006099343299865723,0.7049615703956279,-0.0074989458386016975,acinar,0
0.19032073020935059,0.18621987104415894,-0.00410085916519165,1.3349655573519446,-0.0050392716893363455,acinar,0
0.18949592113494873,0.1855289340019226,-0.003966987133026123,0.9001279425493274,-0.004870629907724048,acinar,0
0.1983845829963684,0.19808220863342285,-0.00030237436294555664,3.047511867007048,-0.00037706404097890075,acinar,0
0.18863296508789062,0.24250054359436035,0.05386757850646973,1.1996200986936514,0.07111236589142017,acinar,0
0.16384708881378174,0.16236364841461182,-0.0014834403991699219,0.6280942026034305,-0.0017709837883255963,acinar,0
0.17504936456680298,0.17532992362976074,0.00028055906295776367,0.7145639693035063,0.0003402076430281501,acinar,0
0.16356343030929565,0.15713244676589966,-0.006430983543395996,1.9900834508832093,-0.007629886236242193,acinar,0
0.19634491205215454,0.19200259447097778,-0.004342317581176758,0.9765949528446275,-0.005374172678603716,acinar,0
0.20394814014434814,0.20366179943084717,-0.00028634071350097656,1.661324804556583,-0.000359571741373609,acinar,0
0.20209556818008423,0.2012251615524292,-0.0008704066276550293,1.2920600000697888,-0.0010896770726362334,acinar,0
0.3006887435913086,0.3182370662689209,0.017548322677612305,1.1441965089387962,0.02573962562261302,ductal,0
0.16291648149490356,0.1611340045928955,-0.0017824769020080566,1.1524545921121236,-0.0021248648911355796,acinar,0
0.17816215753555298,0.1740681529045105,-0.0040940046310424805,1.1082639203067715,-0.004956831057477258,acinar,0
0.22343319654464722,0.2151370644569397,-0.00829613208770752,1.1103768580494462,-0.010570166728496717,beta,0
0.23382234573364258,0.23559588193893433,0.001773536205291748,0.5286439789912801,0.002320155220762516,beta,0
0.19578039646148682,0.18222343921661377,-0.013556957244873047,2.7311663058128053,-0.016577825649449044,acinar,0
0.17344659566879272,0.16945797204971313,-0.00398862361907959,1.6902967554503547,-0.004802434416140509,acinar,0
0.168442964553833,0.16824054718017578,-0.00020241737365722656,1.576898971669341,-0.00024336047275566608,acinar,0
0.31331074237823486,0.3127232789993286,-0.00058746337890625,0.63181454999707,-0.0008547697906178261,delta,0
0.20597416162490845,0.20595484972000122,-1.9311904907226562e-05,0.9148204729835023,-2.432091537920323e-05,acinar,0
0.24977827072143555,0.24561971426010132,-0.0041585564613342285,1.0425527383452906,-0.005512546576234428,beta,0
0.18516802787780762,0.18389517068862915,-0.0012728571891784668,1.3303369689425972,-0.0015596736392952159,acinar,0
0.17031413316726685,0.17151325941085815,0.0011991262435913086,1.140127709610541,0.001447369263554662,acinar,0
0.21867555379867554,0.21297580003738403,-0.005699753761291504,0.8072546200539249,-0.007242158197374674,acinar,0
0.21748757362365723,0.21436160802841187,-0.0031259655952453613,1.3745944651670703,-0.003978885995375859,alpha,0
0.1956768035888672,0.19172120094299316,-0.0039556026458740234,1.055605294584504,-0.004893859211065414,acinar,0
0.19845998287200928,0.19746816158294678,-0.0009918212890625,0.6660097291233557,-0.0012358653471229366,acinar,0
0.1638283133506775,0.16185921430587769,-0.0019690990447998047,1.0136088987389589,-0.0023493654985051915,acinar,0
0.20065665245056152,0.19547271728515625,-0.0051839351654052734,0.8779107408755334,-0.006443454779945188,acinar,0
0.3447902202606201,0.3505821228027344,0.005791902542114258,2.069901914612804,0.008918606563636257,delta,0
0.1609429121017456,0.15754151344299316,-0.0034013986587524414,1.0137521773902607,-0.004037467380325664,acinar,0
0.23494595289230347,0.23668253421783447,0.0017365813255310059,1.0988449589756593,0.0022750446614653898,alpha,0
0.29719871282577515,0.28776049613952637,-0.00943821668624878,1.3813796746222136,-0.013251464760227212,beta,0
0.21829897165298462,0.2150593400001526,-0.0032396316528320312,0.8449630689067642,-0.004127231290111358,acinar,0
0.24977582693099976,0.2583620548248291,0.008586227893829346,2.714625543338032,0.01157738482731129,beta,0
0.3154626488685608,0.31281840801239014,-0.0026442408561706543,1.8717795685233833,-0.0038479506538037925,beta,0
0.1815108060836792,0.17658931016921997,-0.0049214959144592285,0.8187198843256369,-0.005976963834985735,acinar,0
0.29181838035583496,0.2955901622772217,0.0037717819213867188,1.4221419335137766,0.005354527605094451,ductal,0
0.1716703176498413,0.16779887676239014,-0.003871440887451172,0.8902060749610812,-0.004652049581944387,acinar,0
0.28294408321380615,0.277959942817688,-0.004984140396118164,1.8200856959343679,-0.0069028585693268404,beta,0
0.21102535724639893,0.20024341344833374,-0.010781943798065186,0.623144429963426,-0.01348153173024058,acinar,0
0.2694514989852905,0.2652600407600403,-0.004191458225250244,1.581528181046834,-0.0057046825513424266,alpha,0
0.2802131175994873,0.279499888420105,-0.0007132291793823242,1.2105062059228697,-0.0009899084926140716,alpha,0
0.2570253610610962,0.25748252868652344,0.0004571676254272461,1.367856665034876,0.0006156994859912714,alpha,0
0.2031688094139099,0.21077817678451538,0.007609367370605469,1.8251138445828088,0.009641607906384325,activated_stellate,0
0.18739771842956543,0.19223999977111816,0.004842281341552734,1.6322794256761683,0.00599470305558663,acinar,0
0.15513956546783447,0.1529252529144287,-0.0022143125534057617,0.8220457020908419,-0.0026140698456945883,acinar,0
0.16586989164352417,0.1611005663871765,-0.004769325256347656,1.1006192695371897,-0.005685216922614873,acinar,0
0.27201783657073975,0.28850245475769043,0.016484618186950684,1.3964270560236811,0.023168903810253678,beta,0
0.18257510662078857,0.18050432205200195,-0.002070784568786621,2.082069496745926,-0.0025269011472663617,acinar,0
0.16952615976333618,0.1661282777786255,-0.0033978819847106934,1.1598116087809855,-0.0040748257725528566,acinar,0
0.228179931640625,0.23030000925064087,0.002120077610015869,1.7553418465786101,0.002754420729499839,beta,0
0.23896080255508423,0.23463594913482666,-0.004324853420257568,1.1380686005024756,-0.005650714082231483,alpha,0
0.20420610904693604,0.19568145275115967,-0.008524656295776367,1.2856203682423841,-0.010598607137600927,acinar,0
0.23088997602462769,0.23711049556732178,0.006220519542694092,0.9429593416739924,0.008153893200195451,alpha,0
0.18170166015625,0.17784947156906128,-0.0038521885871887207,0.7480371805778863,-0.004685502780787068,acinar,0
0.1946331262588501,0.1930145025253296,-0.0016186237335205078,1.629490404992648,-0.0020057655789177463,acinar,0
0.31907856464385986,0.31723451614379883,-0.0018440485000610352,1.7358324021250338,-0.0027008519669828746,alpha,0
0.2737776041030884,0.2834266424179077,0.009649038314819336,1.3900107405870887,0.013465527587262997,beta,0
0.18384194374084473,0.17789149284362793,-0.005950450897216797,0.6851686049446437,-0.0072380359106112135,acinar,0
0.2504046559333801,0.25390058755874634,0.003495931625366211,1.2710622918274073,0.00468561101519628,alpha,0
0.24036544561386108,0.23688650131225586,-0.0034789443016052246,0.8426597197783617,-0.004558881880071109,activated_stellate,0
0.15666866302490234,0.1545480489730835,-0.0021206140518188477,1.1465218509298547,-0.002508260876615251,acinar,0
0.29790812730789185,0.3052736520767212,0.007365524768829346,1.890079634886649,0.010602051859479421,beta,0
0.24676042795181274,0.25729095935821533,0.010530531406402588,0.7408364687900547,0.014178542107556705,beta,0
0.2372058629989624,0.24858695268630981,0.011381089687347412,1.1844403537856838,0.015146249759749224,beta,0
0.24634701013565063,0.24243581295013428,-0.003911197185516357,1.0131612613543366,-0.005162859137715426,acinar,0
0.2601446509361267,0.25887638330459595,-0.0012682676315307617,0.9829010342229113,-0.0017112767734832686,beta,0
0.29728424549102783,0.30033934116363525,0.003055095672607422,0.9926465068844431,0.004366539170129247,beta,0
0.2636237144470215,0.2644590139389038,0.0008352994918823242,1.3839183460714977,0.001135626032691184,beta,0
0.20467287302017212,0.20503485202789307,0.00036197900772094727,1.5631483788416305,0.0004553394682072881,acinar,0
0.22199761867523193,0.2275552749633789,0.005557656288146973,1.0130459012434525,0.007194891890657274,acinar,0
0.1919003129005432,0.1917954683303833,-0.00010484457015991211,1.8078881924887058,-0.00012972529360027294,acinar,0
0.17469489574432373,0.18700295686721802,0.012308061122894287,1.517632893960994,0.015139121632554431,endothelial,0
0.2391102910041809,0.23594987392425537,-0.003160417079925537,1.1784501504249472,-0.004136400181173751,alpha,0
0.3242543339729309,0.3164031505584717,-0.007851183414459229,2.6385671505255646,-0.011485107663783611,beta,0
0.3312622308731079,0.3331573009490967,0.0018950700759887695,0.6964704835724952,0.0028418547262884703,delta,0
0.2639322876930237,0.27485793828964233,0.010925650596618652,1.219608342916348,0.015066910573148724,beta,0
0.2924671769142151,0.30816978216171265,0.01570260524749756,2.4410500269590334,0.02269719483569592,beta,0
0.16497403383255005,0.15971195697784424,-0.0052620768547058105,1.1790927031325793,-0.006262229837021572,acinar,0
0.28061556816101074,0.27915406227111816,-0.0014615058898925781,1.5317988802826539,-0.002027487169446,beta,0
0.24001193046569824,0.2380819320678711,-0.0019299983978271484,1.1442580078297298,-0.0025330786590548097,activated_stellate,0
0.18519949913024902,0.18321996927261353,-0.001979529857635498,0.8773225469399071,-0.0024235776869723667,acinar,0
0.19441699981689453,0.1882232427597046,-0.006193757057189941,0.7780400174991001,-0.007629877305487471,acinar,0
0.2080928087234497,0.2027004361152649,-0.0053923726081848145,1.035608736851627,-0.0067632955697494715,acinar,0
0.25280213356018066,0.2587050199508667,0.005902886390686035,1.8966175236383434,0.007962938573109979,alpha,0
0.32424187660217285,0.3360908031463623,0.011848926544189453,1.696374323051631,0.01784720952856692,delta,0
0.18188756704330444,0.18040716648101807,-0.001480400562286377,1.0969728487564898,-0.0018062634295253274,acinar,0
0.3041991591453552,0.30018168687820435,-0.004017472267150879,1.9913477050188284,-0.005740736119392866,beta,0
0.22524166107177734,0.21497315168380737,-0.01026850938796997,0.9322509665063804,-0.013080456305405273,acinar,0
0.2240506410598755,0.22458124160766602,0.0005306005477905273,0.777343909033733,0.0006842761308620065,acinar,0
0.14233863353729248,0.14298015832901,0.0006415247917175293,1.0781892567204774,0.0007485530212074258,acinar,0
0.2829989194869995,0.28513628244400024,0.0021373629570007324,0.9223892385921934,0.0029898887081694693,beta,0
0.2117786407470703,0.2054840326309204,-0.006294608116149902,1.435843178464869,-0.007922569683518826,acinar,0
0.29223889112472534,0.2975112199783325,0.005272328853607178,1.6083322552069386,0.0075052143230594495,beta,0
0.20502221584320068,0.1939983367919922,-0.011023879051208496,1.3410577974728743,-0.013677241070858092,acinar,0
0.28944116830825806,0.3034476041793823,0.014006435871124268,1.5979242437888779,0.020108230127646176,beta,0
0.1942819356918335,0.1859588623046875,-0.008323073387145996,0.995199511076817,-0.01022438916380813,acinar,0
0.2503369450569153,0.25016462802886963,-0.0001723170280456543,0.9545391502218056,-0.00022980648084482299,alpha,0
0.17692726850509644,0.17674297094345093,-0.0001842975616455078,1.093285852612757,-0.00022386393937834026,ductal,0
0.16664016246795654,0.1661738157272339,-0.00046634674072265625,1.3588182446430948,-0.000559285315715274,acinar,0
0.20223510265350342,0.1970057487487793,-0.005229353904724121,1.358985795346522,-0.006512317985559391,acinar,0
0.2072199583053589,0.2135348916053772,0.0063149333000183105,0.9775205986345382,0.008029514892159311,activated_stellate,0
0.17043668031692505,0.1697598099708557,-0.0006768703460693359,0.8437555858578967,-0.0008152705135191968,acinar,0
0.1974341869354248,0.1961163878440857,-0.0013177990913391113,1.3353561988210056,-0.0016392909015833033,acinar,0
0.28277140855789185,0.2764774560928345,-0.006293952465057373,1.3809744002463418,-0.00869904126424144,beta,0
0.22183167934417725,0.21776551008224487,-0.004066169261932373,1.5621956283599254,-0.005198146226408265,acinar,0
0.1949087381362915,0.18685203790664673,-0.008056700229644775,0.9126916999697453,-0.009908037165713056,acinar,0
0.2755928039550781,0.2765251398086548,0.0009323358535766602,1.777194368794126,0.0012886914319732896,beta,0
0.18412405252456665,0.17675912380218506,-0.007364928722381592,1.476564113536508,-0.008946262188045055,activated_stellate,0
0.2558169960975647,0.25044000148773193,-0.005376994609832764,0.7153030249965108,-0.007173534634325551,alpha,0
0.2638605833053589,0.2580031752586365,-0.005857408046722412,2.202298821866665,-0.007894114706978858,beta,0
0.29179853200912476,0.29017162322998047,-0.0016269087791442871,0.5348983260376439,-0.002291974838407167,beta,0
0.22850507497787476,0.22642463445663452,-0.0020804405212402344,1.124173734537778,-0.0026893831084950806,acinar,0
0.2612539529800415,0.2452327013015747,-0.016021251678466797,1.057463658882256,-0.021226743270535156,beta,0
0.2152811884880066,0.21072721481323242,-0.00455397367477417,0.7018037188146603,-0.005769834916703167,acinar,0
0.3054279685020447,0.29897987842559814,-0.006448090076446533,1.0617282484447905,-0.009198152632145486,alpha,0
0.3182729482650757,0.30751609802246094,-0.010756850242614746,1.3652355353721457,-0.015533718851653028,beta,0
0.17454153299331665,0.16832596063613892,-0.006215572357177734,0.6552664864525561,-0.007473567843877827,acinar,0
0.23669970035552979,0.22294121980667114,-0.013758480548858643,1.8560482736517632,-0.01770584272329513,acinar,0
0.26724153757095337,0.26254451274871826,-0.004697024822235107,0.9603537738532216,-0.006369231639650999,beta,0
0.21515750885009766,0.20848029851913452,-0.006677210330963135,0.6934799504236612,-0.008435936993697879,acinar,0
0.1829100251197815,0.1826307773590088,-0.0002792477607727051,1.4304354812940203,-0.00034164212822992187,acinar,0
0.2589914798736572,0.25332850217819214,-0.005662977695465088,0.9593857356756468,-0.007584296055206529,alpha,0
0.27610015869140625,0.2849900722503662,0.008889913558959961,1.364533826621132,0.0124332729014538,beta,0
0.19096940755844116,0.19345587491989136,0.0024864673614501953,1.6596115832300673,0.0030828658769329344,acinar,0
0.28370779752731323,0.27678966522216797,-0.006918132305145264,0.9523189105035236,-0.009565864828619316,beta,0
0.244842529296875,0.2510920763015747,0.006249547004699707,1.7677298172906966,0.008344880334336417,beta,0
0.1955428123474121,0.19580286741256714,0.0002600550651550293,2.31718392802001,0.0003233722859945113,acinar,0
0.35228079557418823,0.36194348335266113,0.0096626877784729,1.1456752987422134,0.015143937137803074,beta,0
0.20619022846221924,0.20972537994384766,0.003535151481628418,0.8791583447919366,0.004473320276155687,acinar,0
0.21571987867355347,0.2133176326751709,-0.0024022459983825684,1.3459266792047755,-0.00305364159432171,acinar,0
0.17554664611816406,0.17148971557617188,-0.0040569305419921875,0.9920925587582364,-0.004896656828844923,acinar,0
0.276918888092041,0.2786622643470764,0.0017433762550354004,0.8700698813806735,0.0024168654554823366,beta,0
0.1859499216079712,0.18474578857421875,-0.0012041330337524414,1.0400643753259378,-0.0014770031443892306,acinar,0
0.19123166799545288,0.18352681398391724,-0.0077048540115356445,1.529674294501837,-0.009436750824764839,acinar,0
0.29448366165161133,0.2844351530075073,-0.010048508644104004,1.1322811594878917,-0.014042764518600545,beta,0
0.2632877230644226,0.2628347873687744,-0.00045293569564819336,1.0223602066509236,-0.0006144290152155879,beta,0
0.33051687479019165,0.3323926329612732,0.001875758171081543,0.899849269942843,0.002809672666438286,delta,0
0.2923535108566284,0.28877556324005127,-0.0035779476165771484,1.2719603464401599,-0.005030687124414387,alpha,0
0.31704282760620117,0.31318968534469604,-0.003853142261505127,0.5452133137485177,-0.005610198593827089,endothelial,0
0.22358369827270508,0.21809107065200806,-0.0054926276206970215,1.0128758971251706,-0.007024638566638627,acinar,0
0.2736356258392334,0.2840609550476074,0.010425329208374023,1.013835428340271,0.014561755336401958,beta,0
0.2513520121574402,0.253226101398468,0.001874089241027832,1.234868235961827,0.0025095805364078743,alpha,0
0.27906280755996704,0.2832871675491333,0.00422435998916626,1.0662544094423556,0.00589407611793508,alpha,0
0.37186890840530396,0.35501807928085327,-0.016850829124450684,1.3013098421986296,-0.02612604878236311,beta,0
0.3233090043067932,0.3186308741569519,-0.004678130149841309,1.848417487911528,-0.006865779461394184,alpha,0
0.2049952745437622,0.20068353414535522,-0.004311740398406982,1.6045526928117084,-0.005394284470040017,acinar,0
0.23832881450653076,0.24210822582244873,0.0037794113159179688,1.0801407223492927,0.004986742757591358,acinar,0
0.24065262079238892,0.23727893829345703,-0.0033736824989318848,0.6748623351948245,-0.004423219271516472,alpha,0
0.2201022505760193,0.21463876962661743,-0.0054634809494018555,1.7232041328321317,-0.006956647130142094,acinar,0
0.18243908882141113,0.1845753788948059,0.0021362900733947754,0.9289823253822118,0.002619849852582735,ductal,0
0.3106135129928589,0.30322104692459106,-0.007392466068267822,2.0561275220866477,-0.010609485311861554,beta,0
0.17914432287216187,0.17357313632965088,-0.005571186542510986,1.0242899714294846,-0.006741294102866022,acinar,0
0.19801414012908936,0.19269287586212158,-0.0053212642669677734,0.7781162795707948,-0.006591375336431399,acinar,0
0.19981366395950317,0.191491961479187,-0.008321702480316162,0.9193307020501021,-0.010292665111333883,acinar,0
0.2200608253479004,0.20956510305404663,-0.01049572229385376,0.993148922480146,-0.013278414622642114,acinar,0
0.1915835738182068,0.18695086240768433,-0.004632711410522461,1.3813653120576108,-0.005697947634802639,ductal,0
0.22315287590026855,0.21510058641433716,-0.008052289485931396,1.648634606225644,-0.01025900815640319,acinar,0
0.2918168902397156,0.29553794860839844,0.0037210583686828613,0.9564357737413985,0.005282127491938344,beta,0
0.21827614307403564,0.22171509265899658,0.0034389495849609375,1.2415574239390852,0.004418625560541894,acinar,0
0.26063328981399536,0.258742094039917,-0.0018911957740783691,1.0550821641532213,-0.0025513330230574442,alpha,0
0.17209309339523315,0.1636773943901062,-0.008415699005126953,0.746474748495769,-0.01006274247362924,acinar,0
0.2811231017112732,0.2784891724586487,-0.0026339292526245117,1.2677840431195164,-0.0036505748106372745,beta,0
0.31561732292175293,0.30094921588897705,-0.014668107032775879,0.4475525500612205,-0.020982891895943136,gamma,0
0.30569928884506226,0.3046730160713196,-0.0010262727737426758,0.4395514422324582,-0.001475957064033546,beta,0
0.27837276458740234,0.27251237630844116,-0.005860388278961182,0.6544119865170565,-0.008055653578301803,beta,0
0.25285351276397705,0.2533552050590515,0.0005016922950744629,1.176270361509144,0.0006719290062340036,alpha,0
0.22333365678787231,0.22617685794830322,0.002843201160430908,1.4118705104315448,0.0036742260678486694,acinar,0
0.2549152970314026,0.2454044222831726,-0.00951087474822998,1.0695752269744905,-0.012603936504646559,alpha,0
0.19052356481552124,0.17515528202056885,-0.015368282794952393,1.2794071177288875,-0.018631728445323726,acinar,0
0.23607200384140015,0.23203104734420776,-0.004040956497192383,0.8240696670772343,-0.005261874823478132,ductal,0
0.2729567885398865,0.27060753107070923,-0.002349257469177246,1.685388286349904,-0.00322084141151859,alpha,0
0.27082085609436035,0.2654685974121094,-0.0053522586822509766,0.8464051422558864,-0.007286630174549345,beta,0
0.3011530637741089,0.2935534715652466,-0.007599592208862305,1.0619912682926256,-0.010757491052720482,beta,0
0.2932775616645813,0.2940620183944702,0.000784456729888916,2.0831831300656574,0.001111226127973465,beta,0
0.2964951992034912,0.29346907138824463,-0.003026127815246582,1.7475492478959278,-0.004283079045375329,beta,0
0.2446969747543335,0.27058184146881104,0.02588486671447754,1.1106493901413639,0.03548700620039573,ductal,0
0.28113293647766113,0.2822645306587219,0.001131594181060791,0.8462770553862772,0.001576617332426588,beta,0
0.17241472005844116,0.17480725049972534,0.0023925304412841797,1.654183382715407,0.0028993595044710017,ductal,0
0.2928566336631775,0.29605674743652344,0.0032001137733459473,2.708508245263981,0.004545982594040681,beta,0
0.2665565013885498,0.25377357006073,-0.012782931327819824,1.0592066802512479,-0.017130097266670297,beta,0
0.22090446949005127,0.22416478395462036,0.003260314464569092,1.122823136053421,0.004202328532066005,ductal,0
0.29493749141693115,0.2808116674423218,-0.014125823974609375,1.1780191171964207,-0.019641341961671072,beta,0
0.2776258587837219,0.2912701368331909,0.013644278049468994,0.8210662996277851,0.01925173293601942,beta,0
0.20424634218215942,0.19755887985229492,-0.006687462329864502,1.1479852903147532,-0.008333897854877556,acinar,0
0.23224079608917236,0.23885655403137207,0.006615757942199707,1.297451015657518,0.008691867449217173,beta,0
0.32140564918518066,0.32117795944213867,-0.0002276897430419922,1.2641887332577566,-0.0003354189013292423,beta,0
0.2911157011985779,0.2886895537376404,-0.0024261474609375,1.283632634538745,-0.0034108137644904488,alpha,0
0.2108248472213745,0.20633655786514282,-0.0044882893562316895,1.084614899198463,-0.005655154462146754,acinar,0
0.27223384380340576,0.2674049735069275,-0.0048288702964782715,0.8544191506507532,-0.006591459294494588,beta,0
0.3535464406013489,0.3815569281578064,0.02801048755645752,4.529510668334725,0.0452919417029299,delta,0
0.259521484375,0.2735401391983032,0.014018654823303223,2.2731095979981735,0.019297218717401268,activated_stellate,0
0.31283509731292725,0.3056650757789612,-0.0071700215339660645,1.5456243886382917,-0.010326459585782719,acinar,0
0.17024660110473633,0.17507410049438477,0.0048274993896484375,1.088617586152635,0.005852040034797788,ductal,0
0.21885192394256592,0.21740925312042236,-0.0014426708221435547,1.1781340815779542,-0.001843454995980866,acinar,0
0.3001250624656677,0.29702597856521606,-0.00309908390045166,1.1302914851142691,-0.004408532614229995,beta,0
0.3057039976119995,0.30643153190612793,0.000727534294128418,1.923270797848185,0.0010489725637728225,beta,0
0.1577242612838745,0.1535097360610962,-0.00421452522277832,1.0788359098716354,-0.0049788230323727705,ductal,0
0.18096131086349487,0.17779850959777832,-0.0031628012657165527,1.4678501170809384,-0.003846747181362208,acinar,0
0.2635076642036438,0.26196616888046265,-0.0015414953231811523,1.2268697247263578,-0.0020886513032103544,alpha,0
0.339267373085022,0.33435022830963135,-0.004917144775390625,1.157685279557495,-0.007386984844753867,delta,0
0.31113141775131226,0.30994147062301636,-0.0011899471282958984,1.648342215448966,-0.001724414781700093,beta,0
0.20544999837875366,0.2073560357093811,0.0019060373306274414,1.2272584620316742,0.002404657597226846,acinar,0
0.32436448335647583,0.3246495723724365,0.00028508901596069336,2.311663331118311,0.00042213494550108114,alpha,0
0.19277769327163696,0.19388198852539062,0.0011042952537536621,1.2495064247546763,0.0013698927924133656,ductal,0
0.28751325607299805,0.3083012104034424,0.020787954330444336,2.4518959929768416,0.03005347796339095,beta,0
0.2745271921157837,0.2597428560256958,-0.01478433609008789,2.310367507385572,-0.019971892484162347,alpha,0
0.29083317518234253,0.27322518825531006,-0.01760798692703247,1.4167655673689856,-0.02422756903856213,alpha,0
0.4349544048309326,0.420451819896698,-0.01450258493423462,2.0944372664756865,-0.025023950436095916,beta,0
0.2528585195541382,0.24862641096115112,-0.0042321085929870605,0.9995829888577817,-0.005632495811305718,activated_stellate,0
0.19803285598754883,0.19737303256988525,-0.0006598234176635742,1.5808955341394306,-0.0008220798010017343,acinar,0
0.4049094319343567,0.39600038528442383,-0.008909046649932861,1.3032719824744403,-0.014750086643893203,delta,0
0.2976912260055542,0.3000776767730713,0.00238645076751709,1.7084117798257246,0.0034095937339368946,beta,0
0.2598251700401306,0.24994707107543945,-0.009878098964691162,1.4185199214300734,-0.013169869196903956,alpha,0
0.3057858347892761,0.2995684742927551,-0.006217360496520996,0.913525979804454,-0.008876471529808938,ductal,0
0.18339073657989502,0.17876148223876953,-0.004629254341125488,1.1919570357519043,-0.005636918192470136,acinar,0
0.23414236307144165,0.22655212879180908,-0.007590234279632568,0.6575517304201131,-0.009813504648705,ductal,0
0.23696571588516235,0.24802714586257935,0.011061429977416992,1.4130768435652608,0.014709879374708853,alpha,0
0.1931746006011963,0.1883150339126587,-0.004859566688537598,0.7180977411621873,-0.005987010837422218,endothelial,0
0.2181292176246643,0.22775280475616455,0.009623587131500244,1.5834592586567933,0.012461796159015659,acinar,0
0.27887415885925293,0.28813016414642334,0.00925600528717041,5.6034639941451845,0.0130023844542758,alpha,0
0.302041232585907,0.30151551961898804,-0.0005257129669189453,0.9077073196970881,-0.0007526480282456346,alpha,0
0.17987436056137085,0.17621618509292603,-0.0036581754684448242,0.8672264119672636,-0.004440698399564309,acinar,0
0.33414387702941895,0.33244115114212036,-0.001702725887298584,1.2869144406326403,-0.0025506753302899994,beta,0
0.2940961718559265,0.280164897441864,-0.0139312744140625,1.3334465149565957,-0.019353424644830194,beta,0
0.21648907661437988,0.215465247631073,-0.0010238289833068848,1.6857887759210335,-0.001305014188619945,ductal,0
0.3097556233406067,0.30831289291381836,-0.00144273042678833,0.8505083472066622,-0.0020858136750098065,ductal,0
0.2269269824028015,0.21998614072799683,-0.0069408416748046875,1.5233915910908506,-0.008898356859046918,acinar,0
0.1847442388534546,0.18022727966308594,-0.004516959190368652,1.1425232975715494,-0.005510014029879222,ductal,0
0.37218332290649414,0.3772693872451782,0.005086064338684082,1.0706972963916914,0.008167358781647918,delta,0
0.2869539260864258,0.29506582021713257,0.008111894130706787,1.5391315863435817,0.011507307154840184,beta,0
0.3282095789909363,0.32624924182891846,-0.0019603371620178223,0.9314423255004907,-0.0029095880609310504,delta,0
0.19888973236083984,0.19321179389953613,-0.005677938461303711,1.5178804861025772,-0.007037706325365737,acinar,0
0.2950984239578247,0.29176658391952515,-0.0033318400382995605,0.697822093615787,-0.004704437778068596,delta,0
0.28024983406066895,0.28305578231811523,0.002805948257446289,0.8364296913517257,0.0039137609150665,alpha,0
0.26357752084732056,0.25810325145721436,-0.005474269390106201,1.8127336740707054,-0.007378748324289895,alpha,0
0.3012721538543701,0.2898806929588318,-0.01139146089553833,1.6858677172775645,-0.016041615518106067,beta,0
0.1862858533859253,0.18446952104568481,-0.0018163323402404785,0.832925991963169,-0.002227178979955974,endothelial,0
0.21855533123016357,0.20385634899139404,-0.014698982238769531,0.7693805980711168,-0.018462726192877272,ductal,0
0.30643415451049805,0.3140542507171631,0.007620096206665039,1.1974010319881385,0.011108890483878536,beta,0
0.2503376603126526,0.26045548915863037,0.010117828845977783,1.26415190334065,0.013681162793659125,beta,0
0.2481909990310669,0.24865829944610596,0.0004673004150390625,2.196045136218986,0.0006219545843050713,alpha,0
0.25871479511260986,0.26210492849349976,0.0033901333808898926,1.6701236497797731,0.004594329887538798,acinar,0
0.2922482490539551,0.27881312370300293,-0.013435125350952148,2.1032475023165556,-0.01862918723637358,alpha,0
0.3353964686393738,0.31856316328048706,-0.01683330535888672,1.6623685942316542,-0.024702664211584877,delta,0
0.2692859172821045,0.2721214294433594,0.002835512161254883,1.1014607973968338,0.003895584065741134,alpha,0
0.24534296989440918,0.2506975531578064,0.005354583263397217,1.3096018922795816,0.007146090722061816,alpha,0
0.3169429302215576,0.30232131481170654,-0.014621615409851074,0.9030364816059882,-0.020957520589732378,beta,0
0.19265997409820557,0.1856716275215149,-0.006988346576690674,0.8425668201496334,-0.008581730433167867,ductal,0
0.29441332817077637,0.3043292760848999,0.009915947914123535,2.6399440488367736,0.014253795040157074,beta,0
0.3808044195175171,0.4264214038848877,0.045616984367370605,0.35141944541160464,0.07953048575441554,macrophage,0
0.3097395896911621,0.30220258235931396,-0.0075370073318481445,1.1215351388817156,-0.01080113961632507,alpha,0
0.3574540615081787,0.3577779531478882,0.00032389163970947266,1.4409207704738436,0.0005043296805163355,delta,0
0.20560306310653687,0.20031583309173584,-0.005287230014801025,1.1868218340634151,-0.006611647739935247,ductal,0
0.27958500385284424,0.2892259359359741,0.009640932083129883,2.263773037736826,0.013563989698787653,beta,0
0.2543255090713501,0.25332361459732056,-0.001001894474029541,0.6729236389847812,-0.001341805491128829,ductal,0
0.3064025640487671,0.30734461545944214,0.0009420514106750488,1.511862711713075,0.0013600578753890965,alpha,0
0.3824044466018677,0.39495277404785156,0.012548327445983887,1.3275369387455738,0.02073941819373997,delta,0
0.31836140155792236,0.3300302028656006,0.011668801307678223,1.1327260996582933,0.01741690648979718,beta,0
0.22701561450958252,0.2235124111175537,-0.0035032033920288086,0.933985326696126,-0.004511602557705741,acinar,0
0.2026943564414978,0.20035576820373535,-0.002338588237762451,0.8436504652016055,-0.002924535868293842,ductal,0
0.18105047941207886,0.17721760272979736,-0.003832876682281494,0.6343679390760735,-0.0046584330133922075,ductal,0
0.28722065687179565,0.3144916296005249,0.027270972728729248,0.9953768075271493,0.03978211486000861,beta,0
0.21855419874191284,0.21674960851669312,-0.0018045902252197266,1.303743308974761,-0.0023039761548056463,alpha,0
0.2681088447570801,0.27666735649108887,0.008558511734008789,1.0456685217313362,0.011832055155828664,alpha,0
0.2073952555656433,0.19340157508850098,-0.013993680477142334,1.269868093879709,-0.01734900545916357,acinar,0
0.27532100677490234,0.2740941643714905,-0.0012268424034118652,0.7910175500281873,-0.0016900847784887014,beta,0
0.22789180278778076,0.2261418104171753,-0.0017499923706054688,1.0797852041275473,-0.002261386380815926,ductal,0
0.20067667961120605,0.20104873180389404,0.0003720521926879883,0.8848642949438535,0.0004656757020087319,ductal,0
0.2842194437980652,0.2848106622695923,0.0005912184715270996,1.0671849446391912,0.0008266600749436239,beta,0
0.2818582057952881,0.27505022287368774,-0.006807982921600342,0.6678984279395055,-0.009390971811298518,alpha,0
0.3245389461517334,0.3174063563346863,-0.007132589817047119,1.2428897170726778,-0.010449247342455973,delta,0
0.28301769495010376,0.2714971899986267,-0.01152050495147705,1.9969917126050098,-0.015813947171261198,alpha,0
0.2903650999069214,0.2941904664039612,0.003825366497039795,1.2482140673105442,0.005419828317633912,alpha,0
0.2362818717956543,0.2255847454071045,-0.010697126388549805,0.7577749122042474,-0.013813165901765722,alpha,0
0.4759180545806885,0.4694838523864746,-0.006434202194213867,1.4838709133023091,-0.012128192936553376,beta,0
0.27492254972457886,0.2807338237762451,0.00581127405166626,1.69736344625173,0.008079448532080624,beta,0
0.2549949884414673,0.25937867164611816,0.004383683204650879,1.2709320263649795,0.005918926497018566,beta,0
0.29110240936279297,0.2940852642059326,0.0029828548431396484,0.8784671768091304,0.0042255171791878,alpha,0
0.2651101350784302,0.2554612159729004,-0.009648919105529785,1.4588548059099762,-0.012959592317461579,alpha,0
0.22840267419815063,0.21784353256225586,-0.010559141635894775,0.7905073248912186,-0.01350003749311864,acinar,0
0.21942251920700073,0.21823030710220337,-0.0011922121047973633,1.1253182754891544,-0.0015250170422674918,acinar,0
0.2904126048088074,0.2792971730232239,-0.011115431785583496,1.013644435104785,-0.015423044519210245,beta,0
0.26066386699676514,0.26088201999664307,0.0002181529998779297,2.2617093444814174,0.00029515314980828756,alpha,0
0.29624855518341064,0.2902878522872925,-0.005960702896118164,2.8331267706203613,-0.008398761265857696,alpha,0
0.3186272978782654,0.3309755325317383,0.0123482346534729,1.923955445964531,0.018457074821495518,beta,0
0.3245946168899536,0.3132082223892212,-0.011386394500732422,1.8416069532523744,-0.016579107193658574,alpha,0
0.2589544653892517,0.24548673629760742,-0.013467729091644287,0.7972087259220705,-0.017849559099277077,acinar,0
0.32352036237716675,0.31585073471069336,-0.007669627666473389,1.4429476494978595,-0.01121045955260966,delta,0
0.22519779205322266,0.22279906272888184,-0.0023987293243408203,1.0402351984054747,-0.003086369572279671,acinar,0
0.28049343824386597,0.2899829149246216,0.009489476680755615,1.2167010633881405,0.01336513850191108,beta,0
0.2706480026245117,0.2676154375076294,-0.0030325651168823242,1.190862499520362,-0.0041406731820810535,alpha,0
0.1876540184020996,0.18606001138687134,-0.0015940070152282715,0.8290237853190033,-0.0019583839564687048,ductal,0
0.27263331413269043,0.2755178213119507,0.002884507179260254,0.7549004821542423,0.00398147430552916,beta,0
0.2383154034614563,0.2286536693572998,-0.009661734104156494,1.725523243277977,-0.012525805491427122,alpha,0
0.25864750146865845,0.25813019275665283,-0.0005173087120056152,1.32925356721515,-0.0006973039028611233,alpha,0
0.257643461227417,0.2640911936759949,0.006447732448577881,2.8113430172215805,0.00876159164446672,alpha,0
0.2695012092590332,0.27203959226608276,0.0025383830070495605,1.085120432314536,0.0034869794841608827,beta,0
0.30260396003723145,0.2882601022720337,-0.014343857765197754,1.4324782727115162,-0.02015322986808323,alpha,0
0.3179941773414612,0.3171035647392273,-0.0008906126022338867,1.1441332876584902,-0.0013041693531374123,gamma,0
0.3764544129371643,0.37995874881744385,0.003504335880279541,1.774154346624309,0.0056517786092392976,delta,0
0.21200430393218994,0.20317566394805908,-0.00882863998413086,0.7862480813917573,-0.011079782060716787,endothelial,0
0.2949087619781494,0.2845173478126526,-0.010391414165496826,0.6026275412034597,-0.014523642374456703,alpha,0
0.301216721534729,0.304470956325531,0.003254234790802002,0.8851640309617902,0.004678790656404412,beta,0
0.298129141330719,0.2953522205352783,-0.002776920795440674,0.7002297391917002,-0.00394086361493984,alpha,0
0.3377983570098877,0.3503361940383911,0.012537837028503418,1.3187045348761721,0.019298961883747495,delta,0
0.28052961826324463,0.29291969537734985,0.012390077114105225,2.2680774293216333,0.01752287121152028,beta,0
0.3420434594154358,0.3423035144805908,0.0002600550651550293,1.5161123915441017,0.00039540285052557856,delta,0
0.19480443000793457,0.19915896654129028,0.004354536533355713,1.925663004996729,0.005437454315432785,ductal,0
0.3082238435745239,0.3034631609916687,-0.004760682582855225,1.1190912126822476,-0.006834789369695178,beta,0
0.27538466453552246,0.26742100715637207,-0.00796365737915039,1.7821686872740425,-0.010870714908488056,alpha,0
0.242570161819458,0.23452341556549072,-0.008046746253967285,0.8802669663436948,-0.010512073677487816,acinar,0
0.2653656601905823,0.26305192708969116,-0.0023137331008911133,1.2678789946271694,-0.003139614833042258,alpha,0
0.2749452590942383,0.27274590730667114,-0.0021993517875671387,2.087358855645797,-0.0030241861952567508,beta,0
0.24975216388702393,0.2670031189918518,0.01725095510482788,0.7679443450640808,0.02353482743487433,ductal,0
0.2731114625930786,0.2730877995491028,-2.3663043975830078e-05,1.2862470710009306,-3.255282269461443e-05,beta,0
0.3017891049385071,0.28659433126449585,-0.01519477367401123,0.8041156495419106,-0.021298924777179908,alpha,0
0.3161570429801941,0.32393139600753784,0.00777435302734375,2.0418632622087225,0.011499355215481106,beta,0
0.17261767387390137,0.16734743118286133,-0.005270242691040039,0.960651124665049,-0.006329461876910936,ductal,0
0.26343876123428345,0.2581794261932373,-0.005259335041046143,1.7043213322535244,-0.007089767022849046,acinar,0
0.25641822814941406,0.2552216649055481,-0.0011965632438659668,1.1420045829031527,-0.0016066031830990627,alpha,0
0.3873288631439209,0.39423668384552,0.006907820701599121,3.0700018297087883,0.011403497896590207,beta,0
0.22291356325149536,0.21282702684402466,-0.010086536407470703,0.665898137713247,-0.01281362134046756,acinar,0
0.2733723521232605,0.2597888708114624,-0.013583481311798096,1.0271826680136926,-0.018350820159498408,alpha,0
0.3066941499710083,0.3048474192619324,-0.0018467307090759277,1.329434874242647,-0.0026565832599156716,alpha,0
0.3054187297821045,0.3157942295074463,0.010375499725341797,1.3752006614321175,0.015164297310548209,alpha,0
0.2861289978027344,0.2812446355819702,-0.00488436222076416,0.979013985749082,-0.0067955836750087945,alpha,0
0.2880361080169678,0.2886253595352173,0.0005892515182495117,1.429666278928619,0.0008283279790020617,beta,0
0.2322983741760254,0.23475384712219238,0.002455472946166992,1.2839311088331236,0.0032087360869870003,ductal,0
0.32452893257141113,0.31672143936157227,-0.007807493209838867,1.2170285177475717,-0.011426515713509089,beta,0
0.27180951833724976,0.2756170630455017,0.003807544708251953,2.2927231537852326,0.005256259519667733,alpha,0
0.27508342266082764,0.2646462917327881,-0.01043713092803955,1.2649886482209558,-0.014193347787194294,alpha,0
0.2072906494140625,0.1982974410057068,-0.008993208408355713,0.7179835807603304,-0.011217637149165854,acinar,0
0.21808040142059326,0.21471375226974487,-0.0033666491508483887,1.209145313527228,-0.004287161733163101,ductal,0
0.2891750931739807,0.27821171283721924,-0.010963380336761475,1.0284022812733558,-0.015189191251435431,beta,0
0.2040122151374817,0.20852041244506836,0.00450819730758667,0.873645134886389,0.005695911023446052,ductal,0
0.24382424354553223,0.24654459953308105,0.002720355987548828,1.4717209700670741,0.003610506986694918,alpha,0
0.3306308388710022,0.32508009672164917,-0.005550742149353027,0.9670460517733163,-0.008224297612784709,beta,0
0.32953208684921265,0.3189544081687927,-0.010577678680419922,1.8892288178189118,-0.015531528002374223,beta,0
0.30194002389907837,0.2512825131416321,-0.05065751075744629,0.0530022619064042,-0.06765904583049892,macrophage,0
0.26863181591033936,0.2639796733856201,-0.004652142524719238,1.6396559051098745,-0.006320671259336858,beta,0
0.21427661180496216,0.21104669570922852,-0.0032299160957336426,1.5198878188399287,-0.004093925557022885,acinar,0
0.2778342366218567,0.286737859249115,0.0089036226272583,2.000495473893993,0.012482959796359069,beta,0
0.1946280598640442,0.19992583990097046,0.0052977800369262695,1.4842965381313749,0.00662161122197789,ductal,0
0.3059372305870056,0.30435818433761597,-0.0015790462493896484,1.4571754809769688,-0.002269912782465635,beta,0
0.30767589807510376,0.3044912815093994,-0.0031846165657043457,2.021508746442416,-0.00457883054667615,beta,0
0.2381383776664734,0.23688864707946777,-0.0012497305870056152,1.5718644915570017,-0.0016376778857013778,ductal,0
0.3513081669807434,0.34421712160110474,-0.007091045379638672,1.0793565604541078,-0.01081309929431457,alpha,0
0.2834475636482239,0.2855170965194702,0.002069532871246338,1.6737648772995073,0.0028965463850356976,beta,0
0.2590716481208801,0.25188666582107544,-0.0071849822998046875,1.1611091786308798,-0.009604136126901692,alpha,0
0.23582762479782104,0.23978251218795776,0.003954887390136719,0.7601391496011701,0.005202310461864215,alpha,0
0.24150007963180542,0.24597835540771484,0.004478275775909424,1.5122130043992719,0.005939187300559414,alpha,0
0.29673606157302856,0.2904910445213318,-0.006245017051696777,0.8939209363877175,-0.00880188615446523,alpha,0
0.25533998012542725,0.2600213885307312,0.004681408405303955,1.1246192701716664,0.006326410429632227,alpha,0
0.3158484697341919,0.327439546585083,0.011591076850891113,3.0524245344327823,0.017234252760532635,beta,0
0.30250412225723267,0.29773104190826416,-0.004773080348968506,1.5428460651978477,-0.006796655745596844,beta,0
0.2715679407119751,0.2566412091255188,-0.014926731586456299,1.0248741286993253,-0.02008011712472871,alpha,0
0.31714218854904175,0.31719982624053955,5.7637691497802734e-05,1.33082132578478,8.441370361763787e-05,alpha,0
0.2889043092727661,0.2812313437461853,-0.0076729655265808105,1.136868366284744,-0.010675153207948594,beta,0
0.3409830927848816,0.3424069285392761,0.0014238357543945312,0.6564646441483791,0.0021652231694469317,endothelial,0
0.29509276151657104,0.29252517223358154,-0.002567589282989502,1.1650377325027383,-0.003629230584918031,alpha,0
0.3218376040458679,0.31237083673477173,-0.009466767311096191,1.4946101705183363,-0.013767256854178428,beta,0
0.2556881308555603,0.24769437313079834,-0.007993757724761963,1.1017736741491706,-0.010625678499878858,alpha,0
0.21251142024993896,0.21371030807495117,0.001198887825012207,1.30604344134628,0.0015247406106482294,ductal,0
0.24864113330841064,0.2401871681213379,-0.008453965187072754,0.6292981708004379,-0.01112637854005446,endothelial,0
0.3061044216156006,0.28960275650024414,-0.016501665115356445,1.4032786818326084,-0.023228785396268384,alpha,0
0.2516937851905823,0.24278724193572998,-0.008906543254852295,1.2232769034356017,-0.01176227309959869,acinar,0
0.2088640332221985,0.2011004090309143,-0.00776362419128418,0.6466564307635578,-0.009717897316566033,ductal,0
0.23039573431015015,0.22690516710281372,-0.0034905672073364258,1.3323589405301612,-0.00451505696171253,activated_stellate,0
0.2990279197692871,0.30258607864379883,0.0035581588745117188,2.0508445252029834,0.005101932676641257,alpha,0
0.28552401065826416,0.2760147452354431,-0.009509265422821045,0.7688280144845725,-0.013134612010728726,beta,0
0.3776770830154419,0.37678492069244385,-0.0008921623229980469,1.3767207359101359,-0.00143154803633653,beta,0
0.2541194558143616,0.2684019207954407,0.014282464981079102,0.9030251506016225,0.019522283323389695,alpha,0
0.1922074556350708,0.1890549659729004,-0.00315248966217041,0.7070337269169574,-0.003887427051023858,endothelial,0
0.24832963943481445,0.2574324607849121,0.009102821350097656,1.4733895795282763,0.01225857699047761,alpha,0
0.19120490550994873,0.18948787450790405,-0.0017170310020446777,1.351386075993856,-0.0021184519614708985,ductal,0
0.3852044939994812,0.38673901557922363,0.0015345215797424316,1.6641345849255422,0.0025022325220832105,delta,0
0.29854923486709595,0.298870325088501,0.0003210902214050293,1.6035354850444552,0.0004579612486742332,alpha,0
0.2508227825164795,0.24857360124588013,-0.0022491812705993652,1.1323678071224927,-0.0029932156686650257,alpha,0
0.21324849128723145,0.2183045744895935,0.0050560832023620605,1.2885637922384856,0.006468098747105628,acinar,0
0.22591930627822876,0.22008323669433594,-0.005836069583892822,0.8154306034551493,-0.00748293902436042,ductal,0
0.3214954733848572,0.32340335845947266,0.0019078850746154785,1.67821165543743,0.0028198264039139462,alpha,0
0.3208826780319214,0.31069207191467285,-0.010190606117248535,1.2149743520992593,-0.014783822587903086,alpha,0
0.2646384835243225,0.2618832588195801,-0.0027552247047424316,1.1715585628638616,-0.0037327763360795584,alpha,0
0.2682039141654968,0.27425235509872437,0.006048440933227539,1.1976243235812698,0.008334082756893157,alpha,0
0.1907179355621338,0.1893366575241089,-0.0013812780380249023,2.1375157243069225,-0.001703886145642488,ductal,0
0.25328969955444336,0.24891936779022217,-0.004370331764221191,1.660505530199054,-0.005818725149872526,alpha,0
0.20473551750183105,0.20982182025909424,0.005086302757263184,0.9847534639928132,0.006436906115189043,ductal,0
0.30281519889831543,0.2993476390838623,-0.003467559814453125,0.6440319477299296,-0.004949044644506897,alpha,0
0.28569310903549194,0.27813708782196045,-0.007556021213531494,1.907549073668347,-0.010467390810719313,alpha,0
0.34560883045196533,0.3322370648384094,-0.013371765613555908,0.8115906426736085,-0.020024719716316842,beta,0
0.3532043695449829,0.34317994117736816,-0.010024428367614746,1.3188232775619582,-0.0152620618584393,beta,0
0.2775285243988037,0.2816835641860962,0.0041550397872924805,1.3939395491046302,0.005784414194260394,beta,0
0.22706520557403564,0.220198392868042,-0.006866812705993652,1.2399219132811181,-0.008805845798714353,acinar,0
0.28747284412384033,0.2883322834968567,0.0008594393730163574,0.9039037117900548,0.001207641365607121,alpha,0
0.2757425308227539,0.26351308822631836,-0.012229442596435547,0.7115734206702549,-0.01660510512940872,alpha,0
0.2737903594970703,0.2820543050765991,0.008263945579528809,0.9677251974630016,0.011510544095414495,alpha,0
0.2051774263381958,0.20442169904708862,-0.0007557272911071777,1.193115133289424,-0.0009499093806379565,ductal,0
0.27424073219299316,0.27093440294265747,-0.0033063292503356934,1.0636769362308698,-0.00453502299886418,alpha,0
0.23033356666564941,0.22713834047317505,-0.0031952261924743652,0.9382774227932714,-0.004134279599832398,acinar,0
0.27011996507644653,0.26993328332901,-0.00018668174743652344,0.7098157130846445,-0.0002557050515708593,alpha,0
0.3047492504119873,0.29513561725616455,-0.009613633155822754,1.882850223747871,-0.013638982747858006,beta,0
0.3320862650871277,0.3221547603607178,-0.009931504726409912,0.9386414262857489,-0.014651581431323465,beta,0
0.38962996006011963,0.378645122051239,-0.010984838008880615,0.957753292468537,-0.017678847304046532,delta,0
0.23989039659500122,0.23951077461242676,-0.0003796219825744629,0.9038436685815394,-0.0004991812768694962,acinar,0
0.33749449253082275,0.35976898670196533,0.022274494171142578,0.9635191288323194,0.03479133892061794,alpha,0
0.29960358142852783,0.2850123643875122,-0.014591217041015625,1.342569670534995,-0.020407649467275316,alpha,0
0.3150426149368286,0.3276892900466919,0.012646675109863281,1.1458110217501012,0.018810759553037005,beta,0
0.2811594009399414,0.27350670099258423,-0.007652699947357178,1.2115781068685825,-0.010533751595249143,alpha,0
0.3195880651473999,0.31270432472229004,-0.006883740425109863,0.9600102314240435,-0.01001569000463797,acinar,0
0.3187161684036255,0.3128422498703003,-0.005873918533325195,1.3062848583958615,-0.008548136919384965,gamma,0
0.2894878387451172,0.27313315868377686,-0.016354680061340332,0.9598439448649064,-0.022500242316357413,alpha,0
0.27204352617263794,0.2725878357887268,0.0005443096160888672,1.041336420105244,0.0007482822571149295,alpha,0
0.3520069718360901,0.353007435798645,0.0010004639625549316,1.6232917835269447,0.0015463299238839018,beta,0
0.2615000605583191,0.2605355978012085,-0.0009644627571105957,1.1783418621708184,-0.0013042720572386897,alpha,0
0.30906951427459717,0.29920798540115356,-0.009861528873443604,1.6294921129090139,-0.014071976660705284,beta,0
0.21783560514450073,0.222883403301239,0.005047798156738281,1.131638525758738,0.00649554800165334,ductal,0
0.25467073917388916,0.24610024690628052,-0.008570492267608643,1.2148933035868488,-0.011368212063259848,ductal,0
0.2628912925720215,0.2648015022277832,0.0019102096557617188,0.8098346601941453,0.0025982230126285573,alpha,0
0.29843032360076904,0.30644237995147705,0.008012056350708008,0.6041662099887848,0.01155211350737876,beta,0
0.3007713556289673,0.3002358675003052,-0.0005354881286621094,2.3350856252714647,-0.0007652408915976312,alpha,0
0.20894253253936768,0.20800471305847168,-0.0009378194808959961,0.9468767200295721,-0.0011841225526954856,acinar,0
0.20221060514450073,0.20081686973571777,-0.001393735408782959,1.1936979400138314,-0.0017439499859338422,ductal,0
0.25141090154647827,0.259332537651062,0.00792163610458374,1.4037696416788934,0.01069526677931986,alpha,0
0.2919781804084778,0.283206045627594,-0.008772134780883789,1.054305437936108,-0.012238014463395263,alpha,0
0.36521637439727783,0.35527628660202026,-0.009940087795257568,0.9837455282418021,-0.015417592976174089,alpha,0
0.2841319441795349,0.2716391682624817,-0.012492775917053223,0.9987763902009287,-0.01715190517212667,alpha,0
0.2850310802459717,0.2771032452583313,-0.00792783498764038,2.2958264378777,-0.010966759686828914,beta,0
0.30896055698394775,0.3083222508430481,-0.0006383061408996582,0.7140111377709983,-0.0009228374653914407,alpha,0
0.35576891899108887,0.3646050691604614,0.008836150169372559,1.1551218500721108,0.013906548101819878,beta,0
0.3683425784111023,0.3581979274749756,-0.010144650936126709,1.848437371680066,-0.015806510091522275,beta,0
0.3394356966018677,0.33093273639678955,-0.008502960205078125,1.017952916811079,-0.012708677688527285,alpha,0
0.26386338472366333,0.2530052661895752,-0.010858118534088135,1.4298077029442926,-0.014535736388261809,alpha,0
0.304301917552948,0.3035745620727539,-0.0007273554801940918,1.7116084154729414,-0.0010444125682124738,beta,0
0.31163257360458374,0.3122047781944275,0.00057220458984375,1.5533325899401433,0.0008319403387851712,alpha,0
0.2827322483062744,0.27659499645233154,-0.006137251853942871,0.8517175841129441,-0.008483839376068761,alpha,0
0.2415987253189087,0.2337738275527954,-0.007824897766113281,1.7196477098720724,-0.010212255920626937,alpha,0
0.3663739562034607,0.3623318076133728,-0.004042148590087891,1.3172103335650491,-0.006338952825856302,alpha,0
0.2731083631515503,0.2647460103034973,-0.008362352848052979,0.9719369619103373,-0.011373420566551133,alpha,0
0.2681223154067993,0.2728813886642456,0.004759073257446289,1.0805880100748748,0.00654511269998113,alpha,0
0.362909197807312,0.3557586073875427,-0.007150590419769287,1.4401141327907725,-0.0110992409084008,beta,0
0.33612126111984253,0.33912473917007446,0.0030034780502319336,2.280579481079571,0.004544697355534497,beta,0
0.22963160276412964,0.24607253074645996,0.016440927982330322,1.5305263694147313,0.02180704199385175,activated_stellate,0
0.21957606077194214,0.21671134233474731,-0.0028647184371948242,0.5229570776625231,-0.003657295952342379,endothelial,0
0.22649651765823364,0.22752726078033447,0.00103074312210083,0.9312445008985643,0.0013343423913471217,activated_stellate,0
0.22050297260284424,0.2231283187866211,0.0026253461837768555,1.1312551880871664,0.0033793820102650473,activated_stellate,0
0.345206618309021,0.34802699089050293,0.0028203725814819336,2.049623298908308,0.004325903897976028,beta,0
0.24032843112945557,0.24330174922943115,0.002973318099975586,0.7928140773230745,0.003929331271676346,ductal,0
0.2545497417449951,0.25041550397872925,-0.004134237766265869,1.4171856405580143,-0.005515372567349036,ductal,0
0.24603980779647827,0.23460429906845093,-0.011435508728027344,0.8635366834596334,-0.01494064927998602,activated_stellate,0
0.22848916053771973,0.22910845279693604,0.0006192922592163086,0.7780235797645478,0.0008033455049069024,ductal,0
0.21936720609664917,0.22205078601837158,0.002683579921722412,1.3150899794051965,0.003449556697907771,acinar,0
0.31708991527557373,0.3530327081680298,0.035942792892456055,1.6458084017231394,0.05555581147028231,alpha,0
0.30626600980758667,0.3076392412185669,0.0013732314109802246,0.9459079951213474,0.0019834044514555325,beta,0
0.19968587160110474,0.19704705476760864,-0.0026388168334960938,1.111438977618239,-0.003286390378370634,ductal,0
0.32916659116744995,0.32595294713974,-0.003213644027709961,1.7087033780722902,-0.0047676850066670304,gamma,0
0.2292965054512024,0.23315846920013428,0.0038619637489318848,1.2039529021619966,0.0050361953465191235,activated_stellate,0
0.3321104049682617,0.3330783247947693,0.0009679198265075684,1.5306952361106885,0.0014513245895175202,beta,0
0.3855627179145813,0.39814430475234985,0.012581586837768555,2.248004886604472,0.02090465694204574,delta,0
0.28498172760009766,0.2759397625923157,-0.009041965007781982,0.7551033696839314,-0.01248786294377173,alpha,0
0.3285667896270752,0.32312166690826416,-0.005445122718811035,1.8277009671365279,-0.008044463018840743,beta,0
0.28092092275619507,0.2856820225715637,0.004761099815368652,1.7274795496661153,0.00666523868335043,alpha,0
0.18476974964141846,0.17717009782791138,-0.00759965181350708,1.315379880436972,-0.009235993725368612,acinar,0
0.22131085395812988,0.21617555618286133,-0.005135297775268555,0.7662224982408814,-0.006551591770040011,acinar,0
0.3249986171722412,0.3174448013305664,-0.007553815841674805,0.8945770620974531,-0.011066966974099882,alpha,0
0.27795976400375366,0.2665138244628906,-0.011445939540863037,1.2972627112011927,-0.01560484699317138,alpha,0
0.2761068344116211,0.26842862367630005,-0.007678210735321045,0.8861007211567538,-0.010495504586176771,ductal,0
0.3806478977203369,0.3800586462020874,-0.0005892515182495117,0.7949192579059636,-0.0009504955825895669,ductal,0
0.352791428565979,0.3525157570838928,-0.00027567148208618164,1.1576521234729082,-0.000425757823610697,beta,0
0.2996700406074524,0.2875010371208191,-0.0121690034866333,1.1564568228768466,-0.017079327999943782,alpha,0
0.30947184562683105,0.31144970655441284,0.001977860927581787,0.9009214893179204,0.002872500304493862,alpha,0
0.276495099067688,0.26136958599090576,-0.015125513076782227,0.9505365950317486,-0.020477782650033142,alpha,0
0.22228533029556274,0.22571700811386108,0.00343167781829834,1.270131778048527,0.004432071806121992,ductal,0
0.20788228511810303,0.20779073238372803,-9.1552734375e-05,0.725741091498581,-0.00011556635111134051,ductal,0
0.3155795931816101,0.3040975332260132,-0.011482059955596924,2.0762965699377123,-0.0164995247233777,alpha,0
0.31902748346328735,0.31195133924484253,-0.007076144218444824,0.9844650904327322,-0.010284365949754933,beta,0
0.2889631390571594,0.28397345542907715,-0.004989683628082275,1.4398808154414777,-0.0069685735339216105,alpha,0
0.24841797351837158,0.2448592185974121,-0.0035587549209594727,1.0937342396592664,-0.004712703920386197,acinar,0
0.2992147207260132,0.29398345947265625,-0.005231261253356934,1.7276362017296971,-0.007409544894584986,alpha,0
0.28999006748199463,0.29156696796417236,0.0015769004821777344,1.7208570529395286,0.0022258991476529367,beta,0
0.23507541418075562,0.23460984230041504,-0.00046557188034057617,1.4777007171885386,-0.0006082804640967342,activated_stellate,0
0.28442567586898804,0.28293073177337646,-0.0014949440956115723,1.519965172762419,-0.002084797329703869,beta,0
0.3024696707725525,0.3034869432449341,0.0010172724723815918,1.509710082934644,0.0014605217555014526,beta,0
0.2889655828475952,0.2863299250602722,-0.002635657787322998,1.5095625755523043,-0.0036931039704104023,alpha,0
0.19197404384613037,0.18951725959777832,-0.0024567842483520508,0.7237203386565084,-0.0030312604154072572,ductal,0
0.30099964141845703,0.2906033396720886,-0.010396301746368408,1.1343439320078441,-0.014655132068937036,alpha,0
0.2250543236732483,0.2261229157447815,0.0010685920715332031,1.364582948704494,0.0013808291953257914,acinar,0
0.31391364336013794,0.30593347549438477,-0.007980167865753174,1.042618238026351,-0.011497698828563243,alpha,0
0.3216695189476013,0.31953883171081543,-0.0021306872367858887,0.7628950134683677,-0.0031312400120389857,gamma,0
0.33826714754104614,0.3425281047821045,0.00426095724105835,1.7462454529812206,0.006480820354528171,delta,0
0.26064789295196533,0.25953173637390137,-0.0011161565780639648,0.5123627683531802,-0.0015073658560302201,activated_stellate,0
0.2856177091598511,0.2705053687095642,-0.015112340450286865,0.8278579245611775,-0.020716177751101426,alpha,0
0.2961655855178833,0.28570371866226196,-0.010461866855621338,1.5943524180178477,-0.01464639692093636,alpha,0
0.3119041919708252,0.3218045234680176,0.009900331497192383,1.354944204140051,0.01459805003097142,alpha,0
0.28036874532699585,0.28671795129776,0.00634920597076416,1.21954382761499,0.008901395993795212,alpha,0
0.26240992546081543,0.2563630938529968,-0.0060468316078186035,1.6745129938346899,-0.008131430215249777,alpha,0
0.27057933807373047,0.26619648933410645,-0.0043828487396240234,0.7283713360372619,-0.005972782462769613,acinar,0
0.30470722913742065,0.28900575637817383,-0.015701472759246826,1.980770235510323,-0.0220838254319234,alpha,0
0.316747784614563,0.30684006214141846,-0.009907722473144531,1.312879807240777,-0.014293559007107395,delta,0
0.35015374422073364,0.3323381543159485,-0.017815589904785156,1.6427685619904606,-0.026683552489856946,alpha,0
0.3245137929916382,0.3268122673034668,0.0022984743118286133,1.3126748829262955,0.003414314017015435,beta,0
0.2856016159057617,0.2807053327560425,-0.004896283149719238,0.663948336548799,-0.006807061657331326,alpha,0
0.26726824045181274,0.26899969577789307,0.0017314553260803223,0.8813918808674028,0.0023686109514316116,ductal,0
0.2823435664176941,0.27344852685928345,-0.008895039558410645,1.213316428312272,-0.012242820897409256,alpha,0
0.2840240001678467,0.293192982673645,0.00916898250579834,1.468343344700252,0.012972398803398882,alpha,0
0.2959100008010864,0.31481415033340454,0.018904149532318115,1.1287217675491865,0.02758981310182731,beta,0
0.2371838092803955,0.23956596851348877,0.0023821592330932617,1.1551788003407388,0.003132631016574272,alpha,0
0.29946672916412354,0.31472569704055786,0.015258967876434326,1.4434874923151444,0.022266948885339168,quiescent_stellate,0
0.3234419822692871,0.3233538866043091,-8.809566497802734e-05,1.6003006885250823,-0.00013019459246714173,alpha,0
0.31252944469451904,0.3056933879852295,-0.006836056709289551,1.565727500403286,-0.009845875858005112,beta,0
0.30365073680877686,0.30476826429367065,0.0011175274848937988,1.405187924176776,0.0016074172502474054,delta,0
0.27092427015304565,0.26358896493911743,-0.007335305213928223,1.1759304342208072,-0.009960884430964262,alpha,0
0.20067381858825684,0.20022571086883545,-0.0004481077194213867,1.0526093007564103,-0.0005602927294751984,acinar,0
0.28831028938293457,0.27535104751586914,-0.01295924186706543,1.1876275621772867,-0.01788347560931474,alpha,0
0.18711137771606445,0.17927318811416626,-0.007838189601898193,0.9537830069485044,-0.009550302839367353,ductal,0
0.33453404903411865,0.3293188810348511,-0.005215167999267578,1.9006794875214579,-0.007775927861685603,beta,0
0.2580915093421936,0.25381791591644287,-0.004273593425750732,0.9530681168307268,-0.005727279596908919,alpha,0
0.2906874418258667,0.28697317838668823,-0.003714263439178467,1.6867820743930177,-0.0052091496793549566,beta,0
0.34166866540908813,0.3489251136779785,0.007256448268890381,1.5479301554234721,0.011145335845900441,beta,0
0.2407618761062622,0.22948092222213745,-0.011280953884124756,1.1745982069935301,-0.014640719755646346,acinar,0
0.3183562159538269,0.3244391679763794,0.00608295202255249,1.053485023539086,0.00900429944159315,beta,0
0.2911800146102905,0.2935605049133301,0.0023804903030395508,1.0927799627675252,0.0033697016086954466,alpha,0
0.3247619867324829,0.3404070734977722,0.015645086765289307,0.7044164051335394,0.023719306464146057,endothelial,0
0.2008572816848755,0.1953216791152954,-0.005535602569580078,0.6645397033093452,-0.006879273898536192,ductal,0
0.24909937381744385,0.2520902156829834,0.0029908418655395508,1.4763188238233478,0.0039989340001358,alpha,0
0.26504719257354736,0.25152796506881714,-0.013519227504730225,1.9070054940661314,-0.018062435032690605,alpha,0
0.312408447265625,0.31589215993881226,0.003483712673187256,1.4595327653974879,0.005092344319392198,alpha,0
0.2716405391693115,0.2814023494720459,0.009761810302734375,1.2727789476765798,0.013584528554417576,alpha,0
0.4035107493400574,0.4241454005241394,0.02063465118408203,0.6245262996516058,0.03583309259466464,delta,0
0.23839402198791504,0.22694647312164307,-0.011447548866271973,0.7949278423364794,-0.014808222805085643,acinar,0
0.31752610206604004,0.3024801015853882,-0.015046000480651855,1.165772013546482,-0.021570711480561066,beta,0
0.36551475524902344,0.37218910455703735,0.006674349308013916,1.296163473752546,0.010631146028940316,beta,0
0.27990520000457764,0.28762394189834595,0.0077187418937683105,1.9708369068585951,0.010835206778758513,alpha,0
0.19953936338424683,0.20494961738586426,0.005410254001617432,0.7336721649395971,0.0068049196880183216,acinar,0
0.27241671085357666,0.2774121165275574,0.004995405673980713,1.5172685470041107,0.006913215386307018,activated_stellate,0
0.295928418636322,0.2921379804611206,-0.003790438175201416,1.0738103593839017,-0.005354769814702886,alpha,0
0.21196800470352173,0.20871108770370483,-0.0032569169998168945,1.21804078532164,-0.004115964408455346,acinar,0
0.381805419921875,0.37363147735595703,-0.008173942565917969,3.2703722415898424,-0.013049733935246157,alpha,0
0.2975873351097107,0.30044615268707275,0.0028588175773620605,1.257225826254715,0.004086629768877881,alpha,0
0.22089701890945435,0.2104647159576416,-0.010432302951812744,1.3867491327117432,-0.013213219424976393,acinar,0
0.3175632953643799,0.31575775146484375,-0.0018055438995361328,0.7847144626611691,-0.0026387495121815243,gamma,0
0.3127313256263733,0.31674724817276,0.004015922546386719,1.0326678999035912,0.0058776529412385625,alpha,0
0.30032145977020264,0.3049454092979431,0.0046239495277404785,1.8386381248018588,0.006652642237885149,alpha,0
0.2768908143043518,0.3409011960029602,0.0640103816986084,0.8756107047554123,0.09711803649228877,acinar,0
0.2813628911972046,0.299080491065979,0.017717599868774414,1.8541720552112244,0.025277652630499414,alpha,0
0.2781265377998352,0.27491962909698486,-0.003206908702850342,1.5573326111888615,-0.004422832049440888,alpha,0
0.3187887668609619,0.3184776306152344,-0.00031113624572753906,0.9213635484404881,-0.00045653123023447166,alpha,0
0.46955162286758423,0.44893622398376465,-0.02061539888381958,2.4262927363828837,-0.03741018695304736,epsilon,1
0.2794078588485718,0.2767517566680908,-0.002656102180480957,1.2444738572998113,-0.003672462677883108,alpha,0
0.3084825873374939,0.30229270458221436,-0.006189882755279541,4.618890082164488,-0.008871747215389303,alpha,0
0.2796980142593384,0.2751266360282898,-0.004571378231048584,1.131526875755711,-0.006306450834392905,alpha,0
0.31869417428970337,0.3143606185913086,-0.004333555698394775,1.1049394968269914,-0.006320459144997183,delta,0
0.23446595668792725,0.22930264472961426,-0.005163311958312988,1.8606748774073527,-0.006699532472771404,ductal,0
0.29259300231933594,0.28900688886642456,-0.003586113452911377,1.839965912982709,-0.005043809000053234,alpha,0
0.2834104299545288,0.2840932011604309,0.0006827712059020996,2.4270467702330634,0.0009537152140597355,ductal,0
0.33313512802124023,0.3382718563079834,0.005136728286743164,1.2282243077559634,0.0077625960686567306,beta,0
0.3289615511894226,0.3205465078353882,-0.008415043354034424,1.5481650357225605,-0.01238501744574992,alpha,0
0.27730369567871094,0.2717932462692261,-0.005510449409484863,1.1882500617101606,-0.007567149550939399,alpha,0
0.32738184928894043,0.3093212842941284,-0.01806056499481201,0.9781164402080208,-0.026149010508242126,alpha,0
0.3353670835494995,0.32983362674713135,-0.005533456802368164,1.8347031765953268,-0.00825684042532565,alpha,0
0.29686295986175537,0.30120420455932617,0.004341244697570801,1.611065809372214,0.0062124653953207175,beta,0
0.3189343810081482,0.31751108169555664,-0.0014232993125915527,1.0035024554715875,-0.0020854540995735994,alpha,0
0.2702159285545349,0.2690325975418091,-0.00118333101272583,1.9225700438729805,-0.0016188560649166746,alpha,0
0.22208338975906372,0.21848440170288086,-0.0035989880561828613,0.931855176695074,-0.0046051391220147935,acinar,0
0.2863466739654541,0.27629244327545166,-0.010054230690002441,1.4512641750368243,-0.01389267059129134,ductal,0
0.35898399353027344,0.3795965909957886,0.020612597465515137,0.9918839979421799,0.03322450709708336,endothelial,0
0.18971610069274902,0.1901329755783081,0.00041687488555908203,1.0096403352572763,0.0005147448568569181,ductal,0
0.21504008769989014,0.21172380447387695,-0.0033162832260131836,1.6711862033740676,-0.004207006687294141,acinar,0
0.24483919143676758,0.2403889298439026,-0.00445026159286499,1.1670158999950393,-0.005858605499193787,acinar,0
0.28515517711639404,0.28046512603759766,-0.004690051078796387,1.0825301285557538,-0.006518170624543564,alpha,0
0.3051324486732483,0.28887176513671875,-0.01626068353652954,1.6336695764852653,-0.022866035602785138,alpha,0
0.3263845443725586,0.3234860897064209,-0.0028984546661376953,0.9530909919241831,-0.004284397736744076,alpha,0
0.20832616090774536,0.2073349952697754,-0.0009911656379699707,1.220668257138661,-0.0012504218453636712,acinar,0
0.2819790840148926,0.2726120948791504,-0.009366989135742188,1.7751872699272173,-0.01287757064669083,alpha,0
0.3011282682418823,0.29770129919052124,-0.003426969051361084,1.1192091016154788,-0.004879646007334364,alpha,0
0.2818356156349182,0.28572380542755127,0.0038881897926330566,1.0388653980776696,0.005443538258979005,activated_stellate,0
0.3141530752182007,0.3019009828567505,-0.012252092361450195,2.166832532350879,-0.01755065121218481,alpha,0
0.21349668502807617,0.20943081378936768,-0.004065871238708496,3.2975637296670333,-0.005142967003554855,acinar,0
0.333359956741333,0.324221134185791,-0.009138822555541992,0.9423052952273976,-0.01352339207076434,alpha,0
0.33879077434539795,0.3292628526687622,-0.009527921676635742,0.8440258488762628,-0.014205149833352616,beta,0
0.26032555103302,0.2567085027694702,-0.0036170482635498047,0.6043392997698841,-0.00486625809258785,ductal,0
0.3286699652671814,0.325111985206604,-0.0035579800605773926,2.31164227867804,-0.0052719562099003935,alpha,0
0.3063579201698303,0.3127179741859436,0.006360054016113281,1.1411501496947578,0.00925392164676512,beta,0
0.2850307822227478,0.2753574848175049,-0.00967329740524292,1.7378721431479733,-0.01334906136828969,alpha,0
0.3342372179031372,0.31810539960861206,-0.016131818294525146,1.8004583431696937,-0.023657348636088253,alpha,0
0.3183533549308777,0.3078080415725708,-0.010545313358306885,1.9708759636121709,-0.015234666092140792,alpha,0
0.3331488370895386,0.32189470529556274,-0.01125413179397583,1.9072974981519637,-0.016596436986797337,beta,0
0.21582633256912231,0.21603095531463623,0.00020462274551391602,1.2730274367633283,0.00026100870551086465,acinar,0
0.284274697303772,0.277754008769989,-0.006520688533782959,1.129702002508542,-0.009028348530779646,alpha,0
0.31238383054733276,0.30005955696105957,-0.012324273586273193,1.1636771997607833,-0.017607603202302095,alpha,0
0.2731276750564575,0.2571102976799011,-0.016017377376556396,0.812245161937944,-0.021560909145103176,acinar,0
0.3369966745376587,0.3361467123031616,-0.0008499622344970703,0.9579549300078195,-0.0012803465016282668,delta,0
0.2761608958244324,0.27716875076293945,0.00100785493850708,1.7577931173612098,0.001394315671286844,alpha,0
0.38613325357437134,0.37097829580307007,-0.01515495777130127,1.06083558181251,-0.02409290119909226,alpha,0
0.2744208574295044,0.2767469882965088,0.0023261308670043945,2.134438889044251,0.0032162062644241402,alpha,0
0.22193866968154907,0.21881318092346191,-0.003125488758087158,0.8798595527197982,-0.004000949173440845,activated_stellate,0
0.35561811923980713,0.35019898414611816,-0.005419135093688965,1.5315837302976887,-0.008339683936270645,beta,0
0.3167041540145874,0.30664825439453125,-0.010055899620056152,1.4169948473797505,-0.014503316222669704,beta,0
0.29514944553375244,0.2884317636489868,-0.006717681884765625,0.9798852131256084,-0.009440671381306324,alpha,0
0.36118459701538086,0.37913262844085693,0.017948031425476074,0.8334396363884239,0.02890799589033705,delta,0
0.2048039436340332,0.1997065544128418,-0.005097389221191406,1.3119537295178167,-0.006369400186017469,ductal,0
0.3098105192184448,0.3165174126625061,0.006706893444061279,0.9116470875819792,0.009812822694120094,beta,0
0.3107801079750061,0.30463236570358276,-0.00614774227142334,0.8228939502191945,-0.008840995709620152,alpha,0
0.279077410697937,0.26573753356933594,-0.013339877128601074,0.7912325740699351,-0.01816772303975686,ductal,0
0.37033921480178833,0.36198657751083374,-0.00835263729095459,1.2345522143445973,-0.01309163255275624,alpha,0
0.28309333324432373,0.2791959047317505,-0.003897428512573242,1.3068146560988108,-0.005407056561079612,alpha,0
0.24443507194519043,0.23975592851638794,-0.00467914342880249,0.9135381255400401,-0.006154791078700776,acinar,0
0.38609009981155396,0.37942636013031006,-0.0066637396812438965,1.2237636499595501,-0.010738032125636484,gamma,0
0.3174439072608948,0.31640541553497314,-0.0010384917259216309,1.32944700072861,-0.0015191631846152532,activated_stellate,0
0.33653485774993896,0.33587872982025146,-0.0006561279296875,1.476679283197444,-0.0009879640348063462,beta,0
0.21235209703445435,0.2014840841293335,-0.01086801290512085,1.721834844668545,-0.0136102646035187,acinar,0
0.18017840385437012,0.18107008934020996,0.0008916854858398438,1.0496783423503493,0.0010888422491754349,acinar,0
0.3093271255493164,0.31950581073760986,0.010178685188293457,1.2715550161346456,0.014957784135271553,alpha,0
0.3312082290649414,0.3475991487503052,0.01639091968536377,2.2198144339298187,0.025124001070762608,beta,0
0.29486310482025146,0.28794538974761963,-0.006917715072631836,1.9852497125404922,-0.009715146806197806,alpha,0
0.3501121401786804,0.3419279456138611,-0.008184194564819336,0.8378476928908068,-0.01243662378651483,beta,0
0.3951151371002197,0.3923053741455078,-0.002809762954711914,0.8942643440772416,-0.004623642920588688,beta,0
0.3016873598098755,0.2967626452445984,-0.0049247145652771,1.3478248661104086,-0.007002919472316715,alpha,0
0.305247962474823,0.30455589294433594,-0.0006920695304870605,0.5409114222936855,-0.0009951475948471393,alpha,0
0.22681713104248047,0.22435247898101807,-0.0024646520614624023,1.1765032218090214,-0.0031775413376227196,ductal,0
0.2245005965232849,0.22263604402542114,-0.0018645524978637695,1.459098036670231,-0.002398557951566182,ductal,0
0.2702741026878357,0.27309650182724,0.002822399139404297,1.3226712440559774,0.003882770060261162,activated_stellate,0
0.2354515790939331,0.2289554476737976,-0.006496131420135498,0.7044953234011124,-0.008425105138914474,acinar,0
0.33050549030303955,0.33197569847106934,0.0014702081680297852,0.7442887671883014,0.0022008303659984646,beta,0
0.32838213443756104,0.3272930979728699,-0.0010890364646911621,1.553883858844758,-0.0016188870092003925,beta,0
0.1964648962020874,0.19495230913162231,-0.0015125870704650879,0.708401252378806,-0.0018788788386356484,acinar,0
0.33751964569091797,0.3332589864730835,-0.004260659217834473,1.2262218568739218,-0.006390276181296396,beta,0
0.2755771279335022,0.2789490222930908,0.003371894359588623,1.8459358435747408,0.004676360567892082,alpha,0
0.2298567295074463,0.2437865138053894,0.013929784297943115,1.1834049144343415,0.018420438873736646,activated_stellate,0
0.20151907205581665,0.19820016622543335,-0.0033189058303833008,0.888308781360391,-0.004139319678777137,acinar,0
0.3160044550895691,0.31263792514801025,-0.003366529941558838,1.2361014804499322,-0.004897753403522817,alpha,0
0.23589760065078735,0.23720049858093262,0.0013028979301452637,1.2056330362481198,0.0017080476949990514,ductal,0
0.34049320220947266,0.3435969352722168,0.0031037330627441406,0.9811408578164904,0.004728395142443903,beta,0
0.3025550842285156,0.2982674241065979,-0.004287660121917725,1.451347884302255,-0.006110105571853984,alpha,0
0.2830043435096741,0.2784336805343628,-0.004570662975311279,1.037445356930514,-0.0063343629712319825,alpha,0
0.31587326526641846,0.3154870271682739,-0.00038623809814453125,1.5864249277178937,-0.0005642524151831965,beta,0
0.364040732383728,0.3595162630081177,-0.0045244693756103516,1.557489413407536,-0.007064144043469594,alpha,0
0.2979732155799866,0.3002955913543701,0.002322375774383545,1.4727062746433155,0.0033190812372881993,alpha,0
0.2223864197731018,0.2214186191558838,-0.0009678006172180176,1.116374329510527,-0.0012430307749830276,acinar,0
0.2891015410423279,0.2869288921356201,-0.0021726489067077637,1.5843322934772066,-0.0030468895496478074,alpha,0
0.3469112515449524,0.3448581099510193,-0.0020531415939331055,1.379742096214587,-0.0031338884371744347,alpha,0
0.28690195083618164,0.2828102111816406,-0.004091739654541016,1.4840755769628975,-0.005705239698521864,alpha,0
0.3051797151565552,0.30341166257858276,-0.0017680525779724121,1.2611974458597526,-0.002538159890125734,beta,0
0.34387993812561035,0.329781174659729,-0.014098763465881348,0.9523587261327353,-0.021036060063999825,alpha,0
0.35775625705718994,0.37090665102005005,0.013150393962860107,1.7133056913376352,0.020903724358527956,beta,0
0.2647768259048462,0.26626163721084595,0.0014848113059997559,1.117370447981761,0.002023625015810205,ductal,0
0.30554741621017456,0.2992149591445923,-0.006332457065582275,1.4922457917173375,-0.009036233219037626,alpha,0
0.33918631076812744,0.34377092123031616,0.004584610462188721,1.0731927733282034,0.006986295808140769,alpha,0
0.23530781269073486,0.2357875108718872,0.00047969818115234375,1.3903712287408059,0.0006277026193325231,ductal,0
0.24286425113677979,0.23580974340438843,-0.007054507732391357,1.0057371229339644,-0.009231350009379155,acinar,0
0.22806906700134277,0.21731263399124146,-0.010756433010101318,0.6431426126888059,-0.013742949582734098,ductal,0
0.25742924213409424,0.249395489692688,-0.00803375244140625,0.783553441739383,-0.010703043122025841,acinar,0
0.2000354528427124,0.1961836814880371,-0.003851771354675293,1.3213556094353123,-0.004791855136513963,acinar,0
0.33691728115081787,0.3346508741378784,-0.002266407012939453,1.3669909740067854,-0.003406342512290479,beta,0
0.19123798608779907,0.19136732816696167,0.00012934207916259766,1.1825899062027925,0.00015995158700352814,acinar,0
0.296880841255188,0.3147379159927368,0.017857074737548828,1.0866967962842577,0.026058752051659636,alpha,0
0.3223472833633423,0.3040885925292969,-0.01825869083404541,1.2710117379795383,-0.02623709086822819,alpha,0
0.2588563561439514,0.25451362133026123,-0.0043427348136901855,0.8933137655551326,-0.0058253711106559065,ductal,0
0.3396943211555481,0.3345334529876709,-0.005160868167877197,2.0496378032927205,-0.007755263117353338,alpha,0
0.324959933757782,0.31215333938598633,-0.012806594371795654,1.5583286203482332,-0.01861838561571806,alpha,0
0.2760632038116455,0.27338600158691406,-0.0026772022247314453,1.4962461411696983,-0.003684490294129228,activated_stellate,0
0.26370006799697876,0.2636486291885376,-5.143880844116211e-05,0.99604993633784,-6.985633554871544e-05,acinar,0
0.2937002182006836,0.28488510847091675,-0.008815109729766846,1.5248302198810693,-0.012326844027703121,acinar,0
0.36453890800476074,0.34352731704711914,-0.0210115909576416,1.164306993934448,-0.032006801658721475,alpha,0
0.22210603952407837,0.22320497035980225,0.001098930835723877,0.9465610335400916,0.0014146985933121748,acinar,0
0.2856484651565552,0.2758294343948364,-0.00981903076171875,1.6004852574031185,-0.013559002848332195,alpha,0
0.3410665988922119,0.3259558081626892,-0.015110790729522705,0.8667008879137835,-0.022418100938357895,alpha,0
0.31622958183288574,0.32310545444488525,0.006875872611999512,0.708973938710192,0.010157967230125447,beta,0
0.29395586252212524,0.30257630348205566,0.00862044095993042,1.703291856860131,0.01236040731476439,alpha,0
0.30247926712036133,0.2839329242706299,-0.018546342849731445,0.44619830583047404,-0.025900287107657547,ductal,0
0.27343177795410156,0.2784857749938965,0.005053997039794922,0.9779287105721549,0.0070047087980173485,endothelial,0
0.2736624479293823,0.2697969675064087,-0.003865480422973633,0.7780302738851839,-0.005293706340513669,acinar,0
0.29863470792770386,0.28921765089035034,-0.009417057037353516,1.4493516735697092,-0.013248861693244978,alpha,0
0.23928546905517578,0.24235540628433228,0.003069937229156494,2.1193140227653746,0.0040519489673922155,ductal,0
0.40153181552886963,0.37864166498184204,-0.022890150547027588,1.2843407401031466,-0.03683888870076663,ductal,0
0.2347676157951355,0.22809475660324097,-0.006672859191894531,1.0908877072908734,-0.008644661050015285,ductal,0
0.3031972050666809,0.2920845150947571,-0.011112689971923828,1.481580906722304,-0.01569776365806054,alpha,0
0.32576704025268555,0.3296881318092346,0.003921091556549072,1.153732133847671,0.005849652591013294,alpha,0
0.3358999490737915,0.33359020948410034,-0.002309739589691162,1.3787420279531488,-0.003465944862399279,alpha,0
0.3359394073486328,0.2614625096321106,-0.07447689771652222,0.07185515585347861,-0.10084376038841693,macrophage,0
0.23677361011505127,0.23157548904418945,-0.005198121070861816,0.5301514978642659,-0.0067646476612206125,ductal,0
0.33832693099975586,0.325006902217865,-0.01332002878189087,1.285525348397337,-0.019733577759027877,alpha,0
0.33758074045181274,0.3280850052833557,-0.009495735168457031,1.4967943046613446,-0.014132345971027945,alpha,0
0.44495689868927,0.43517881631851196,-0.009778082370758057,1.2555112725276238,-0.01731181948068024,alpha,0
0.28868234157562256,0.28930991888046265,0.0006275773048400879,2.051979818899332,0.0008830534173932421,alpha,0
0.497442364692688,0.4543454647064209,-0.04309689998626709,0.31981927574734564,-0.0789820247037434,activated_stellate,0
0.33394426107406616,0.3322077989578247,-0.001736462116241455,1.463732339194742,-0.0026003030786096084,alpha,0
0.31889617443084717,0.3049474358558655,-0.01394873857498169,1.697499121608989,-0.020068609619702246,alpha,0
0.45380640029907227,0.3991343379020691,-0.054672062397003174,1.9674077304261646,-0.09098882802873924,ductal,0
0.3459455966949463,0.3444446325302124,-0.0015009641647338867,1.0410013630199535,-0.002289607009896172,alpha,0
0.34062647819519043,0.3166775703430176,-0.02394890785217285,1.2311509659762268,-0.03504774146546725,alpha,0
0.32361775636672974,0.3144252896308899,-0.009192466735839844,1.8195084581734067,-0.013408409903117145,alpha,0
0.21165847778320312,0.21388262510299683,0.002224147319793701,1.368705597035743,0.0028292814671410974,ductal,0
0.3303312063217163,0.33724385499954224,0.006912648677825928,1.0689144706756217,0.010430154031723317,alpha,0
0.3500610589981079,0.3298441767692566,-0.02021688222885132,1.6090514703829073,-0.030167434987564648,alpha,0
0.2749748229980469,0.26400405168533325,-0.010970771312713623,0.7211512255357003,-0.01490602134133379,alpha,0
0.40709543228149414,0.3875396251678467,-0.01955580711364746,0.9192418789684847,-0.03192991402751042,alpha,0
0.351104736328125,0.33124661445617676,-0.019858121871948242,0.8106229563544411,-0.02969423751896198,alpha,0
0.38026487827301025,0.3724088668823242,-0.007856011390686035,0.9455979163787874,-0.012517722090272111,alpha,0
0.2631707191467285,0.25598645210266113,-0.007184267044067383,1.3423881914753422,-0.009656097075612243,alpha,0
0.4460374712944031,0.43537622690200806,-0.01066124439239502,1.3424359091905016,-0.01888203242647513,endothelial,0
0.34904009103775024,0.37244272232055664,0.023402631282806396,1.0213754534640391,0.037291625984075476,beta,0
0.31478941440582275,0.3134114742279053,-0.0013779401779174805,1.2568941925524693,-0.002006937381261848,beta,0
0.27387940883636475,0.26468437910079956,-0.009195029735565186,0.8997204788370536,-0.012504874742523212,ductal,0
0.29723089933395386,0.2992638945579529,0.0020329952239990234,1.6673679894351061,0.0029012280203780053,beta,0
0.2850263714790344,0.276716411113739,-0.00830996036529541,1.3615371182226208,-0.011489214594363183,alpha,0
0.3467351198196411,0.3419618010520935,-0.004773318767547607,0.8710003642021534,-0.007253862731949831,beta,0
0.43401384353637695,0.43134379386901855,-0.0026700496673583984,1.653317645718572,-0.0046953671455111,delta,0
0.22291582822799683,0.22209370136260986,-0.0008221268653869629,1.2227002833337333,-0.001056845621159041,acinar,0
0.3173489570617676,0.31166404485702515,-0.005684912204742432,0.9234287280617237,-0.008258920897952531,alpha,0
0.23937880992889404,0.23489123582839966,-0.004487574100494385,1.1673432157135382,-0.005865276037392118,acinar,0
0.22680264711380005,0.23063969612121582,0.0038370490074157715,3.001240294401602,0.004987323869026019,ductal,0
0.36686909198760986,0.3821619749069214,0.015292882919311523,1.8064315330414127,0.024752252691160628,beta,0
0.3050957918167114,0.29226750135421753,-0.012828290462493896,1.1456610135064393,-0.01812590277688295,ductal,0
0.37006187438964844,0.38351190090179443,0.013450026512145996,0.711849829026227,0.02181717138063265,gamma,0
0.23895955085754395,0.23696285486221313,-0.0019966959953308105,1.740940356602873,-0.0026167743052276354,acinar,0
0.4098626375198364,0.41228628158569336,0.0024236440658569336,1.9603834743364925,0.004123851443175595,beta,0
0.3215451240539551,0.32405298948287964,0.0025078654289245605,1.7083356674758858,0.003710150928851606,alpha,0
0.3880312442779541,0.38722264766693115,-0.0008085966110229492,0.7868482502912567,-0.0013195602088496327,alpha,0
0.3233352303504944,0.3222602605819702,-0.00107496976852417,1.8966717452102113,-0.0015861099858881505,beta,0
0.36385709047317505,0.350188672542572,-0.013668417930603027,2.8009079555459544,-0.02103444084929176,beta,0
0.23272264003753662,0.22945290803909302,-0.0032697319984436035,1.0603299637572783,-0.004243390225667726,acinar,0
0.35999685525894165,0.3479118347167969,-0.012085020542144775,0.9248802138790755,-0.018532801522162617,alpha,0
0.32142579555511475,0.3283499479293823,0.006924152374267578,1.393904412089067,0.010309166734851334,alpha,0
0.27653348445892334,0.2727898359298706,-0.0037436485290527344,1.0961055943831002,-0.005147959577599786,alpha,0
0.2906556725502014,0.28881996870040894,-0.0018357038497924805,1.3332590117000807,-0.002581208370597759,alpha,0
0.372605562210083,0.36730170249938965,-0.005303859710693359,1.507816191256172,-0.008382920788068413,delta,0
0.3409918546676636,0.3504016399383545,0.009409785270690918,1.5266207606149744,0.01448554345149201,alpha,0
0.40036892890930176,0.3277204632759094,-0.07264846563339233,0.28764482705988925,-0.1080628840606938,mast,1
0.22224879264831543,0.2172521948814392,-0.004996597766876221,1.2016069639652551,-0.006383406934139405,acinar,0
0.3291192054748535,0.32852548360824585,-0.000593721866607666,1.9909382003862597,-0.0008842061047947121,alpha,0
0.31707054376602173,0.3095647096633911,-0.007505834102630615,1.1321864819926604,-0.010871162305407774,alpha,0
0.2977457642555237,0.30953145027160645,0.011785686016082764,0.9496750297448092,0.01706911346030003,activated_stellate,0
0.26913386583328247,0.2703664302825928,0.0012325644493103027,0.499377475692177,0.0016892924071293548,endothelial,0
0.3488749861717224,0.3446043133735657,-0.004270672798156738,1.2109478295414726,-0.00651617470987562,beta,0
0.28892362117767334,0.2853877544403076,-0.0035358667373657227,1.0830555415718384,-0.004947951507039167,acinar,0
0.4008316397666931,0.3914099931716919,-0.00942164659500122,0.7614612465270965,-0.015481106310145511,delta,0
0.3464338779449463,0.35202640295028687,0.005592525005340576,1.7034208330921163,0.008630791487190044,beta,0
0.3019399046897888,0.297343909740448,-0.00459599494934082,1.6403810893999557,-0.006540888228326776,alpha,0
0.3475947380065918,0.33729803562164307,-0.01029670238494873,0.9205613814747791,-0.015537455656416354,alpha,0
0.34534019231796265,0.33728712797164917,-0.008053064346313477,0.9658498150825269,-0.012151664297187465,alpha,0
0.3282173275947571,0.3346482515335083,0.006430923938751221,2.2657493136347613,0.009665449821952476,beta,0
0.2264561653137207,0.2293248176574707,0.00286865234375,0.7085806749972859,0.0037222586239646386,endothelial,0
0.35389184951782227,0.33082878589630127,-0.023063063621520996,1.3767850840696285,-0.03446511615478278,alpha,0
0.2397632598876953,0.23397177457809448,-0.00579148530960083,0.9425332708498935,-0.007560407198326214,acinar,0
0.5171443223953247,0.44511401653289795,-0.07203030586242676,0.5539639780257726,-0.12981100263581857,mast,1
0.25851327180862427,0.2503848075866699,-0.008128464221954346,0.6737113356720645,-0.010843515852160576,ductal,0
0.35199129581451416,0.3430718183517456,-0.008919477462768555,0.9067510922991059,-0.013577553394633325,alpha,0
0.2679048180580139,0.28292417526245117,0.015019357204437256,1.130012521068581,0.020945284565874703,endothelial,0
0.27291178703308105,0.2652236223220825,-0.007688164710998535,1.9491977527695008,-0.010463271472192826,ductal,0
0.31457340717315674,0.3152601718902588,0.0006867647171020508,1.1040012386306557,0.0010029571654943737,alpha,0
0.387253999710083,0.39778685569763184,0.010532855987548828,1.8402601887987913,0.017490245915755594,alpha,0
0.368824303150177,0.3688312768936157,6.973743438720703e-06,0.8844219522948937,1.1048936969497567e-05,alpha,0
0.31007474660873413,0.3064262270927429,-0.003648519515991211,1.202699598491409,-0.005260463498637919,alpha,0
0.29185259342193604,0.3050188422203064,0.013166248798370361,0.6363785877510154,0.018944756488698953,alpha,0
0.337324321269989,0.35444557666778564,0.01712125539779663,1.6519215322458132,0.0265217846536011,delta,0
0.3633143901824951,0.36692899465560913,0.0036146044731140137,0.7982532768959147,0.005709635163511663,quiescent_stellate,0
0.37080490589141846,0.3603355884552002,-0.010469317436218262,0.6938459625784795,-0.016366890587104405,alpha,0
0.3470190167427063,0.34585899114608765,-0.0011600255966186523,1.2716903125751255,-0.0017733570910820513,beta,0
0.3511773347854614,0.33424443006515503,-0.016932904720306396,0.6132580701532884,-0.025434116491077283,ductal,0
0.36658889055252075,0.34826093912124634,-0.018327951431274414,1.1890030028269116,-0.0281216096002631,alpha,0
0.3121212124824524,0.3041476011276245,-0.00797361135482788,0.5406909484483814,-0.011458768221176027,endothelial,0
0.33502936363220215,0.3205105662345886,-0.014518797397613525,1.3823527530651794,-0.021367215847871494,alpha,0
0.3243067264556885,0.31372225284576416,-0.010584473609924316,0.9773021510560367,-0.01542301736259785,alpha,0
0.35037732124328613,0.35105782747268677,0.0006805062294006348,0.8617219284108607,0.0010486392443110838,alpha,0
0.3285548686981201,0.3180156946182251,-0.01053917407989502,1.3450638676078608,-0.015453690058153448,alpha,0
0.251578152179718,0.24561917781829834,-0.005958974361419678,0.9180215464909753,-0.007899159398281187,acinar,0
0.32440483570098877,0.330089271068573,0.0056844353675842285,1.2028169085942904,0.008485362485015665,endothelial,0
0.22619259357452393,0.22602975368499756,-0.0001628398895263672,0.9686909981326235,-0.00021039554207887739,ductal,0
0.37020719051361084,0.36117231845855713,-0.009034872055053711,1.6831099684764241,-0.014142893797672087,alpha,0
0.37603914737701416,0.3823455572128296,0.00630640983581543,0.8997168731644212,0.01021025576592262,beta,0
0.37924301624298096,0.3752628564834595,-0.003980159759521484,1.1593816515832798,-0.006370935041764658,beta,0
0.29780787229537964,0.2904128432273865,-0.007395029067993164,1.743896259094296,-0.010421593735754287,alpha,0
0.4030104875564575,0.392536997795105,-0.010473489761352539,1.2287151070861928,-0.017241362392997013,beta,0
0.3183700442314148,0.3051353693008423,-0.01323467493057251,1.1201034459053751,-0.019046407524377904,alpha,0
0.36050283908843994,0.3423296809196472,-0.018173158168792725,1.739028990650195,-0.027632626319833,beta,0
0.3267785906791687,0.3104550242424011,-0.016323566436767578,0.8238877844457767,-0.02367295391984109,beta,0
0.23761361837387085,0.2371143102645874,-0.0004993081092834473,1.1172742358235734,-0.000654499246743794,acinar,0
0.37544357776641846,0.3599725365638733,-0.015471041202545166,1.3249695543773001,-0.0241724645993869,beta,0
0.32184725999832153,0.3259016275405884,0.004054367542266846,0.7872774187424417,0.006014504274019687,beta,0
0.39680570363998413,0.38196903467178345,-0.014836668968200684,1.7895113913624459,-0.02400635210943096,beta,0
0.3865107297897339,0.310899019241333,-0.07561171054840088,0.09011638701543191,-0.1097251530032014,macrophage,0
0.2949904799461365,0.3143831491470337,0.019392669200897217,1.2891821334645321,0.028284995003799964,quiescent_stellate,0
0.3712970018386841,0.36669737100601196,-0.004599630832672119,0.7742157453845048,-0.007262927109553786,alpha,0
0.3659559488296509,0.34897714853286743,-0.016978800296783447,0.958451636667546,-0.026080190977198957,ductal,0
0.29436004161834717,0.2814808487892151,-0.01287919282913208,1.2291005226259166,-0.017924634030184447,ductal,0
0.2594349980354309,0.2716587781906128,0.012223780155181885,0.6014274135581658,0.01678304040627395,endothelial,0
0.33092010021209717,0.3273237347602844,-0.003596365451812744,0.5137732989568048,-0.005346354015525046,beta,0
0.3299659490585327,0.33934664726257324,0.009380698204040527,0.6316361038291533,0.014199122982077466,quiescent_stellate,0
0.2696194052696228,0.287947416305542,0.01832801103591919,1.3936596857767996,0.02573968756748974,endothelial,0
0.33519625663757324,0.3384373188018799,0.0032410621643066406,1.2447288200023028,0.004899100654282568,alpha,0
0.38431525230407715,0.38388025760650635,-0.0004349946975708008,1.547811485977848,-0.0007060229816381785,alpha,0
0.5523840188980103,0.4997517466545105,-0.052632272243499756,0.9229043448392411,-0.10521230587316016,t_cell,1
0.422161340713501,0.4062163829803467,-0.015944957733154297,1.5171439410535352,-0.026853145280743815,alpha,0
0.3899794816970825,0.3808795213699341,-0.009099960327148438,1.8851630280388496,-0.014698205989380307,alpha,0
0.40578389167785645,0.408951997756958,0.0031681060791015625,1.1110211419331053,0.005360150219742763,beta,0
0.3543514013290405,0.3573682904243469,0.0030168890953063965,0.9394082097028092,0.0046945848615197175,beta,0
0.3811376094818115,0.3896856904029846,0.008548080921173096,1.1342505516691659,0.014006030641518648,beta,0
0.4175170660018921,0.4159616231918335,-0.0015554428100585938,2.0139527915111604,-0.002663254456940413,beta,0
0.3802608847618103,0.37956559658050537,-0.0006952881813049316,0.9818026338705745,-0.0011206473681550926,beta,0
0.4058924913406372,0.39807039499282837,-0.007822096347808838,1.6333143834519324,-0.012995035105003088,alpha,0
0.37743741273880005,0.3802189826965332,0.0027815699577331543,1.3802183250605966,0.0044879883056682885,alpha,0
0.25975680351257324,0.2568107843399048,-0.002946019172668457,1.5813338021936185,-0.0039640230382673464,acinar,0
0.4738385081291199,0.503227949142456,0.02938944101333618,1.055735681284039,0.05916081825175788,beta,0
0.35127800703048706,0.3332909941673279,-0.01798701286315918,1.0700776852448113,-0.02697880590452604,beta,0
0.44646239280700684,0.4357944130897522,-0.010667979717254639,1.1775965788582095,-0.018907965402603626,beta,0
0.3252880573272705,0.3311890959739685,0.005901038646697998,0.8278947083047268,0.008823179483431863,quiescent_stellate,0
0.3990570902824402,0.4013192057609558,0.002262115478515625,1.3172388410220122,0.003778500162830339,delta,0
0.28995585441589355,0.2980717420578003,0.008115887641906738,0.8945892444564428,0.011562275132931094,endothelial,0
0.5749925374984741,0.5461628437042236,-0.02882969379425049,1.4582260448032696,-0.06352431349949121,macrophage,0
0.32140445709228516,0.3152802586555481,-0.0061241984367370605,1.4942142561618903,-0.008944095031804041,ductal,0
0.4990224838256836,0.3911603093147278,-0.10786217451095581,0.5369134164451921,-0.17716022158403114,mast,1
0.3873489499092102,0.36382752656936646,-0.02352142333984375,1.2066311604833653,-0.03697334342839727,alpha,0
0.26235151290893555,0.254427433013916,-0.007924079895019531,2.097947457590694,-0.010628180603602376,acinar,0
0.42305660247802734,0.41771024465560913,-0.005346357822418213,1.86589256315036,-0.009181610655774204,beta,0
0.24505656957626343,0.25577688217163086,0.010720312595367432,0.8903640338708783,0.01440470248579368,endothelial,0
0.4291073679924011,0.39057183265686035,-0.03853553533554077,0.8092300487223202,-0.06323228462435553,quiescent_stellate,0
0.3958005905151367,0.37786346673965454,-0.017937123775482178,1.1778073445111703,-0.02883149086500604,alpha,0
0.37386298179626465,0.36564886569976807,-0.008214116096496582,0.9818654891609876,-0.01294884749525635,beta,0
0.3981447219848633,0.40414905548095703,0.00600433349609375,1.4772885572701921,0.010076905224913772,beta,0
0.3450767993927002,0.3578941226005554,0.012817323207855225,1.2195251240125489,0.019961385900664725,quiescent_stellate,0
0.33679938316345215,0.34017807245254517,0.0033786892890930176,1.2625332265770863,0.005120607770116916,acinar,0
0.5493277311325073,0.4688355326652527,-0.08049219846725464,1.4981066991473813,-0.1515391247293794,t_cell,1
0.4184145927429199,0.3937264680862427,-0.024688124656677246,1.1494570017766859,-0.04072109923510423,beta,0
0.301475465297699,0.299591600894928,-0.001883864402770996,0.6948719497849647,-0.0026896656367600006,endothelial,0
0.3590860366821289,0.340005099773407,-0.019080936908721924,1.0034977877487667,-0.028910733858960053,beta,0
0.38045912981033325,0.36760395765304565,-0.012855172157287598,1.056039773853227,-0.02032772392056623,beta,0
0.28385430574417114,0.3073040843009949,0.02344977855682373,0.7548583536267977,0.03385291875607548,quiescent_stellate,0
0.44457077980041504,0.4376751780509949,-0.006895601749420166,1.2237295900586747,-0.012262666487885357,delta,0
0.38130640983581543,0.38116854429244995,-0.00013786554336547852,1.390341825094876,-0.00022278367089120885,beta,0
0.2686258554458618,0.30032187700271606,0.03169602155685425,0.9209818746546441,0.04530086123184001,endothelial,0
0.36250269412994385,0.354417622089386,-0.008085072040557861,1.32272232785986,-0.01252368763026754,beta,0
0.3867151141166687,0.39059287309646606,0.0038777589797973633,1.775023599978172,0.006363166442605771,beta,0
0.4336737394332886,0.42746955156326294,-0.006204187870025635,0.6208353475186772,-0.01083643304380724,delta,0
0.4208797216415405,0.3566109538078308,-0.06426876783370972,0.05995355707875726,-0.09989098853031102,macrophage,0
0.3958754539489746,0.39303702116012573,-0.002838432788848877,0.8543866091956713,-0.0046764512627675385,beta,0
0.3996455669403076,0.38476330041885376,-0.014882266521453857,1.3824048076636009,-0.02418949736188644,beta,0
0.37499576807022095,0.355959415435791,-0.01903635263442993,1.113921035992443,-0.029557691068973407,beta,0
0.34690821170806885,0.3533056378364563,0.006397426128387451,2.2588826448639128,0.009892503325658488,beta,0
0.4029080867767334,0.42720526456832886,0.02429717779159546,1.3599008710217166,0.04241864718481491,endothelial,0
0.35291892290115356,0.3480147123336792,-0.004904210567474365,1.109982942705421,-0.007521965081494736,beta,0
0.3317163586616516,0.32990556955337524,-0.0018107891082763672,1.5714795828401646,-0.0027022894475774973,activated_stellate,0
0.42299264669418335,0.41608965396881104,-0.0069029927253723145,1.0183612925281116,-0.011822007902911174,beta,0
0.4306124448776245,0.41432034969329834,-0.016292095184326172,0.8745471961779062,-0.027817417210576675,alpha,0
0.3808818459510803,0.38430655002593994,0.003424704074859619,0.9832602115636351,0.005562352620454069,beta,0
0.26675528287887573,0.2919931411743164,0.025237858295440674,1.7094015809630305,0.03564634717988575,endothelial,0
0.3209912180900574,0.3166077733039856,-0.004383444786071777,0.6993131478693498,-0.006414244433631253,quiescent_stellate,0
0.3386509418487549,0.33808648586273193,-0.0005644559860229492,0.9872065321305569,-0.0008527639547572252,ductal,0
0.3183544874191284,0.31980425119400024,0.0014497637748718262,0.8826576621957642,0.0021313919962256582,endothelial,0
0.30334335565567017,0.3092827796936035,0.00593942403793335,0.7451797116025911,0.0085989227766736,endothelial,0
0.39031368494033813,0.38887935876846313,-0.001434326171875,0.9994101010762275,-0.002347042588816065,beta,0
0.2634713649749756,0.2721223831176758,0.008651018142700195,0.7736624882830737,0.011885264695670403,endothelial,0
0.44992679357528687,0.4431971311569214,-0.0067296624183654785,1.8573734478713102,-0.012086256725559491,beta,0
0.3998667001724243,0.39592427015304565,-0.003942430019378662,1.6068845959884084,-0.00652638373731303,beta,0
0.3834003806114197,0.387286901473999,0.0038865208625793457,1.4285344974986092,0.0063431333064840915,alpha,0
0.3565480709075928,0.3516591787338257,-0.00488889217376709,2.246381591517108,-0.007540620632554572,beta,0
0.40251296758651733,0.40752094984054565,0.00500798225402832,2.043968224783187,0.008452589593978923,beta,0
0.32615476846694946,0.33352112770080566,0.007366359233856201,1.1974093344439625,0.011052652289552715,endothelial,0
0.468264102935791,0.45802801847457886,-0.010236084461212158,1.3650698856956098,-0.018886741031154276,beta,0
0.37174177169799805,0.36669373512268066,-0.005048036575317383,1.453281860083111,-0.007970924740962828,endothelial,0
0.38919878005981445,0.3817334771156311,-0.00746530294418335,0.9029972492664973,-0.012074570865256998,beta,0
0.16049861907958984,0.15287232398986816,-0.00762629508972168,1.1217701624727634,-0.00900253327295432,acinar,0
0.14115238189697266,0.13373005390167236,-0.007422327995300293,0.7533550016345001,-0.008568146717695095,acinar,0
0.1799391508102417,0.17549514770507812,-0.004444003105163574,1.3640180424596888,-0.005389905338694081,acinar,0
0.15650200843811035,0.15294748544692993,-0.00355452299118042,0.8923957400999444,-0.004196343119358888,acinar,0
0.1650877594947815,0.16402792930603027,-0.0010598301887512207,1.4264915304403927,-0.0012677818146142352,acinar,0
0.15034031867980957,0.1494520902633667,-0.0008882284164428711,1.9518578971573717,-0.0010443014511879822,acinar,0
0.191301167011261,0.1928219199180603,0.0015207529067993164,1.8555492197370835,0.001884036428051836,acinar,0
0.12984222173690796,0.1316077709197998,0.0017655491828918457,0.8901189964111835,0.0020331241157718707,acinar,0
0.14881658554077148,0.14666497707366943,-0.0021516084671020508,0.8536892026864694,-0.002521411180011771,acinar,0
0.16343551874160767,0.15670078992843628,-0.006734728813171387,1.04651093244245,-0.007986167581729226,acinar,0
0.14065217971801758,0.14115405082702637,0.0005018711090087891,2.3901364652398462,0.0005843552146832225,acinar,0
0.1631348729133606,0.16037827730178833,-0.0027565956115722656,1.3974003035259466,-0.0032831399391545744,acinar,0
0.15999305248260498,0.16471081972122192,0.004717767238616943,1.287133860638398,0.005648064586497322,acinar,0
0.1712576150894165,0.16835087537765503,-0.0029067397117614746,1.6787094493116723,-0.0034951515317008675,acinar,0
0.16110068559646606,0.16059339046478271,-0.0005072951316833496,1.4665169760204482,-0.0006043496988476668,acinar,0
0.19025379419326782,0.18167906999588013,-0.008574724197387695,0.8901160142412792,-0.010478436861372379,acinar,0
0.17116498947143555,0.16355812549591064,-0.007606863975524902,1.0345240512299472,-0.009094312716032862,acinar,0
0.1661970019340515,0.161557137966156,-0.004639863967895508,1.3147318833911308,-0.0055339059797592,acinar,0
0.18689048290252686,0.1812577247619629,-0.005632758140563965,0.7034480617266701,-0.006879769508574996,acinar,0
0.15661519765853882,0.1517539620399475,-0.004861235618591309,1.0108262332601707,-0.0057309264070152304,acinar,0
0.20874929428100586,0.19810014963150024,-0.010649144649505615,1.3915976838660877,-0.013279893548567165,acinar,0
0.15744441747665405,0.15659964084625244,-0.0008447766304016113,0.8111146802467313,-0.0010016318124991608,acinar,0
0.16298192739486694,0.16166692972183228,-0.001314997673034668,1.227105503985908,-0.001568586185677177,acinar,0
0.15202516317367554,0.1475275754928589,-0.00449758768081665,0.7262184044164202,-0.005275933334051176,acinar,0
0.16516947746276855,0.16662335395812988,0.0014538764953613281,0.7464411326663517,0.001744561120432793,acinar,0
0.18136072158813477,0.17685097455978394,-0.00450974702835083,0.7773041842260584,-0.005478651968201067,acinar,0
0.17712825536727905,0.17821818590164185,0.001089930534362793,1.2005790199689506,0.0013263015993590001,acinar,0
0.17184334993362427,0.17011958360671997,-0.0017237663269042969,1.181504501835658,-0.0020771261652322262,acinar,0
0.17121845483779907,0.1683242917060852,-0.002894163131713867,1.3940571406932178,-0.003479917836786292,acinar,0
0.36252880096435547,0.360568106174469,-0.0019606947898864746,1.2164807053169675,-0.0030663074657665576,delta,0
0.17585021257400513,0.1699354648590088,-0.005914747714996338,1.4380669542140236,-0.007125648024453525,acinar,0
0.13965904712677002,0.136699378490448,-0.0029596686363220215,1.428919098662742,-0.003428317509081365,acinar,0
0.16701525449752808,0.16590774059295654,-0.0011075139045715332,1.1154074652481099,-0.001327807436264743,acinar,0
0.1789284348487854,0.1753067970275879,-0.0036216378211975098,0.7008672477000747,-0.004391497114495634,acinar,0
0.16320264339447021,0.15774238109588623,-0.005460262298583984,0.6979379671129892,-0.0064828885794924514,acinar,0
0.16392797231674194,0.15743809938430786,-0.006489872932434082,0.8056762813967634,-0.007702547347193938,acinar,0
0.1939569115638733,0.18869251012802124,-0.005264401435852051,1.0503995148384955,-0.006488786929210715,acinar,0
0.16685956716537476,0.1693076491355896,0.0024480819702148438,1.138047138959043,0.0029470380552648564,acinar,0
0.15676939487457275,0.1520226001739502,-0.004746794700622559,0.9290151481342298,-0.005597784447552841,acinar,0
0.24631267786026,0.24077218770980835,-0.00554049015045166,1.1305682782057371,-0.007297533178795059,beta,0
0.18253064155578613,0.17552942037582397,-0.007001221179962158,1.3274523710686854,-0.00849177806096316,acinar,0
0.23494476079940796,0.24440252780914307,0.009457767009735107,1.2490323848381002,0.012516938393550055,beta,0
0.20266860723495483,0.2034854292869568,0.0008168220520019531,1.3920352506534626,0.0010254954297580904,acinar,0
0.2216033935546875,0.2210848331451416,-0.0005185604095458984,1.4723840038943325,-0.0006657469665660343,acinar,0
0.2466629147529602,0.2511255145072937,0.004462599754333496,1.3432647384665795,0.0059590757073228655,alpha,0
0.17769086360931396,0.17097175121307373,-0.006719112396240234,1.0399753813693684,-0.008104805121022065,acinar,0
0.3165336847305298,0.3206096887588501,0.0040760040283203125,1.6412353788090224,0.005999502731903889,delta,0
0.1827528476715088,0.17925429344177246,-0.003498554229736328,1.314052666986334,-0.00426265309922535,acinar,0
0.15670251846313477,0.1570723056793213,0.00036978721618652344,1.0852667219737213,0.0004386938745493912,acinar,0
0.3284491300582886,0.33415699005126953,0.005707859992980957,0.5550575513931398,0.008572381038317815,delta,0
0.18383288383483887,0.1739749312400818,-0.00985795259475708,1.170805709767748,-0.011934205107789853,acinar,0
0.2330489158630371,0.2286895513534546,-0.0043593645095825195,0.7708741792754629,-0.005651893497919159,ductal,0
0.16050636768341064,0.15989047288894653,-0.0006158947944641113,0.8851140242383768,-0.000733112498535797,acinar,0
0.14905577898025513,0.1471368670463562,-0.0019189119338989258,0.6529259697235565,-0.002249964689238391,acinar,0
0.1790708303451538,0.1740230917930603,-0.005047738552093506,1.2200319880442936,-0.006111234469074103,acinar,0
0.19682443141937256,0.19193732738494873,-0.004887104034423828,1.2381078355014397,-0.006047926974040502,acinar,0
0.18712687492370605,0.18191051483154297,-0.005216360092163086,1.128695753055053,-0.006376270795228419,acinar,0
0.24744117259979248,0.25370579957962036,0.006264626979827881,1.5688851989701427,0.008394312827701304,beta,0
0.1780855655670166,0.1711190938949585,-0.0069664716720581055,0.971692792383886,-0.008404671431984062,acinar,0
0.19183224439620972,0.18348681926727295,-0.008345425128936768,1.3503502503080793,-0.010220808831827681,acinar,0
0.1755933165550232,0.16780388355255127,-0.007789433002471924,1.1075614311464037,-0.009360092949873564,acinar,0
0.1824243664741516,0.17778104543685913,-0.0046433210372924805,1.1908833700642667,-0.005647304786058547,acinar,0
0.20142501592636108,0.19067198038101196,-0.010753035545349121,1.0628779140767741,-0.013286374973661964,acinar,0
0.1893160343170166,0.19224369525909424,0.0029276609420776367,1.1138191263068604,0.0036244358909915376,acinar,0
0.19907182455062866,0.19911062717437744,3.88026237487793e-05,1.478884030818525,4.8449417691583954e-05,acinar,0
0.18676912784576416,0.17812764644622803,-0.008641481399536133,1.387932556644541,-0.010514383848258686,acinar,0
0.299782395362854,0.29407668113708496,-0.005705714225769043,1.0840055466971366,-0.008082626077517422,delta,0
0.21275657415390015,0.20741194486618042,-0.0053446292877197266,0.8184326051097127,-0.0067432624717229,acinar,0
0.19509553909301758,0.18880122900009155,-0.006294310092926025,1.8738220064268472,-0.007759269759700777,acinar,0
0.21992141008377075,0.2168412208557129,-0.0030801892280578613,0.8397491883380752,-0.003933032879262885,acinar,0
0.25808006525039673,0.26596951484680176,0.00788944959640503,0.7870582522752085,0.010748122531666291,beta,0
0.16624265909194946,0.16282719373703003,-0.0034154653549194336,1.2256857548756992,-0.004079761465456128,acinar,0
0.1882838010787964,0.18377089500427246,-0.004512906074523926,0.8803826742148743,-0.005528969803824317,acinar,0
0.15489822626113892,0.15342408418655396,-0.001474142074584961,1.1102213200785973,-0.0017412993295096374,acinar,0
0.17526358366012573,0.17764335870742798,0.002379775047302246,0.8565740042261991,0.0028938479095417034,acinar,0
0.21090590953826904,0.21162199974060059,0.000716090202331543,1.289365973524813,0.0009083081999953428,acinar,0
0.16408902406692505,0.16590845584869385,0.0018194317817687988,0.5614934747909435,0.0021813334453834837,acinar,0
0.1860213279724121,0.1877964735031128,0.0017751455307006836,1.2901296469208552,0.0021855920010062737,acinar,0
0.2447279691696167,0.26465004682540894,0.019922077655792236,1.1593648078958079,0.027091968347568822,ductal,0
0.19755011796951294,0.20246291160583496,0.0049127936363220215,0.9418143013069775,0.006159956330324267,acinar,0
0.17914772033691406,0.17578774690628052,-0.003359973430633545,1.2043491433601883,-0.004076587575617478,acinar,0
0.3514549732208252,0.3533968925476074,0.0019419193267822266,1.7222861522726314,0.0030032632141737798,delta,0
0.19752371311187744,0.19566911458969116,-0.0018545985221862793,1.5666786519158225,-0.0023057656442475203,acinar,0
0.2669437527656555,0.2756931781768799,0.008749425411224365,2.969910352603147,0.012079722498266108,alpha,0
0.17868387699127197,0.17095810174942017,-0.007725775241851807,1.4028338030238405,-0.009318920139204682,ductal,0
0.2024705410003662,0.1931089162826538,-0.009361624717712402,0.9566600946319663,-0.011602092161662525,acinar,0
0.1931058168411255,0.19082742929458618,-0.0022783875465393066,1.2797273471922088,-0.002815700419198679,acinar,0
0.2075037956237793,0.2018742561340332,-0.005629539489746094,0.6806060963988615,-0.007053449325513161,acinar,0
0.2295195460319519,0.2295551896095276,3.5643577575683594e-05,1.2940887464314692,4.6263635104010785e-05,alpha,0
0.1736789345741272,0.1748836636543274,0.0012047290802001953,0.8527282566223284,0.0014600717827691735,acinar,0
0.18239688873291016,0.1718151569366455,-0.010581731796264648,0.9305474024538437,-0.012777016972592876,acinar,0
0.2558133602142334,0.24757951498031616,-0.008233845233917236,0.9361881236623757,-0.010943143359130943,beta,0
0.2208176851272583,0.21394312381744385,-0.006874561309814453,0.6988345622351021,-0.008745628361144042,acinar,0
0.2723274230957031,0.2565450668334961,-0.01578235626220703,1.3118855921173385,-0.021228396716647276,beta,0
0.29221898317337036,0.2757291793823242,-0.016489803791046143,0.8848576350387343,-0.02276745565558369,beta,0
0.25754326581954956,0.27598685026168823,0.018443584442138672,0.8898396272577452,0.025474101470125157,beta,0
0.2714451551437378,0.2724815011024475,0.0010363459587097168,1.5077960911451802,0.001424494305340891,beta,0
0.25656092166900635,0.262978732585907,0.006417810916900635,1.8586291330570666,0.00870776896224191,beta,0
0.29956066608428955,0.3030121326446533,0.0034514665603637695,1.4587407075185486,0.004951975094573779,delta,0
0.2499094009399414,0.2687503695487976,0.0188409686088562,0.9682806577077426,0.025765440178384464,ductal,0
0.21613919734954834,0.2089506983757019,-0.0071884989738464355,1.6773656436278108,-0.009087295771686996,acinar,0
0.210654616355896,0.2070467472076416,-0.0036078691482543945,0.6574767934920204,-0.004549914053003003,acinar,0
0.18010926246643066,0.17598628997802734,-0.00412297248840332,1.1028425762968692,-0.00500352413832214,acinar,0
0.3476715087890625,0.37292712926864624,0.02525562047958374,1.7392358021340188,0.04027541559903264,delta,0
0.27220618724823,0.26551514863967896,-0.006691038608551025,0.7304565556776257,-0.009109838815815901,beta,0
0.1748865246772766,0.17498421669006348,9.769201278686523e-05,0.660690537968804,0.00011841229557442895,acinar,0
0.2523103356361389,0.24896281957626343,-0.0033475160598754883,0.8355011885560392,-0.004457190865020575,alpha,0
0.1894180178642273,0.1830679178237915,-0.006350100040435791,1.1163422662378653,-0.0077731064539905085,acinar,0
0.22423189878463745,0.2165278196334839,-0.0077040791511535645,1.0073711711054834,-0.009833251702121088,acinar,0
0.18464982509613037,0.17782539129257202,-0.00682443380355835,0.7207479085033995,-0.008300467724595998,acinar,0
0.21611285209655762,0.22761619091033936,0.011503338813781738,7.462115270969744,0.014893293565202628,acinar,0
0.2580474019050598,0.2509230971336365,-0.00712430477142334,1.4042939343348955,-0.009510778858835441,beta,0
0.19452506303787231,0.1891118288040161,-0.005413234233856201,0.7314202321589647,-0.006675685287001029,acinar,0
0.2216007113456726,0.2216358780860901,3.516674041748047e-05,0.7522785608919257,4.518032040198539e-05,acinar,0
0.184278666973114,0.17654567956924438,-0.007732987403869629,1.0111690342350306,-0.009390912418583754,acinar,0
0.2786138653755188,0.2772700786590576,-0.0013437867164611816,1.9398430881957125,-0.0018593207182676756,alpha,0
0.26845842599868774,0.2778918743133545,0.009433448314666748,2.1821616972283517,0.013063761477128616,beta,0
0.31016993522644043,0.3473362326622009,0.0371662974357605,1.8738115131240565,0.05694555036716838,delta,0
0.2600412964820862,0.2566089630126953,-0.003432333469390869,0.7514633764689134,-0.004617130552583572,activated_stellate,0
0.1862015724182129,0.18307280540466309,-0.0031287670135498047,0.9084881073299726,-0.0038299214841288672,acinar,0
0.1981269121170044,0.19458556175231934,-0.0035413503646850586,0.9737614620162798,-0.0043969293279493265,ductal,0
0.2024187445640564,0.2006669044494629,-0.0017518401145935059,1.0968698892519684,-0.0021916271506147683,acinar,0
0.17998141050338745,0.1766071319580078,-0.0033742785453796387,1.2141326939712689,-0.004098017697680075,acinar,0
0.31796586513519287,0.3152080774307251,-0.0027577877044677734,0.6670773089944344,-0.004027190762006674,beta,0
0.1983601450920105,0.19436508417129517,-0.003995060920715332,1.0290133769722354,-0.004958897438805603,acinar,0
0.1936260461807251,0.18478482961654663,-0.008841216564178467,0.672179488922247,-0.010845255198109006,acinar,0
0.2052685022354126,0.19418323040008545,-0.011085271835327148,1.2503392020769621,-0.013756566323174126,acinar,0
0.19701892137527466,0.19370228052139282,-0.003316640853881836,1.2101233979441923,-0.004113419613820244,acinar,0
0.17006367444992065,0.16636276245117188,-0.0037009119987487793,0.9171807081160531,-0.00443947538815648,acinar,0
0.32727038860321045,0.33731138706207275,0.010040998458862305,1.2550238450371096,0.015151910358542445,delta,0
0.15680760145187378,0.15513980388641357,-0.001667797565460205,1.090596042082573,-0.0019740515331793185,acinar,0
0.25850844383239746,0.2654668092727661,0.006958365440368652,0.8719748124022416,0.009473180420178745,beta,0
0.21832120418548584,0.21476686000823975,-0.0035543441772460938,0.618389630929799,-0.004526482640917818,acinar,0
0.2702447175979614,0.27304476499557495,0.0028000473976135254,2.7104246022225458,0.0038517466589211386,beta,0
0.18939197063446045,0.184378981590271,-0.005012989044189453,1.0197764354536163,-0.006146223467810594,acinar,0
0.2654918432235718,0.25609391927719116,-0.009397923946380615,1.4797308939846723,-0.012633212968563474,beta,0
0.2043178677558899,0.1973777413368225,-0.006940126419067383,1.3123099971653494,-0.008646815290952235,acinar,0
0.2555016875267029,0.2612084150314331,0.005706727504730225,0.9850100832945452,0.0077244078314360155,beta,0
0.2032543420791626,0.2034328579902649,0.00017851591110229492,0.7706885678490993,0.00022410654631309563,acinar,0
0.3125155568122864,0.31068992614746094,-0.0018256306648254395,1.5653570486023474,-0.0026484897494998575,beta,0
0.2802656888961792,0.27683764696121216,-0.003428041934967041,1.2072785741399354,-0.00474034899709882,beta,0
0.20947664976119995,0.20822787284851074,-0.001248776912689209,1.3385747752241741,-0.0015771923131240528,acinar,0
0.15323704481124878,0.1530473232269287,-0.00018972158432006836,0.9040532128871499,-0.00022400494091702542,acinar,0
0.2977597713470459,0.2983282804489136,0.0005685091018676758,1.1396951930291133,0.0008102209138931735,delta,0
0.18499284982681274,0.18151259422302246,-0.003480255603790283,0.6545021170973865,-0.00425205761167031,ductal,0
0.1985607147216797,0.1977716088294983,-0.0007891058921813965,1.0429691118562658,-0.0009836424400662775,acinar,0
0.20627284049987793,0.20841306447982788,0.002140223979949951,1.3286101669984443,0.002703713115911337,acinar,0
0.210923433303833,0.20557790994644165,-0.005345523357391357,1.9588338131831107,-0.00672882013770661,acinar,0
0.21648138761520386,0.21730971336364746,0.0008283257484436035,1.0640708301975363,0.0010583059002857585,acinar,0
0.17080140113830566,0.16595607995986938,-0.004845321178436279,1.0633992300649373,-0.005809431688205512,ductal,0
0.295471727848053,0.2909504175186157,-0.004521310329437256,1.4183088101270835,-0.006376578508959153,alpha,0
0.29229772090911865,0.286393940448761,-0.005903780460357666,1.0916172821988224,-0.008273164698279524,alpha,0
0.25942862033843994,0.2605196237564087,0.00109100341796875,1.099543471239418,0.0014753649359984691,alpha,0
0.234968900680542,0.2304222583770752,-0.004546642303466797,1.7859941487217128,-0.005907970121223368,alpha,0
0.1863081455230713,0.1775345802307129,-0.008773565292358398,1.3951237177560525,-0.010667397171323634,acinar,0
0.24112504720687866,0.23977339267730713,-0.0013516545295715332,1.2428526030504494,-0.0017779626713299147,alpha,0
0.1903550624847412,0.18280935287475586,-0.0075457096099853516,1.2132101352771671,-0.009233719985085539,acinar,0
0.3130497932434082,0.3142815828323364,0.0012317895889282227,0.8365565239593267,0.001796348994119317,delta,0
0.26867640018463135,0.27147573232650757,0.0027993321418762207,1.0531486748255923,0.003842469312402941,beta,0
0.24030256271362305,0.24046450853347778,0.00016194581985473633,1.2945965501416263,0.0002132169222823926,alpha,0
0.28422266244888306,0.28955209255218506,0.005329430103302002,1.17213047030083,0.007501507214578528,beta,0
0.24662739038467407,0.25968754291534424,0.013060152530670166,1.9794369492706725,0.017641405876244385,beta,0
0.3108553886413574,0.3022054433822632,-0.008649945259094238,0.70107622267121,-0.012396120286494035,beta,0
0.2186046838760376,0.20092648267745972,-0.01767820119857788,2.1408994583114946,-0.022123372650131517,acinar,0
0.21375173330307007,0.21061605215072632,-0.00313568115234375,1.2600340257306109,-0.003972314310275894,acinar,0
0.2878262400627136,0.28263986110687256,-0.0051863789558410645,0.9490390769955455,-0.007229812021397711,alpha,0
0.19720566272735596,0.19123971462249756,-0.0059659481048583984,0.9018022130883048,-0.007376658093533477,ductal,0
0.23526036739349365,0.23604249954223633,0.0007821321487426758,1.054144958788116,0.0010237901300452208,alpha,0
0.25270140171051025,0.26147472858428955,0.008773326873779297,1.5994250218766108,0.01187952154563558,beta,0
0.2338154911994934,0.23103028535842896,-0.002785205841064453,1.5851284373610182,-0.0036219967939344422,acinar,0
0.24994313716888428,0.24016928672790527,-0.009773850440979004,0.6176288451547135,-0.012863194748853219,acinar,0
0.26551592350006104,0.2656979560852051,0.00018203258514404297,1.0852170781034023,0.0002478987858641521,alpha,0
0.25102686882019043,0.25370538234710693,0.002678513526916504,0.9152586878401777,0.003589083270277985,acinar,0
0.19624686241149902,0.19617003202438354,-7.683038711547852e-05,1.2654835420384558,-9.558039657188932e-05,ductal,0
0.21763330698013306,0.21303659677505493,-0.004596710205078125,0.9673861560934464,-0.005841072388170768,acinar,0
0.20716917514801025,0.20523452758789062,-0.001934647560119629,0.8262157859427091,-0.002434237051400815,acinar,0
0.2552797198295593,0.267020046710968,0.011740326881408691,1.3524972359634537,0.01601725508143494,acinar,0
0.16756302118301392,0.16160929203033447,-0.005953729152679443,1.0960763947098835,-0.00710137778971527,ductal,0
0.21966016292572021,0.20842349529266357,-0.01123666763305664,0.7160533249998409,-0.014195302117021637,acinar,0
0.3275095820426941,0.3358306884765625,0.008321106433868408,1.8506234202856486,0.01252859216693087,delta,0
0.17244094610214233,0.1670238971710205,-0.005417048931121826,0.8914350611714844,-0.006503246506981743,ductal,0
0.1828034520149231,0.177112877368927,-0.005690574645996094,0.7216655778147527,-0.00691537695692847,acinar,0
0.3572099804878235,0.35464972257614136,-0.002560257911682129,1.1411676016511882,-0.003967237640157674,delta,0
0.2382645606994629,0.27610158920288086,0.03783702850341797,1.7304877946660513,0.05226842321943186,acinar,0
0.23540866374969482,0.2397717833518982,0.004363119602203369,1.1482651470842904,0.0057392234419299274,alpha,0
0.2870035767555237,0.2893441319465637,0.002340555191040039,1.8441097357747027,0.0032935141975976,alpha,0
0.23345130681991577,0.22826063632965088,-0.005190670490264893,1.0602351506347163,-0.006725937194104438,acinar,0
0.38411641120910645,0.3921397924423218,0.008023381233215332,1.430238698956796,0.013199385538744966,beta,0
0.31712329387664795,0.2966706156730652,-0.020452678203582764,1.1516240768045827,-0.02907980053066511,alpha,0
0.18744277954101562,0.1825665831565857,-0.004876196384429932,1.552800103093868,-0.0059652520730798615,acinar,0
0.2580225467681885,0.2748947739601135,0.01687222719192505,0.8744617492416276,0.02326866030751369,ductal,0
0.34866976737976074,0.34654319286346436,-0.0021265745162963867,1.1040222962048365,-0.003254345953813061,delta,0
0.30036675930023193,0.29839950799942017,-0.0019672513008117676,1.295170559608948,-0.002803948006367906,beta,0
0.2900708317756653,0.281707227230072,-0.008363604545593262,0.7853893830804322,-0.011643726433917716,beta,0
0.20062577724456787,0.19301068782806396,-0.007615089416503906,1.2761024565639218,-0.009436419171412082,acinar,0
0.31494057178497314,0.3254081606864929,0.010467588901519775,0.8574298185520458,0.01551692192448108,beta,0
0.20302945375442505,0.1949903964996338,-0.00803905725479126,1.860559415681706,-0.009986287393138662,acinar,0
0.20490717887878418,0.19627457857131958,-0.0086326003074646,0.7280008752045688,-0.010740733187360834,acinar,0
0.1833324432373047,0.18052661418914795,-0.0028058290481567383,0.998694618768032,-0.0034239416395206394,acinar,0
0.1789516806602478,0.1792505383491516,0.0002988576889038086,1.0455166863372023,0.0003641277915707539,acinar,0
0.27784568071365356,0.2806400656700134,0.0027943849563598633,1.546716719042721,0.0038845434990239756,beta,0
0.30533504486083984,0.2925639748573303,-0.012771070003509521,1.1181891444412728,-0.018052614723619652,delta,0
0.35169410705566406,0.3457949757575989,-0.0058991312980651855,1.191322280041291,-0.009017251594630666,delta,0
0.21201086044311523,0.20861786603927612,-0.0033929944038391113,1.4251373418189277,-0.00428742861158337,ductal,0
0.2743039131164551,0.2894902229309082,0.015186309814453125,2.487481866750622,0.02137382243647348,beta,0
0.2455630898475647,0.2388806939125061,-0.006682395935058594,0.9518245198831271,-0.008779695747581555,alpha,0
0.18979692459106445,0.18801850080490112,-0.00177842378616333,1.2842661183290836,-0.002190226979218426,acinar,0
0.26140105724334717,0.2771746516227722,0.01577359437942505,2.341279115184708,0.02182213783016521,beta,0
0.2856703996658325,0.28877323865890503,0.0031028389930725098,1.4591418904492017,0.004362657821285818,alpha,0
0.18182611465454102,0.17966222763061523,-0.0021638870239257812,0.8031696366524154,-0.002637800058475691,ductal,0
0.16378289461135864,0.16222184896469116,-0.0015610456466674805,0.7720933742912851,-0.0018633162547129843,acinar,0
0.3427387475967407,0.34338808059692383,0.0006493330001831055,0.8642146848114852,0.0009889144272211994,delta,0
0.20206189155578613,0.19321638345718384,-0.008845508098602295,0.9426010732705468,-0.010963916367695429,acinar,0
0.21437287330627441,0.21520721912384033,0.000834345817565918,1.2141081733914931,0.0010631415551942722,acinar,0
0.3165680766105652,0.3241165280342102,0.0075484514236450195,2.780438967624342,0.011168273432830871,beta,0
0.292940616607666,0.2922888398170471,-0.0006517767906188965,1.056823670781235,-0.0009209644093367178,alpha,0
0.31461501121520996,0.32856184244155884,0.013946831226348877,1.1971343172244555,0.020771579734258642,alpha,0
0.2973756194114685,0.30641865730285645,0.00904303789138794,1.2682001436288692,0.013038179280056898,beta,0
0.1935308575630188,0.18981099128723145,-0.0037198662757873535,1.4125108414207295,-0.004591356135153563,acinar,0
0.3280673623085022,0.3335065245628357,0.005439162254333496,1.9697275337125024,0.008160863466466581,gamma,0
0.2922128438949585,0.2822335362434387,-0.009979307651519775,2.6219500922363177,-0.013903279347005507,alpha,0
0.25165486335754395,0.2524073123931885,0.0007524490356445312,0.984305542846013,0.0010064959811916644,alpha,0
0.30636656284332275,0.325028657913208,0.018662095069885254,1.6935856537005565,0.0276487221104649,beta,0
0.2275407314300537,0.22024881839752197,-0.007291913032531738,1.430366828616385,-0.009351589589830466,acinar,0
0.3157145380973816,0.3164207339286804,0.0007061958312988281,1.4490105042414707,0.0010330855050029398,beta,0
0.31032150983810425,0.30425381660461426,-0.00606769323348999,1.3798198932107637,-0.00872113046151168,beta,0
0.3148747682571411,0.30973267555236816,-0.005142092704772949,1.5647191361181128,-0.007449422162475636,beta,0
0.2006731629371643,0.19538670778274536,-0.005286455154418945,1.8318516871814392,-0.006570181235573651,acinar,0
0.3230128288269043,0.3153231143951416,-0.007689714431762695,1.5842846735331932,-0.011231158219938205,beta,0
0.3124387860298157,0.3364909887313843,0.024052202701568604,1.9359738495170797,0.036250001572068,delta,0
0.2781120538711548,0.26656574010849,-0.011546313762664795,1.5056914231457592,-0.015742806675505903,alpha,0
0.21284806728363037,0.2090061902999878,-0.003841876983642578,1.0624071531500574,-0.004857025347770581,ductal,0
0.21591180562973022,0.20924818515777588,-0.006663620471954346,0.920751144593455,-0.008426943001432015,acinar,0
0.20340120792388916,0.19307327270507812,-0.010327935218811035,1.721966746120607,-0.012799099186407667,acinar,0
0.31990253925323486,0.3318406343460083,0.011938095092773438,1.1458930476610796,0.017867137252635047,delta,0
0.27636808156967163,0.26991450786590576,-0.006453573703765869,0.8595537350873437,-0.008839476709640665,beta,0
0.3357551097869873,0.3862925171852112,0.05053740739822388,3.992128773036427,0.08234771257217274,quiescent_stellate,0
0.2377934455871582,0.23406583070755005,-0.0037276148796081543,1.0734052696144092,-0.004866756216205406,alpha,0
0.2662179470062256,0.3517830967903137,0.08556514978408813,1.5014147190076124,0.13200079997977063,ductal,0
0.2707440257072449,0.2694075107574463,-0.001336514949798584,1.2931491574081715,-0.0018293576370929081,beta,0
0.30335837602615356,0.29488229751586914,-0.008476078510284424,1.5454612321616807,-0.012020799478474566,alpha,0
0.2044447660446167,0.20621776580810547,0.0017729997634887695,1.3361107328920354,0.0022336097825290356,acinar,0
0.3029972314834595,0.294860303401947,-0.008136928081512451,1.352747457497142,-0.01153945540262315,beta,0
0.3069336414337158,0.30083364248275757,-0.006099998950958252,1.085473827290344,-0.008724674586202208,beta,0
0.2709469795227051,0.26695770025253296,-0.003989279270172119,1.4818036870296487,-0.005442086045438886,alpha,0
0.2678176164627075,0.27329254150390625,0.0054749250411987305,1.7849691741469402,0.007533877597085595,alpha,0
0.2861950993537903,0.28891509771347046,0.0027199983596801758,2.020779098238073,0.0038251386732215567,alpha,0
0.29645150899887085,0.29934215545654297,0.002890646457672119,1.186472818520253,0.004125617775043454,alpha,0
0.21414637565612793,0.21628034114837646,0.002133965492248535,2.049600847123818,0.002722868398344649,ductal,0
0.26465046405792236,0.2612237334251404,-0.0034267306327819824,0.923281137664624,-0.004638387544133099,alpha,0
0.28622686862945557,0.2943052053451538,0.008078336715698242,1.795019837372212,0.011447351995347138,beta,0
0.32655811309814453,0.32509857416152954,-0.0014595389366149902,1.1459620676325906,-0.002162595722481572,alpha,0
0.3344324231147766,0.32565760612487793,-0.008774816989898682,1.4833586741798197,-0.013012405967054837,alpha,0
0.28573691844940186,0.2855720520019531,-0.00016486644744873047,2.296024297131583,-0.00023076707442747072,beta,0
0.24841910600662231,0.2598242163658142,0.011405110359191895,0.8658768528487953,0.015408651041235089,activated_stellate,0
0.2533339858055115,0.257503867149353,0.004169881343841553,1.2751142546773064,0.005616031059760851,alpha,0
0.2936767339706421,0.28575217723846436,-0.007924556732177734,2.1091730217024387,-0.01109496799239595,beta,0
0.281747043132782,0.2774156332015991,-0.004331409931182861,1.3461295628323613,-0.005994331084651481,alpha,0
0.2249642014503479,0.23332661390304565,0.008362412452697754,1.4702686032278824,0.010907398905901547,alpha,0
0.3147549033164978,0.3105561137199402,-0.004198789596557617,2.440816160981755,-0.00609011071113048,alpha,0
0.3038240075111389,0.3067605495452881,0.00293654203414917,1.1105757771708928,0.004235970748956978,gamma,0
0.18843573331832886,0.1841617226600647,-0.00427401065826416,1.275583258543069,-0.005238796434263538,ductal,0
0.2864689230918884,0.28144216537475586,-0.005026757717132568,1.101983101338437,-0.006995620219984405,beta,0
0.27398550510406494,0.261250376701355,-0.012735128402709961,1.920584385409507,-0.017238761281319383,beta,0
0.3043115735054016,0.29947149753570557,-0.004840075969696045,1.3600505599180752,-0.006909177788869113,beta,0
0.20783400535583496,0.20565354824066162,-0.00218045711517334,1.5313833892157642,-0.0027449699187854478,ductal,0
0.20295816659927368,0.1981298327445984,-0.004828333854675293,0.9676906020443248,-0.006021341174471494,ductal,0
0.2811853885650635,0.2731030583381653,-0.008082330226898193,0.9179640015602101,-0.01111894928106361,beta,0
0.18634450435638428,0.18293654918670654,-0.0034079551696777344,1.0403715256155976,-0.004170979825722842,acinar,0
0.18105506896972656,0.18351787328720093,0.0024628043174743652,1.3600870245003722,0.00301636035486747,acinar,0
0.17767333984375,0.1754259467124939,-0.0022473931312561035,0.8952113047082351,-0.0027255200697814098,ductal,0
0.18655723333358765,0.18586045503616333,-0.0006967782974243164,1.6265887204262268,-0.0008558462756593732,acinar,0
0.25666338205337524,0.2528485059738159,-0.003814876079559326,1.7928481190891672,-0.005105893664218027,alpha,0
0.18519902229309082,0.18108701705932617,-0.0041120052337646484,1.035586261345081,-0.005021296913621582,ductal,0
0.3142574429512024,0.30235958099365234,-0.011897861957550049,0.9720375671391346,-0.017054433248716045,beta,0
0.2545813322067261,0.24382680654525757,-0.010754525661468506,1.33367476073252,-0.014222304829842098,alpha,0
0.24171900749206543,0.23810219764709473,-0.003616809844970703,0.9696242180299052,-0.0047471062835477565,acinar,0
0.3194907307624817,0.33481454849243164,0.015323817729949951,1.888268426298398,0.023036910526561028,delta,0
0.30459725856781006,0.3097752332687378,0.005177974700927734,1.847461329357985,0.007501867435805545,beta,0
0.2660033702850342,0.25184857845306396,-0.014154791831970215,1.4859628966124452,-0.018919688480578793,alpha,0
0.381464421749115,0.37582021951675415,-0.00564420223236084,1.510304961240914,-0.009042590626679777,beta,0
0.3181575536727905,0.3257557153701782,0.007598161697387695,0.8993109175930766,0.011269152546927839,beta,0
0.37357157468795776,0.2906467914581299,-0.08292478322982788,3.2274722460520295,-0.11690196397403506,epsilon,1
0.17810630798339844,0.17674046754837036,-0.0013658404350280762,0.9154997583570011,-0.0016590642211705283,ductal,0
0.31916046142578125,0.3185293674468994,-0.0006310939788818359,1.4414158605776364,-0.0009260765596273303,beta,0
0.3250125050544739,0.3282774090766907,0.003264904022216797,2.9214300674439118,0.004860494594545431,beta,0
0.2147597074508667,0.2077276110649109,-0.0070320963859558105,1.3667700571639643,-0.00887585694537179,acinar,0
0.3192763924598694,0.3296739459037781,0.010397553443908691,1.635822256717087,0.01551118799630631,alpha,0
0.33468520641326904,0.3229125142097473,-0.011772692203521729,2.0975117921210815,-0.017387254159307648,beta,0
0.2772664427757263,0.272646427154541,-0.004620015621185303,0.9670840495101027,-0.006351815394418801,alpha,0
0.2824598550796509,0.2895165681838989,0.007056713104248047,2.2099498316205706,0.009932269759211755,beta,0
0.21534287929534912,0.21020972728729248,-0.005133152008056641,0.9923413168589499,-0.0064993862110072674,acinar,0
0.2906137704849243,0.30061715841293335,0.010003387928009033,2.452304370532871,0.014303164637709666,beta,0
0.312073290348053,0.30134475231170654,-0.010728538036346436,0.8122999995522749,-0.015355982899784924,alpha,0
0.30883580446243286,0.30551302433013916,-0.003322780132293701,2.13421058568917,-0.0047845103633351,beta,0
0.34328651428222656,0.34047096967697144,-0.002815544605255127,1.4103819363818644,-0.0042690230085491625,delta,0
0.265536367893219,0.2611244320869446,-0.004411935806274414,0.6436439494295619,-0.005971148591008186,alpha,0
0.3362666964530945,0.3404216170310974,0.00415492057800293,1.5726363934574148,0.0062993583253907574,beta,0
0.3056986331939697,0.3048864006996155,-0.000812232494354248,1.3353490231965097,-0.0011684888558816011,beta,0
0.1997166872024536,0.1944008469581604,-0.005315840244293213,1.1026870430914242,-0.006598616972499634,acinar,0
0.3238794803619385,0.31318747997283936,-0.010692000389099121,1.5476324980330913,-0.015567567680152796,beta,0
0.3372887372970581,0.3400040864944458,0.0027153491973876953,1.6267394599143599,0.0041141909242516,alpha,0
0.23082715272903442,0.23618698120117188,0.005359828472137451,1.1044706325826918,0.007017199681364837,activated_stellate,0
0.2469106912612915,0.2488439679145813,0.001933276653289795,0.8471385475317306,0.0025737351105634865,alpha,0
0.3122040629386902,0.30569642782211304,-0.0065076351165771484,1.423258327637275,-0.009372895916643552,alpha,0
0.33373987674713135,0.34937119483947754,0.01563131809234619,2.8683702656436836,0.024024940132322682,beta,0
0.1761641502380371,0.178985595703125,0.0028214454650878906,1.3457101164382936,0.003436535888190908,ductal,0
0.31374794244766235,0.30935633182525635,-0.004391610622406006,1.3942148132973082,-0.0063587213273268725,beta,0
0.3081910014152527,0.30793297290802,-0.000258028507232666,0.8246424612222182,-0.0003728374523445869,beta,0
0.27406543493270874,0.2651146650314331,-0.008950769901275635,0.5404325015584013,-0.012179818368070285,alpha,0
0.2235848307609558,0.2206658124923706,-0.002919018268585205,1.449386772872496,-0.0037455283181153003,ductal,0
0.30847352743148804,0.3116108179092407,0.0031372904777526855,1.9661206710370844,0.0045574372162911995,beta,0
0.3193058371543884,0.30387431383132935,-0.015431523323059082,1.0109373205749828,-0.0221677257852543,beta,0
0.19260132312774658,0.1927957534790039,0.00019443035125732422,0.945731129013164,0.00024086884093500234,ductal,0
0.19889211654663086,0.19676554203033447,-0.0021265745162963867,1.2053199358494044,-0.0026475140542049527,ductal,0
0.23872268199920654,0.23725587129592896,-0.0014668107032775879,0.7212270030143589,-0.001923070461086014,ductal,0
0.24107122421264648,0.23419785499572754,-0.006873369216918945,0.4891306931762926,-0.008975385171950123,ductal,0
0.18752294778823853,0.18640297651290894,-0.0011199712753295898,1.4614116492341271,-0.0013765675672329446,acinar,0
0.26042431592941284,0.2577264904975891,-0.0026978254318237305,1.2340829087581995,-0.0036345435978609015,alpha,0
0.27689129114151,0.2756485939025879,-0.0012426972389221191,1.113197488140136,-0.0017155999539193259,alpha,0
0.2917766571044922,0.2819766402244568,-0.0098000168800354,1.0830041856100159,-0.013648604528826085,beta,0
0.37133294343948364,0.38366222381591797,0.012329280376434326,1.5367538862933818,0.020004096540647432,delta,0
0.3092331290245056,0.3035770058631897,-0.005656123161315918,1.2649288709499853,-0.008121677786251827,beta,0
0.3304670453071594,0.32613807916641235,-0.00432896614074707,1.8957077714554804,-0.00642411450611723,beta,0
0.2532080411911011,0.2523066997528076,-0.000901341438293457,2.552705947210862,-0.0012054962081316865,alpha,0
0.3016645312309265,0.29257678985595703,-0.009087741374969482,1.2448124771965192,-0.012846258427284383,alpha,0
0.3131368160247803,0.3117339611053467,-0.0014028549194335938,0.9463625511110347,-0.0020382451554439053,activated_stellate,0
0.3029223680496216,0.3061167001724243,0.0031943321228027344,1.9040099111029742,0.004603558153938133,alpha,0
0.3105736970901489,0.2945106029510498,-0.01606309413909912,0.9538023306654232,-0.022768725095360418,beta,0
0.2973690629005432,0.30679571628570557,0.009426653385162354,1.4780082813909632,0.013598665799716218,beta,0
0.2452629804611206,0.23905444145202637,-0.006208539009094238,1.5442409986026961,-0.00815897923228738,alpha,0
0.2119845747947693,0.20518594980239868,-0.0067986249923706055,0.6772538366212875,-0.008553730260153778,ductal,0
0.2832597494125366,0.2809503674507141,-0.0023093819618225098,1.328018668419102,-0.0032117142646119323,alpha,0
0.3049936294555664,0.29718953371047974,-0.00780409574508667,1.8747699552778958,-0.011104125677422397,alpha,0
0.2711365222930908,0.2719035744667053,0.000767052173614502,1.4258021116820407,0.0010535035562805766,ductal,0
0.24529796838760376,0.23688244819641113,-0.008415520191192627,0.742338620683761,-0.011027816319128003,alpha,0
0.3421632647514343,0.3446217179298401,0.0024584531784057617,1.4216373881169624,0.0037511972026906103,beta,0
0.250637948513031,0.24857336282730103,-0.0020645856857299805,1.4199260082253304,-0.0027475545630084985,alpha,0
0.26657551527023315,0.2953678369522095,0.02879232168197632,0.8491999125848949,0.040861492267737325,ductal,0
0.3291100859642029,0.33142197132110596,0.002311885356903076,1.1528777104167474,0.003457914047028059,delta,0
0.33198636770248413,0.32886791229248047,-0.003118455410003662,1.8522521740154214,-0.004646559845850628,beta,0
0.2524030804634094,0.23928260803222656,-0.013120472431182861,3.2925582464226957,-0.017247498965737712,acinar,0
0.2508431077003479,0.24646008014678955,-0.00438302755355835,1.0845376600940217,-0.005816583087478846,activated_stellate,0
0.29698580503463745,0.29616326093673706,-0.0008225440979003906,1.5763566410131793,-0.001168657519917354,beta,0
0.21732544898986816,0.21233975887298584,-0.004985690116882324,0.9307697407038912,-0.006329747087079843,acinar,0
0.3191514015197754,0.3053750991821289,-0.013776302337646484,0.7315453430420665,-0.01983272169112549,beta,0
0.2808282971382141,0.2880513072013855,0.007223010063171387,1.7273507907759225,0.010145408139985903,beta,0
0.2712312936782837,0.2750769257545471,0.0038456320762634277,1.0646321884522945,0.005304882977088586,beta,0
0.3081781268119812,0.28984445333480835,-0.01833367347717285,2.278483904370834,-0.025816419463687446,alpha,0
0.27611541748046875,0.2839950919151306,0.007879674434661865,1.1466267355103759,0.01100505645378603,beta,0
0.277624249458313,0.2819955348968506,0.004371285438537598,2.4972802110985857,0.006088103418562464,alpha,0
0.21431410312652588,0.2175356149673462,0.0032215118408203125,2.3600090869148427,0.004117135428069192,ductal,0
0.40053606033325195,0.39283353090286255,-0.007702529430389404,2.048060045697355,-0.012686025698756292,delta,0
0.31865304708480835,0.3076537251472473,-0.010999321937561035,1.0156626987206483,-0.015887024076067076,beta,0
0.2506321668624878,0.2486785650253296,-0.001953601837158203,2.3695782436547836,-0.0026002210854320505,acinar,0
0.2487683892250061,0.24206769466400146,-0.006700694561004639,1.6125635634906303,-0.00884075598022459,acinar,0
0.31266915798187256,0.31257539987564087,-9.375810623168945e-05,1.0510600722276628,-0.00013639038552697716,beta,0
0.22253096103668213,0.22051352262496948,-0.0020174384117126465,1.0005450203543556,-0.0025881634515411947,acinar,0
0.21787548065185547,0.21453875303268433,-0.0033367276191711426,2.7512574617451673,-0.004248112344249097,ductal,0
0.24683105945587158,0.24456655979156494,-0.0022644996643066406,1.9050144313572954,-0.002997616393155474,alpha,0
0.21423035860061646,0.21100956201553345,-0.003220796585083008,0.6996607678407671,-0.0040821744219242595,ductal,0
0.3045763373374939,0.3037526607513428,-0.000823676586151123,1.2419170843698988,-0.0011830229571002436,beta,0
0.2628943920135498,0.2555178999900818,-0.007376492023468018,2.169893209397417,-0.0099082194499636,alpha,0
0.28385603427886963,0.2835623621940613,-0.0002936720848083496,0.8978928154816824,-0.00040990599783075114,beta,0
0.2477809190750122,0.22758722305297852,-0.02019369602203369,1.1030950552785719,-0.026143658707782798,acinar,0
0.29564398527145386,0.280220091342926,-0.015423893928527832,1.326978797240628,-0.021428625254773907,alpha,0
0.3160814046859741,0.3206844925880432,0.004603087902069092,2.049812661516802,0.006776067750323922,alpha,0
0.18771743774414062,0.17804455757141113,-0.009672880172729492,1.4200771071811478,-0.011768132034200707,acinar,0
0.28596144914627075,0.28207719326019287,-0.003884255886077881,0.951372945766777,-0.005410408820576208,alpha,0
0.26850980520248413,0.2657683491706848,-0.0027414560317993164,1.4141960726621665,-0.003733775340116215,alpha,0
0.19545376300811768,0.19105899333953857,-0.0043947696685791016,0.7944859639572169,-0.005432744331656471,acinar,0
0.3176763653755188,0.30866825580596924,-0.00900810956954956,1.2086242628945818,-0.013030082366681146,alpha,0
0.31585395336151123,0.32955998182296753,0.013706028461456299,1.1307245432312503,0.020443332870737387,beta,0
0.31151634454727173,0.2953227758407593,-0.01619356870651245,0.9023481669827734,-0.02298012217697713,beta,0
0.29286086559295654,0.28011512756347656,-0.01274573802947998,1.615832713062966,-0.01770524498777247,alpha,0
0.292802095413208,0.2973538637161255,0.0045517683029174805,1.621782968333251,0.0064780379025360935,alpha,0
0.24344784021377563,0.2358856201171875,-0.007562220096588135,0.750170351127416,-0.009896712188230126,endothelial,0
0.300048828125,0.2913971543312073,-0.008651673793792725,0.8622024187342266,-0.012209482147403899,alpha,0
0.3780297636985779,0.3608202338218689,-0.017209529876708984,1.2631587289183894,-0.02692439715294885,delta,0
0.3049554228782654,0.30562716722488403,0.0006717443466186523,1.1512357716942236,0.0009674116193946887,beta,0
0.2481013536453247,0.24506700038909912,-0.003034353256225586,1.1257229040131387,-0.0040193676230731975,acinar,0
0.2973427176475525,0.28239119052886963,-0.014951527118682861,0.9061899496376015,-0.02083520564595907,alpha,0
0.2421206831932068,0.24045270681381226,-0.0016679763793945312,0.7971607389044022,-0.0021960138550393866,acinar,0
0.21719563007354736,0.21692264080047607,-0.00027298927307128906,0.9942958134401594,-0.00034861086183151014,ductal,0
0.2988566756248474,0.2972522974014282,-0.0016043782234191895,0.9598803347967293,-0.0022830074256900887,beta,0
0.2959427237510681,0.2934064269065857,-0.002536296844482422,1.9478289296220108,-0.0035894705826132866,beta,0
0.2847425937652588,0.29701560735702515,0.012273013591766357,2.5698960143545135,0.01745844391455709,beta,0
0.31125408411026,0.31869012117385864,0.007436037063598633,1.912200360106764,0.010914324442807885,beta,0
0.2757505774497986,0.2660611867904663,-0.009689390659332275,1.0450201120787124,-0.013201905233707857,alpha,0
0.25927042961120605,0.2600748538970947,0.0008044242858886719,1.4630521981030846,0.0010871698172787824,alpha,0
0.19688260555267334,0.20048928260803223,0.0036066770553588867,1.4851608333725608,0.004511105325922328,ductal,0
0.33034390211105347,0.30971312522888184,-0.02063077688217163,1.545502664903725,-0.029887250701401906,beta,0
0.2575643062591553,0.25218117237091064,-0.005383133888244629,0.6001313490362238,-0.007198446588074684,endothelial,0
0.1843663454055786,0.18297302722930908,-0.0013933181762695312,1.0523861687208549,-0.0017053515033225027,ductal,0
0.31767183542251587,0.32079559564590454,0.003123760223388672,1.4705170220206378,0.004599146005773153,alpha,0
0.23910820484161377,0.22796082496643066,-0.011147379875183105,1.3868724375844788,-0.014438878538382981,ductal,0
0.26186585426330566,0.26222819089889526,0.0003623366355895996,1.137750578614782,0.0004911229070016482,alpha,0
0.2976037263870239,0.2884621024131775,-0.009141623973846436,0.7378955941766515,-0.012847697929864609,alpha,0
0.2567477822303772,0.2799903154373169,0.023242533206939697,0.6494157110926676,0.03228086191792915,beta,0
0.26652467250823975,0.27212971448898315,0.005605041980743408,1.6033473469584356,0.00770060557810554,alpha,0
0.26232385635375977,0.25558793544769287,-0.0067359209060668945,1.337940339793541,-0.009048645537626944,alpha,0
0.2892810106277466,0.31806641817092896,0.028785407543182373,0.8596261941244393,0.04221145330015077,gamma,0
0.21272099018096924,0.21228444576263428,-0.00043654441833496094,1.8575455334887956,-0.0005541904257020867,ductal,0
0.30367010831832886,0.30483973026275635,0.0011696219444274902,2.1708095472683686,0.0016825212765245968,alpha,0
0.23634517192840576,0.23164427280426025,-0.004700899124145508,1.496254259797569,-0.0061181285669625095,acinar,0
0.2152235507965088,0.20934128761291504,-0.00588226318359375,1.0405182751598323,-0.007439699444826903,acinar,0
0.24759089946746826,0.23928779363632202,-0.00830310583114624,1.104785177040211,-0.010914910739813643,acinar,0
0.32631826400756836,0.3179537057876587,-0.008364558219909668,1.4631340631836478,-0.012263915647499336,alpha,0
0.30352461338043213,0.2933569550514221,-0.01016765832901001,2.3589460322138533,-0.014388676718313849,alpha,0
0.24518448114395142,0.23355263471603394,-0.01163184642791748,0.9129514654998581,-0.01517631471485054,alpha,0
0.2440403699874878,0.24047106504440308,-0.003569304943084717,1.5637346960446799,-0.004699366645318632,ductal,0
0.2139020562171936,0.21292781829833984,-0.0009742379188537598,1.9053774340983973,-0.0012377999648614754,ductal,0
0.3630189299583435,0.387209951877594,0.02419102191925049,1.3711778529706067,0.039476851808171474,delta,0
0.18750649690628052,0.19346553087234497,0.005959033966064453,1.5535526888382796,0.007388443016588893,acinar,0
0.29394471645355225,0.28034353256225586,-0.013601183891296387,1.1033416237412481,-0.01889955069774037,alpha,0
0.27894365787506104,0.26521337032318115,-0.013730287551879883,1.4530585149237552,-0.018686087902713845,alpha,0
0.28223878145217896,0.28394389152526855,0.0017051100730895996,1.7186043289257769,0.0023812520456276093,alpha,0
0.20494478940963745,0.20691972970962524,0.001974940299987793,1.103985165318712,0.0024902148924530647,acinar,0
0.2934156656265259,0.3002556562423706,0.0068399906158447266,2.2527372935288605,0.009774985216906442,alpha,0
0.3135206699371338,0.313291072845459,-0.0002295970916748047,0.9842632532279928,-0.00033434411960561977,beta,0
0.3497415781021118,0.36598217487335205,0.016240596771240234,0.9533706507197373,0.02561536305070934,alpha,0
0.31557703018188477,0.31959688663482666,0.0040198564529418945,1.4766051750987976,0.005908051233128958,beta,0
0.24449217319488525,0.24743247032165527,0.0029402971267700195,1.9970059427147904,0.003907020979269107,alpha,0
0.18786537647247314,0.1871863603591919,-0.00067901611328125,1.3931745399289952,-0.0008353896639595211,ductal,0
0.3180975914001465,0.3091071844100952,-0.00899040699005127,0.8572410510130809,-0.013012737702844678,alpha,0
0.22198355197906494,0.21570563316345215,-0.006277918815612793,0.6712182175211516,-0.008004544060331308,ductal,0
0.34818577766418457,0.33655083179473877,-0.0116349458694458,1.1788089468960208,-0.017537056984968775,beta,0
0.2930627465248108,0.2802208662033081,-0.012841880321502686,1.154177349322952,-0.01784141789963307,alpha,0
0.30445241928100586,0.3092525005340576,0.004800081253051758,1.195135768661887,0.00694911129864818,beta,0
0.33758652210235596,0.331756591796875,-0.005829930305480957,2.6441645923543238,-0.008724261599762525,beta,0
0.2639666795730591,0.2607881426811218,-0.003178536891937256,0.9190384117601386,-0.004299899765495931,alpha,0
0.3093864321708679,0.3065592050552368,-0.0028272271156311035,1.245345079010647,-0.004077099496080714,alpha,0
0.2747746706008911,0.2725609540939331,-0.002213716506958008,1.5412727517948326,-0.003043164261550873,alpha,0
0.23180967569351196,0.22921156883239746,-0.002598106861114502,1.159686545220207,-0.0033707133579818373,ductal,0
0.3537321090698242,0.3479331135749817,-0.005798995494842529,1.005776724090945,-0.008893252541370019,delta,0
0.3878467082977295,0.412265419960022,0.02441871166229248,2.285978733272034,0.04154717536040079,alpha,0
0.28510379791259766,0.27446407079696655,-0.010639727115631104,1.0844663269885688,-0.014664645384713525,alpha,0
0.29980742931365967,0.29107868671417236,-0.008728742599487305,0.8600810004524682,-0.012312710079246824,alpha,0
0.294771671295166,0.2971099615097046,0.0023382902145385742,1.3603611896377752,0.00332667997338656,alpha,0
0.3443491458892822,0.33163273334503174,-0.012716412544250488,1.0252851130791307,-0.01902608517603405,alpha,0
0.2607661485671997,0.255420446395874,-0.005345702171325684,1.59589528160606,-0.007179490956271756,alpha,0
0.30162787437438965,0.2907182574272156,-0.010909616947174072,1.5556280889648948,-0.015381217776171024,ductal,0
0.19837015867233276,0.1883203387260437,-0.010049819946289062,0.8084282578016607,-0.012381510127425837,ductal,0
0.2119646668434143,0.20639705657958984,-0.005567610263824463,1.221691533470981,-0.007015611912713167,ductal,0
0.23571175336837769,0.23448598384857178,-0.0012257695198059082,1.354543696798686,-0.0016012372000298368,acinar,0
0.262501060962677,0.25933384895324707,-0.0031672120094299316,1.1556721254670568,-0.004276166805994633,alpha,0
0.32173049449920654,0.32047128677368164,-0.0012592077255249023,0.7047074193147677,-0.0018530603652439346,ductal,0
0.27142930030822754,0.2779863476753235,0.006557047367095947,2.5196175530673597,0.009081611332395363,alpha,0
0.269612193107605,0.2680596113204956,-0.001552581787109375,1.0171077135745952,-0.0021211861117684623,activated_stellate,0
0.31390225887298584,0.31316715478897095,-0.0007351040840148926,3.131646589469916,-0.0010702809120740756,beta,0
0.35259121656417847,0.37252211570739746,0.019930899143218994,1.3102952341789722,0.0317635085508845,gamma,0
0.39211970567703247,0.3917284607887268,-0.00039124488830566406,1.2902964876687812,-0.0006432076187766061,beta,0
0.2770460247993469,0.2695557475090027,-0.007490277290344238,0.6086953542778561,-0.010254413344756321,alpha,0
0.2781808376312256,0.28189659118652344,0.0037157535552978516,3.437854919382584,0.0051743989928099594,alpha,0
0.23122495412826538,0.22635436058044434,-0.004870593547821045,0.9482287977216374,-0.006295638855374811,activated_stellate,0
0.3375545144081116,0.33995991945266724,0.002405405044555664,1.7102976350313035,0.003644331784459213,alpha,0
0.2504129409790039,0.2559972405433655,0.005584299564361572,1.0039752980480618,0.007505751145923086,quiescent_stellate,0
0.3152084946632385,0.31118881702423096,-0.004019677639007568,0.9167902211115669,-0.0058356741852563275,alpha,0
0.28820109367370605,0.2797722816467285,-0.008428812026977539,0.7805314301986189,-0.011702982004426562,acinar,0
0.258666455745697,0.2585928440093994,-7.361173629760742e-05,1.4143192008277916,-9.9286519833025e-05,alpha,0
0.4045695662498474,0.39299631118774414,-0.011573255062103271,0.7499748031990567,-0.01906620219186648,alpha,0
0.3164238929748535,0.3053804636001587,-0.011043429374694824,0.7170486562371226,-0.01589852976484372,beta,0
0.29210710525512695,0.2956373691558838,0.003530263900756836,2.217621952769368,0.005011997721296099,beta,0
0.2865945100784302,0.27553391456604004,-0.011060595512390137,1.5692504541783308,-0.015267237120927155,alpha,0
0.3437708616256714,0.34981226921081543,0.006041407585144043,2.5671359966237226,0.009291789584849757,beta,0
0.19449526071548462,0.19841927289962769,0.003924012184143066,1.3686887833461396,0.004895342479525096,acinar,0
0.3700752854347229,0.3800128102302551,0.009937524795532227,1.3977968540657113,0.016028596976693815,beta,0
0.3389527201652527,0.3193930387496948,-0.01955968141555786,0.9910587779852199,-0.028738585599574033,ductal,0
0.22797036170959473,0.21902215480804443,-0.008948206901550293,0.8235253284094514,-0.011457696215890637,ductal,0
0.27962374687194824,0.2709658741950989,-0.008657872676849365,0.8890646556729399,-0.011875812627139382,beta,0
0.2929674983024597,0.2790806293487549,-0.013886868953704834,1.4907699573479307,-0.01926272135143224,alpha,0
0.2825961709022522,0.2825409173965454,-5.525350570678711e-05,2.767705798111927,-7.701276218608576e-05,beta,0
0.3052513003349304,0.2995816469192505,-0.005669653415679932,0.9423723330792335,-0.008094667123929991,beta,0
0.20289528369903564,0.20402652025222778,0.0011312365531921387,0.8788407558846282,0.0014211987986717906,ductal,0
0.31188493967056274,0.30877697467803955,-0.0031079649925231934,0.9915189758346592,-0.004496327348290451,beta,0
0.2804018259048462,0.2829069495201111,0.0025051236152648926,1.2220049901884333,0.0034934428852551676,beta,0
0.25428080558776855,0.2527962923049927,-0.001484513282775879,2.641789353061606,-0.001986758453535171,alpha,0
0.22321659326553345,0.22731029987335205,0.0040937066078186035,1.331048621086156,0.005297995569434436,ductal,0
0.30214977264404297,0.2936399579048157,-0.008509814739227295,1.5077302554963716,-0.012047418075894743,alpha,0
0.4071107506752014,0.3829898238182068,-0.02412092685699463,0.19611957666564742,-0.0390932399304347,macrophage,0
0.2801474928855896,0.2723199129104614,-0.007827579975128174,0.686646849635762,-0.010756897315186552,beta,0
0.30503594875335693,0.3037305474281311,-0.00130540132522583,1.7871055585845828,-0.0018748507785369007,beta,0
0.3126232624053955,0.29607582092285156,-0.016547441482543945,0.8614056853869424,-0.023507420222782807,alpha,0
0.31124722957611084,0.2946854829788208,-0.01656174659729004,1.6210127710552047,-0.02348136355853955,alpha,0
0.32729315757751465,0.3180427551269531,-0.009250402450561523,0.6951884803397911,-0.013564490325612097,alpha,0
0.28202611207962036,0.2724722623825073,-0.009553849697113037,1.6507286144988065,-0.013131938760713066,alpha,0
0.2261425256729126,0.22429263591766357,-0.0018498897552490234,1.1171599657260751,-0.0023847778697285507,ductal,0
0.28584158420562744,0.2879824638366699,0.0021408796310424805,1.0160231931741852,0.003006779359085031,alpha,0
0.24797040224075317,0.2448386549949646,-0.0031317472457885742,1.152809039544106,-0.004147123348544398,ductal,0
0.3017023801803589,0.31362032890319824,0.011917948722839355,0.9943517303693826,0.017363493157941355,quiescent_stellate,0
0.2460108995437622,0.2466449737548828,0.0006340742111206055,0.8989568346563628,0.0008416671941262105,ductal,0
0.30650830268859863,0.2980726957321167,-0.008435606956481934,1.3349446141752817,-0.012017778629199144,alpha,0
0.2714660167694092,0.28116118907928467,0.009695172309875488,1.3911311142582754,0.013487268859979267,alpha,0
0.2577240467071533,0.2525796890258789,-0.005144357681274414,1.4134022948012006,-0.006882817613786433,acinar,0
0.3087623715400696,0.30705153942108154,-0.0017108321189880371,0.74505264451361,-0.0024689168333799825,alpha,0
0.3240935802459717,0.3254812955856323,0.0013877153396606445,1.2343497872269698,0.0020573415245252395,alpha,0
0.37049901485443115,0.3720482587814331,0.0015492439270019531,1.029083871285917,0.0024671385160833855,beta,0
0.2912035584449768,0.28075236082077026,-0.010451197624206543,2.174574813705432,-0.014530736084351892,alpha,0
0.19591772556304932,0.19494712352752686,-0.0009706020355224609,1.2468137951463862,-0.0012056376219353193,ductal,0
0.2665574550628662,0.2740653157234192,0.0075078606605529785,1.3184882062205796,0.010342336332964754,alpha,0
0.2859156131744385,0.2958343029022217,0.009918689727783203,2.6875781921828956,0.014085732617568736,beta,0
0.2624647617340088,0.26386964321136475,0.001404881477355957,0.9922398985036037,0.0019084683363483949,acinar,0
0.30468255281448364,0.299511194229126,-0.005171358585357666,1.8189718328469135,-0.007382499966814871,alpha,0
0.37572282552719116,0.3682698607444763,-0.007452964782714844,1.2547748065229305,-0.011797703353995354,beta,0
0.2445833683013916,0.2433905005455017,-0.0011928677558898926,1.0733608209617909,-0.0015765963244578987,acinar,0
0.28769099712371826,0.2891709804534912,0.0014799833297729492,1.8825789524888872,0.0020820524895243326,beta,0
0.22732603549957275,0.22872120141983032,0.0013951659202575684,1.0035033869100147,0.0018088996129880647,ductal,0
0.30847620964050293,0.31567656993865967,0.007200360298156738,1.0547242429283825,0.010521867266054771,beta,0
0.2760692834854126,0.26933300495147705,-0.006736278533935547,1.1817714879158394,-0.009219355163959742,alpha,0
0.2601720094680786,0.25627028942108154,-0.0039017200469970703,1.5723356995379563,-0.005246153261727268,alpha,0
0.2962135076522827,0.29924339056015015,0.0030298829078674316,1.298446073414099,0.00432373076051237,alpha,0
0.25173354148864746,0.24572384357452393,-0.006009697914123535,0.8829415178269402,-0.007967503497132359,acinar,0
0.22571152448654175,0.22009944915771484,-0.005612075328826904,0.7984409992882068,-0.007195885837964746,ductal,0
0.2980491518974304,0.2954533100128174,-0.002595841884613037,1.6291765534355456,-0.0036844142787190747,alpha,0
0.23777306079864502,0.2332092523574829,-0.004563808441162109,1.172652972524045,-0.005951830346406041,ductal,0
0.2960185408592224,0.29067373275756836,-0.005344808101654053,5.137284145539868,-0.0075350488886199935,alpha,0
0.2193731665611267,0.21330773830413818,-0.006065428256988525,0.6997013860987317,-0.0077100393029332255,ductal,0
0.2811834216117859,0.26956886053085327,-0.011614561080932617,0.49139848124932284,-0.01590096650229575,acinar,0
0.24659937620162964,0.24594539403915405,-0.0006539821624755859,1.814973508581956,-0.0008672875376740869,acinar,0
0.25052326917648315,0.24459189176559448,-0.005931377410888672,1.2201056500062974,-0.007851884757699936,ductal,0
0.36657798290252686,0.45874208211898804,0.09216409921646118,0.968948195251012,0.17027759996062022,quiescent_stellate,0
0.274772047996521,0.28694790601730347,0.01217585802078247,1.4738376413989507,0.017075692117773853,alpha,0
0.3011820912361145,0.29612231254577637,-0.005059778690338135,0.9882108644351054,-0.007188434554074702,alpha,0
0.35200726985931396,0.32984352111816406,-0.022163748741149902,0.36411205172559785,-0.033072497900983336,ductal,0
0.3335047960281372,0.3330063223838806,-0.0004984736442565918,1.6420554478946505,-0.0007473438819362882,beta,0
0.36429107189178467,0.3688979148864746,0.004606842994689941,1.8783831297904885,0.007299679565883929,beta,0
0.30176275968551636,0.2918497323989868,-0.009913027286529541,3.8378716575335607,-0.013998479899063951,alpha,0
0.31889164447784424,0.31394606828689575,-0.004945576190948486,0.9504974465521249,-0.0072087280056819785,beta,0
0.31855863332748413,0.3245208263397217,0.005962193012237549,1.7684352664924994,0.008826612639927432,delta,0
0.29630184173583984,0.28797680139541626,-0.008325040340423584,0.82491231320692,-0.011692091432889993,activated_stellate,0
0.45912718772888184,0.4384857416152954,-0.020641446113586426,1.6136011528679282,-0.036760324079686255,delta,0
0.3187951445579529,0.3168264627456665,-0.001968681812286377,0.8623098403878752,-0.0028816716469998037,beta,0
0.21489685773849487,0.21235120296478271,-0.002545654773712158,0.8189342685769938,-0.0032319668147710473,acinar,0
0.2510184049606323,0.268293559551239,0.01727515459060669,0.9326679787161822,0.023609406225824265,ductal,0
0.2906348705291748,0.28650760650634766,-0.0041272640228271484,1.2144719122595902,-0.005784594286447522,alpha,0
0.26508980989456177,0.2562214732170105,-0.00886833667755127,1.3808246408082148,-0.011923356695855194,activated_stellate,0
0.24374008178710938,0.23422038555145264,-0.009519696235656738,1.4661701477662719,-0.012431378501126664,acinar,0
0.23684632778167725,0.23397672176361084,-0.0028696060180664062,1.627836225008358,-0.0037461081139375857,ductal,0
0.2871174216270447,0.2777407765388489,-0.0093766450881958,0.8656614852687232,-0.012982381925511197,alpha,0
0.2197057008743286,0.21883928775787354,-0.0008664131164550781,1.0057838046986673,-0.0011091355503123756,ductal,0
0.31852829456329346,0.3086497187614441,-0.009878575801849365,0.7107604615114487,-0.014288814324558991,beta,0
0.2964359521865845,0.2986818552017212,0.0022459030151367188,1.1863216765606268,0.003202402549819542,alpha,0
0.27725231647491455,0.2824576497077942,0.005205333232879639,1.0097014087416214,0.007254391647768056,beta,0
0.352714478969574,0.3642071485519409,0.011492669582366943,1.6139762765908048,0.018076122680825445,beta,0
0.30233657360076904,0.2989732027053833,-0.003363370895385742,1.0532057563973616,-0.004797777928555043,alpha,0
0.3020167350769043,0.2982299327850342,-0.003786802291870117,0.6223003935018103,-0.005396072686454645,alpha,0
0.3373163938522339,0.33543479442596436,-0.0018815994262695312,2.1168149997983847,-0.00283132401529245,beta,0
0.26722049713134766,0.2569838762283325,-0.010236620903015137,1.2496069520267408,-0.013777118121007157,acinar,0
0.24946117401123047,0.25047725439071655,0.001016080379486084,0.85685845031986,0.0013556364839336758,acinar,0
0.43876147270202637,0.40521782636642456,-0.03354364633560181,0.9709308596529593,-0.056396522664223084,endothelial,0
0.30896973609924316,0.30453044176101685,-0.004439294338226318,1.9550011789726813,-0.006383161255062224,beta,0
0.25591039657592773,0.24976485967636108,-0.00614553689956665,1.0972372647143334,-0.008191481002763438,activated_stellate,0
0.2899865508079529,0.2859603762626648,-0.004026174545288086,2.0960797982919344,-0.005638587007559604,alpha,0
0.2806500196456909,0.28115975856781006,0.0005097389221191406,1.1166258237599063,0.0007091129471321141,alpha,0
0.29535043239593506,0.3066409230232239,0.011290490627288818,1.158868764627976,0.016283756861622495,acinar,0
0.30088579654693604,0.2887575030326843,-0.012128293514251709,0.8379319238559589,-0.017052262155264678,alpha,0
0.28773826360702515,0.2878544330596924,0.00011616945266723633,1.6575046357432865,0.00016312599285894832,alpha,0
0.29103583097457886,0.2897666096687317,-0.001269221305847168,1.8173791398555112,-0.0017870482057386454,alpha,0
0.2942221760749817,0.29429930448532104,7.712841033935547e-05,1.2358705983369922,0.00010929337441435348,alpha,0
0.37027549743652344,0.3446894884109497,-0.02558600902557373,1.6497229762139127,-0.03904409981694127,beta,0
0.22222602367401123,0.21628177165985107,-0.005944252014160156,0.9938504031828206,-0.007584680053633046,acinar,0
0.3222450017929077,0.31297677755355835,-0.009268224239349365,1.5742448115558987,-0.01349040896513784,alpha,0
0.2759906053543091,0.28624778985977173,0.010257184505462646,1.1755694213455006,0.01437079193554785,beta,0
0.2041705846786499,0.1931576132774353,-0.0110129714012146,0.7133123349882903,-0.013649470556386925,ductal,0
0.22097331285476685,0.21384865045547485,-0.007124662399291992,0.9402944489295958,-0.009062710893290242,ductal,0
0.22006911039352417,0.21981823444366455,-0.00025087594985961914,0.6864390330092743,-0.0003215608989281151,ductal,0
0.3076753616333008,0.3072636127471924,-0.00041174888610839844,1.6609775898741552,-0.000594380335269056,alpha,0
0.3042769432067871,0.29333412647247314,-0.010942816734313965,1.21976605646963,-0.015485135400256042,gamma,0
0.33685481548309326,0.33290374279022217,-0.003951072692871094,0.8373490636294666,-0.005922792475851987,alpha,0
0.31886225938796997,0.31499892473220825,-0.0038633346557617188,1.2378175667255813,-0.005639895753815278,beta,0
0.3245152235031128,0.32192397117614746,-0.002591252326965332,1.208666731516307,-0.00382147755829085,alpha,0
0.23169481754302979,0.2273474931716919,-0.004347324371337891,0.9520632062928658,-0.005626493582714686,endothelial,0
0.3469870090484619,0.33969980478286743,-0.007287204265594482,0.9625304918701418,-0.011036198865878215,alpha,0
0.3969104290008545,0.288346529006958,-0.10856389999389648,0.0629660466183029,-0.15255163421377865,macrophage,0
0.2209855318069458,0.21007615327835083,-0.01090937852859497,1.5032144077240213,-0.013810671210739107,acinar,0
0.2929389476776123,0.29077231884002686,-0.0021666288375854492,1.1401258864652728,-0.0030549129639748864,activated_stellate,0
0.3258233070373535,0.3235282301902771,-0.002295076847076416,0.9716110175786888,-0.0033927163697044923,beta,0
0.3021625280380249,0.28774476051330566,-0.014417767524719238,1.0544381302655756,-0.020242416939059354,alpha,0
0.27182888984680176,0.2643406391143799,-0.007488250732421875,1.8658757832044839,-0.010178964790724852,alpha,0
0.35299235582351685,0.35881155729293823,0.005819201469421387,2.236124528420932,0.009075649343979196,alpha,0
0.23375296592712402,0.23222148418426514,-0.0015314817428588867,0.768713780208452,-0.0019946921036618835,ductal,0
0.3344045877456665,0.31898707151412964,-0.015417516231536865,2.187254902595788,-0.022639094775800204,alpha,0
0.3066902756690979,0.29492467641830444,-0.011765599250793457,0.7628088701059967,-0.016687010390642614,beta,0
0.2773910164833069,0.28019869327545166,0.0028076767921447754,1.6662638061467612,0.003900627528617713,alpha,0
0.35909146070480347,0.3672459125518799,0.008154451847076416,2.5818112682384267,0.01288723693585781,beta,0
0.33389776945114136,0.33508163690567017,0.0011838674545288086,1.7451710984963678,0.0017804703858973693,beta,0
0.2645843029022217,0.2621636390686035,-0.002420663833618164,1.9726468018575631,-0.0032807597480862503,alpha,0
0.3507078289985657,0.3441404104232788,-0.006567418575286865,1.2938484916883435,-0.010013452085873056,beta,0
0.3427739143371582,0.33483099937438965,-0.007942914962768555,1.0208584477028144,-0.011941198335006618,delta,0
0.27095937728881836,0.28157007694244385,0.010610699653625488,1.0122697480006586,0.0147692896872496,alpha,0
0.33648741245269775,0.33884912729263306,0.0023617148399353027,0.5789571401653857,0.0035721269341508154,activated_stellate,0
0.3250788450241089,0.34558945894241333,0.020510613918304443,1.5163942370228587,0.03134212032275249,alpha,0
0.26683276891708374,0.273928165435791,0.007095396518707275,1.0514629342812023,0.00977230651422522,activated_stellate,0
0.29726171493530273,0.29137951135635376,-0.005882203578948975,3.1637454164099337,-0.008300922247122661,alpha,0
0.33055025339126587,0.30002814531326294,-0.03052210807800293,1.5897256734898364,-0.043604764782524986,beta,0
0.28719401359558105,0.2884419560432434,0.0012479424476623535,1.366866352538357,0.0017538167943727083,alpha,0
0.24296879768371582,0.23814451694488525,-0.004824280738830566,0.9711526513686897,-0.0063322780318975065,ductal,0
0.29086732864379883,0.2928997278213501,0.0020323991775512695,1.2904764555644332,0.0028742729390970746,beta,0
0.30762290954589844,0.30937886238098145,0.0017559528350830078,1.3079296076306173,0.0025425703608447617,beta,0
0.30825531482696533,0.3027256727218628,-0.005529642105102539,1.4422185266395193,-0.007930368133139095,alpha,0
0.2799624800682068,0.2781935930252075,-0.0017688870429992676,0.9854166657423604,-0.002450639154635603,acinar,0
0.3051835298538208,0.2997899055480957,-0.005393624305725098,2.0765277352078044,-0.007702865680545502,alpha,0
0.23253047466278076,0.24693268537521362,0.014402210712432861,1.149457191758408,0.019124732188926193,endothelial,0
0.3292539715766907,0.3331105709075928,0.0038565993309020996,1.4432779779908518,0.005782966654833139,beta,0
0.33826297521591187,0.34558987617492676,0.007326900959014893,1.3117578583607983,0.011196191336693632,alpha,0
0.3140237331390381,0.31041598320007324,-0.0036077499389648438,1.0285054965968379,-0.0052317772034608835,alpha,0
0.32002317905426025,0.3105219602584839,-0.009501218795776367,1.743200322529278,-0.013780306620553651,alpha,0
0.3322877883911133,0.3431553244590759,0.010867536067962646,1.0625789971829578,0.01654506228434146,beta,0
0.2493290901184082,0.24855172634124756,-0.0007773637771606445,1.9307812488976095,-0.001034487408395672,ductal,0
0.23085284233093262,0.2336941957473755,0.002841353416442871,1.3633937944468175,0.0037078584041445877,acinar,0
0.21167206764221191,0.20609354972839355,-0.005578517913818359,1.1651961851898425,-0.007026669089172749,acinar,0
0.3088826537132263,0.31540799140930176,0.0065253376960754395,1.2014641415432608,0.009531717598498565,alpha,0
0.2293689250946045,0.24167907238006592,0.012310147285461426,0.739961896512543,0.01623342682114557,endothelial,0
0.24096250534057617,0.24746954441070557,0.0065070390701293945,1.6036841067960141,0.00864687803902081,ductal,0
0.3699802756309509,0.3779478669166565,0.007967591285705566,4.733724055807285,0.012808558739622642,acinar,0
0.3516222834587097,0.33842146396636963,-0.013200819492340088,0.5869742886328978,-0.019953518400828294,beta,0
0.32901525497436523,0.3326084613800049,0.0035932064056396484,1.8414758242862541,0.005383955590850812,beta,0
0.31339287757873535,0.3249291181564331,0.011536240577697754,2.0753747626498424,0.017088932270627886,beta,0
0.21514344215393066,0.21227812767028809,-0.002865314483642578,1.852444087340872,-0.0036374697520691174,ductal,0
0.3189625144004822,0.30626189708709717,-0.01270061731338501,1.1472637470097753,-0.01830751008205692,alpha,0
0.30642086267471313,0.3055726885795593,-0.0008481740951538086,2.0116906408152775,-0.0012214008308787296,alpha,0
0.21202754974365234,0.2063063383102417,-0.0057212114334106445,1.1166029990797668,-0.00720833705693239,acinar,0
0.3344429135322571,0.3566252589225769,0.022182345390319824,0.9654634100787168,0.03447811046043292,gamma,0
0.2980496287345886,0.2855722904205322,-0.012477338314056396,0.9831453847978662,-0.01746480175216175,alpha,0
0.3026238679885864,0.29897183179855347,-0.003652036190032959,0.9726977274245878,-0.005209542719806253,alpha,0
0.21379315853118896,0.20738589763641357,-0.006407260894775391,0.715730917133118,-0.008083707917470618,acinar,0
0.3100942373275757,0.3161659836769104,0.006071746349334717,2.1287175851422577,0.008878976775653717,alpha,0
0.34492701292037964,0.3371657133102417,-0.0077612996101379395,0.7878916854948603,-0.011709260920853119,alpha,0
0.3170238137245178,0.32342612743377686,0.006402313709259033,1.4604510619850761,0.009462845032686913,alpha,0
0.32455480098724365,0.3299574851989746,0.005402684211730957,1.9073388242611553,0.008063196129181934,beta,0
0.3263159990310669,0.33697474002838135,0.010658740997314453,1.2330785877279042,0.016075919939718,beta,0
0.3060520887374878,0.3151053786277771,0.009053289890289307,1.5941019970190364,0.013218515093826488,beta,0
0.22302019596099854,0.22388756275177002,0.0008673667907714844,0.7899604522053392,0.001117578780011314,acinar,0
0.34081894159317017,0.3387554883956909,-0.002063453197479248,2.400631122651942,-0.003120560036820427,alpha,0
0.3415580987930298,0.34209978580474854,0.00054168701171875,0.832223256160287,0.0008233574028872231,beta,0
0.3336906433105469,0.3154759407043457,-0.018214702606201172,2.060702212407367,-0.02660929496757691,acinar,0
0.2806636691093445,0.2817862033843994,0.0011225342750549316,0.7664518366586202,0.0015629528148088888,alpha,0
0.3002249598503113,0.27970123291015625,-0.02052372694015503,1.1767640272616797,-0.028493352866721038,ductal,0
0.36595696210861206,0.36737358570098877,0.001416623592376709,0.919338281161741,0.002239273543369849,alpha,0
0.2901378870010376,0.27993810176849365,-0.010199785232543945,1.1549516208463289,-0.014165150603850759,alpha,0
0.35157310962677,0.3399696350097656,-0.011603474617004395,0.9838827194595418,-0.01758021332424013,alpha,0
0.3259882926940918,0.3218899965286255,-0.004098296165466309,0.896620261979722,-0.0060437040369355245,beta,0
0.2261033058166504,0.2303486466407776,0.004245340824127197,1.396407356643937,0.0055159271865085025,acinar,0
0.38637852668762207,0.3844810128211975,-0.0018975138664245605,1.0870346803158004,-0.003082786893580182,beta,0
0.3297744393348694,0.319025456905365,-0.010748982429504395,0.9932433853252315,-0.01578470522650743,beta,0
0.2875862717628479,0.282512903213501,-0.005073368549346924,1.1285143031077105,-0.007071024095164452,alpha,0
0.23142904043197632,0.234563410282135,0.0031343698501586914,1.743632088015059,0.004094878520654467,acinar,0
0.2228376865386963,0.22227513790130615,-0.0005625486373901367,1.3207541654650679,-0.000723326030586314,activated_stellate,0
0.3371901512145996,0.32969504594802856,-0.007495105266571045,0.89532130224441,-0.011181634898061517,alpha,0
0.3096667528152466,0.30507636070251465,-0.004590392112731934,1.29675214478904,-0.006605606505734168,alpha,0
0.33990782499313354,0.32399237155914307,-0.01591545343399048,0.7730046190457812,-0.023543304490065975,alpha,0
0.26567214727401733,0.2638235092163086,-0.0018486380577087402,1.7667430872842804,-0.002511134328319539,alpha,0
0.29440760612487793,0.2751726508140564,-0.019234955310821533,1.2653921924514056,-0.026537292408218848,ductal,0
0.30530035495758057,0.29722750186920166,-0.008072853088378906,2.2632743732459994,-0.011487149980755802,alpha,0
0.22632133960723877,0.2182164192199707,-0.008104920387268066,0.7953893537006427,-0.01036721745829112,acinar,0
0.3478679060935974,0.3440852165222168,-0.0037826895713806152,2.62641731475544,-0.005767044236027256,alpha,0
0.3280004858970642,0.3376893997192383,0.009688913822174072,1.9026938381251477,0.014628957800262929,beta,0
0.3304809331893921,0.3318730592727661,0.0013921260833740234,1.0780789064173675,0.0020836251294682724,alpha,0
0.32616329193115234,0.3300513029098511,0.0038880109786987305,1.4653458939460968,0.00580344583933948,alpha,0
0.3152056336402893,0.310910165309906,-0.004295468330383301,1.5744338332833663,-0.006233538958407523,alpha,0
0.2666376233100891,0.2610650658607483,-0.00557255744934082,1.539236696408127,-0.00754133712169396,alpha,0
0.21222293376922607,0.2001105546951294,-0.01211237907409668,2.088166202044181,-0.015142566444891838,acinar,0
0.3139649033546448,0.3111252188682556,-0.00283968448638916,0.7866504826523099,-0.004122207060220546,beta,0
0.318389356136322,0.31161338090896606,-0.006775975227355957,1.7992873666238176,-0.009843269812976835,alpha,0
0.229383647441864,0.23074239492416382,0.0013587474822998047,1.0565739498077626,0.0017663101064380826,acinar,0
0.2647700905799866,0.2642943859100342,-0.0004757046699523926,1.4848556274677815,-0.0006465964930019156,alpha,0
0.2801741361618042,0.2803848385810852,0.00021070241928100586,1.315920708478858,0.0002927987493559049,acinar,0
0.28241485357284546,0.2790266275405884,-0.00338822603225708,1.1978360485453394,-0.00469951618420946,alpha,0
0.29452019929885864,0.2792675495147705,-0.015252649784088135,1.141855258488827,-0.021162707151342174,alpha,0
0.2545092701911926,0.25075089931488037,-0.003758370876312256,1.1062509191744685,-0.005016183366620754,ductal,0
0.3071942925453186,0.3087875247001648,0.0015932321548461914,1.0700976771275639,0.0023049817701207963,beta,0
0.2959507703781128,0.28884947299957275,-0.007101297378540039,1.6662196347610447,-0.009985645948253333,beta,0
0.22900670766830444,0.22350186109542847,-0.0055048465728759766,1.1130126990965403,-0.007089323588903669,acinar,0
0.2981182336807251,0.2877161502838135,-0.010402083396911621,1.7288859993609784,-0.014603845645322983,alpha,0
0.3160565495491028,0.3048771619796753,-0.01117938756942749,0.7586769860772257,-0.016082607214094463,activated_stellate,0
0.31923454999923706,0.3334394693374634,0.014204919338226318,1.0439074990616994,0.021310771767579985,alpha,0
0.3379151225090027,0.3292795419692993,-0.00863558053970337,1.1300534304615084,-0.01287508146845298,alpha,0
0.2929230332374573,0.2889595031738281,-0.00396353006362915,1.182450761994732,-0.005574267684218997,alpha,0
0.357077419757843,0.36025553941726685,0.003178119659423828,1.386762512142036,0.004967795510927799,beta,0
0.29668205976486206,0.3008350729942322,0.004153013229370117,0.8858522101624169,0.005939962187685448,beta,0
0.3407438397407532,0.35427719354629517,0.013533353805541992,1.1282208057532765,0.020958457205293504,gamma,0
0.29239749908447266,0.2906029224395752,-0.001794576644897461,1.279571953356274,-0.002529720944254388,alpha,0
0.3291229009628296,0.3332887887954712,0.0041658878326416016,1.2118417772992305,0.006248414249874704,beta,0
0.3894026279449463,0.40548694133758545,0.01608431339263916,0.5466435132584122,0.027054600665672508,activated_stellate,0
0.23776757717132568,0.23882335424423218,0.0010557770729064941,1.1607868183470804,0.0013870329296010117,acinar,0
0.3069150447845459,0.30499184131622314,-0.001923203468322754,0.8553425373343124,-0.0027671667509126265,ductal,0
0.36557626724243164,0.3596045970916748,-0.005971670150756836,1.4052594549396615,-0.009324973483002503,alpha,0
0.3620271682739258,0.3563058376312256,-0.005721330642700195,1.2477466244773083,-0.008888274862779363,alpha,0
0.3288416266441345,0.3201092481613159,-0.008732378482818604,1.9536095889840683,-0.012843796535256465,beta,0
0.24403631687164307,0.2385767102241516,-0.005459606647491455,0.9656514324822628,-0.007170264845850304,ductal,0
0.31704258918762207,0.3206525444984436,0.003609955310821533,1.5787252285875564,0.005313857116247435,beta,0
0.3482432961463928,0.34802430868148804,-0.00021898746490478516,1.0372591615906936,-0.00033588286775220036,delta,0
0.33109843730926514,0.34088313579559326,0.009784698486328125,0.8073174010823918,0.014845164822385236,ductal,0
0.23340058326721191,0.22877371311187744,-0.004626870155334473,1.3129625765647968,-0.00599936780423262,acinar,0
0.2886577248573303,0.2958831787109375,0.007225453853607178,1.7346441891404236,0.010261725945389533,ductal,0
0.24727487564086914,0.2499489188194275,0.0026740431785583496,0.5627877956891045,0.0035651480887800785,acinar,0
0.28325849771499634,0.29780709743499756,0.01454859972000122,2.7937268677968166,0.02071880770491617,alpha,0
0.25954926013946533,0.26137059926986694,0.0018213391304016113,2.368985999220995,0.002465836221251446,ductal,0
0.3706660270690918,0.3745095729827881,0.003843545913696289,1.2649302114846683,0.006144851699849476,alpha,0
0.3291844129562378,0.33715522289276123,0.007970809936523438,1.4448587632866394,0.012025153115499128,beta,0
0.3335762023925781,0.3308439254760742,-0.0027322769165039062,1.6176305220669909,-0.004083168367630522,beta,0
0.36146408319473267,0.410003125667572,0.048539042472839355,3.4598692075790205,0.08226999935848898,alpha,0
0.29298388957977295,0.28821873664855957,-0.004765152931213379,1.480262042984869,-0.006694687225646449,alpha,0
0.3070322275161743,0.29835039377212524,-0.008681833744049072,0.842417442748794,-0.012373460580592806,alpha,0
0.226371169090271,0.2246953248977661,-0.0016758441925048828,0.605543570374886,-0.002161529842811668,endothelial,0
0.2929607033729553,0.28095388412475586,-0.012006819248199463,0.6506838638464231,-0.016698260352306343,acinar,0
0.2750527262687683,0.2773584723472595,0.002305746078491211,0.9960348653629271,0.003190719036007599,ductal,0
0.32951170206069946,0.32432758808135986,-0.0051841139793396,0.8343261421805002,-0.007672525750487257,alpha,0
0.3497201204299927,0.3598018288612366,0.010081708431243896,1.9658739389230444,0.015747793239257284,beta,0
0.22249573469161987,0.2235260009765625,0.001030266284942627,0.9914782669853982,0.001326852265804626,ductal,0
0.3525571823120117,0.34207218885421753,-0.01048499345779419,1.64385547060361,-0.015936388886699522,alpha,0
0.34614795446395874,0.33568358421325684,-0.010464370250701904,1.1508581242744955,-0.015752087412003898,alpha,0
0.35256266593933105,0.34877490997314453,-0.0037877559661865234,2.0187554101283385,-0.005816354474349756,beta,0
0.3360271453857422,0.3308714032173157,-0.005155742168426514,1.2010622159125803,-0.007705158908491495,alpha,0
0.23934119939804077,0.23619818687438965,-0.003143012523651123,0.8856858394901288,-0.00411495818632502,ductal,0
0.3003438711166382,0.2879633903503418,-0.012380480766296387,0.8216915026695522,-0.017387421655731896,beta,0
0.32007527351379395,0.3144798278808594,-0.00559544563293457,0.8389487764023081,-0.008162335494282295,ductal,0
0.27708715200424194,0.27582991123199463,-0.0012572407722473145,1.3686649031525202,-0.0017361125400611281,ductal,0
0.2516295909881592,0.2734330892562866,0.02180349826812744,2.216415348978466,0.030008933720652647,ductal,0
0.280354380607605,0.2814955711364746,0.001141190528869629,1.309153493752409,0.0015882860049654468,alpha,0
0.3542935848236084,0.3589177131652832,0.004624128341674805,1.6657790386449258,0.007213002818259106,alpha,0
0.3839913010597229,0.3864259123802185,0.0024346113204956055,1.7302848549483634,0.0039679174359206005,alpha,0
0.32888126373291016,0.32780712842941284,-0.0010741353034973145,1.1118639666168064,-0.0015979569985435634,beta,0
0.22405791282653809,0.22021162509918213,-0.003846287727355957,1.3168665737772538,-0.004932476363019865,ductal,0
0.30900996923446655,0.2989996075630188,-0.010010361671447754,1.1610028215637627,-0.014280108512703392,alpha,0
0.27689796686172485,0.2728290557861328,-0.004068911075592041,0.7257890490996505,-0.005595535833724593,endothelial,0
0.32964324951171875,0.3325650691986084,0.0029218196868896484,1.2074954601749714,0.004377684703108674,alpha,0
0.298439621925354,0.3320155739784241,0.03357595205307007,1.6021898723757655,0.050264573162347295,quiescent_stellate,0
0.3950929045677185,0.3897310495376587,-0.0053618550300598145,1.6473557571445905,-0.008786052487182347,beta,0
0.35862618684768677,0.3535357117652893,-0.005090475082397461,1.700569417156413,-0.007874333006542306,delta,0
0.3008653521537781,0.292773962020874,-0.008091390132904053,1.255391605913621,-0.011441024083367916,alpha,0
0.2645193338394165,0.2510983347892761,-0.01342099905014038,0.9967552348468112,-0.017920909611496214,acinar,0
0.32851654291152954,0.3245677351951599,-0.003948807716369629,1.310998555680681,-0.005846341553598421,alpha,0
0.3358333706855774,0.32061582803726196,-0.01521754264831543,1.2357787566869103,-0.022399024405222765,beta,0
0.3722603917121887,0.3773075342178345,0.005047142505645752,1.9061547217331063,0.008105353417607236,beta,0
0.3540008068084717,0.3541499376296997,0.00014913082122802734,0.7237746253806147,0.00023090625815024338,alpha,0
0.2857465147972107,0.3071550726890564,0.021408557891845703,1.2157808207429774,0.030899494313880865,quiescent_stellate,0
0.2864728569984436,0.2853429913520813,-0.0011298656463623047,0.8548631333943858,-0.001580990087118759,alpha,0
0.37391066551208496,0.3727215528488159,-0.001189112663269043,1.2234455621579228,-0.0018956695685456062,beta,0
0.31094270944595337,0.31007540225982666,-0.000867307186126709,1.0427116252448567,-0.0012571043110617404,alpha,0
0.2613491415977478,0.28107160329818726,0.019722461700439453,1.1288932865483436,0.027433137696214364,quiescent_stellate,0
0.20980209112167358,0.20591771602630615,-0.0038843750953674316,1.1613667887095311,-0.004891653136913595,acinar,0
0.29976439476013184,0.29936128854751587,-0.0004031062126159668,2.402176843461189,-0.0005753410509965872,alpha,0
0.3109810948371887,0.3159220218658447,0.004940927028656006,1.5118699683892598,0.007222754110770447,alpha,0
0.3568938970565796,0.34516721963882446,-0.011726677417755127,1.4996088431742778,-0.017907896136914882,beta,0
0.2510090470314026,0.2525341510772705,0.00152510404586792,1.5905990010850568,0.002040366189393062,acinar,0
0.3411557078361511,0.35806113481521606,0.01690542697906494,2.1183514973493924,0.02633494853781546,delta,0
0.21800357103347778,0.216880202293396,-0.0011233687400817871,1.3326849137063634,-0.0014344787903097522,acinar,0
0.3624914288520813,0.3387603163719177,-0.023731112480163574,0.8908066785537052,-0.03588882075249322,alpha,0
0.39081764221191406,0.3829224109649658,-0.007895231246948242,1.0130382130193123,-0.012794551912498633,alpha,0
0.21266299486160278,0.21088743209838867,-0.0017755627632141113,0.7410364910286151,-0.0022500753826993833,ductal,0
0.3742629289627075,0.3608359694480896,-0.01342695951461792,1.7892391218124564,-0.021007063715747433,gamma,0
0.2790844440460205,0.27771639823913574,-0.0013680458068847656,0.5891714729708665,-0.001894056300807037,endothelial,0
0.33826303482055664,0.3333495855331421,-0.004913449287414551,1.1610553411892355,-0.007370353607811069,beta,0
0.32641470432281494,0.3164835572242737,-0.00993114709854126,1.0999507842870917,-0.014529492601833198,alpha,0
0.32337403297424316,0.3102262616157532,-0.01314777135848999,1.7139028036866615,-0.019060991491627165,alpha,0
0.2516913414001465,0.24743902683258057,-0.004252314567565918,1.358418870375164,-0.0056504585265278184,ductal,0
0.36295318603515625,0.3666014075279236,0.003648221492767334,0.6812737526628473,0.005759756235846336,alpha,0
0.33172523975372314,0.32820242643356323,-0.003522813320159912,1.2745442003180363,-0.005243861333791387,alpha,0
0.29910850524902344,0.289623498916626,-0.009485006332397461,1.021806385670956,-0.01335208346268797,alpha,0
0.38709014654159546,0.4025031328201294,0.015412986278533936,0.9147190594421972,0.025795928188346477,beta,0
0.2344074249267578,0.225799560546875,-0.008607864379882812,0.7117397223910346,-0.01111839252631164,acinar,0
0.3288348913192749,0.3167300224304199,-0.01210486888885498,1.315997271499392,-0.017716084836498315,alpha,0
0.30994153022766113,0.29901552200317383,-0.010926008224487305,1.1228963000586485,-0.015586662140808165,beta,0
0.30022889375686646,0.29859787225723267,-0.001631021499633789,2.187572952734248,-0.0023253728996840894,alpha,0
0.40115612745285034,0.4023962616920471,0.0012401342391967773,0.6696298951806648,0.0020751781819639825,alpha,0
0.38937050104141235,0.38663583993911743,-0.002734661102294922,0.874447332255212,-0.004458462493184276,alpha,0
0.2872183322906494,0.2788316011428833,-0.008386731147766113,1.0284883328477148,-0.011629365847223924,ductal,0
0.4016343355178833,0.3837904930114746,-0.01784384250640869,0.578857667663703,-0.028957428121505705,delta,0
0.3066074848175049,0.3028116226196289,-0.0037958621978759766,1.6577555863541773,-0.005444528797422903,alpha,0
0.29053795337677,0.29368042945861816,0.0031424760818481445,1.2126253865312218,0.004449085389832099,alpha,0
0.4895085096359253,0.4596923589706421,-0.029816150665283203,0.9861657548694386,-0.055183655386548805,alpha,0
0.26033467054367065,0.24798548221588135,-0.012349188327789307,0.9743958224793811,-0.016421475963226545,acinar,0
0.27175605297088623,0.26741862297058105,-0.004337430000305176,1.0145268006845007,-0.005920748378689667,ductal,0
0.25932031869888306,0.2545888423919678,-0.004731476306915283,1.6862318499795181,-0.006347471806161624,ductal,0
0.3475538492202759,0.3356226682662964,-0.011931180953979492,1.2851298232142225,-0.017958440759628085,alpha,0
0.2953139543533325,0.28496551513671875,-0.01034843921661377,0.6947216409598288,-0.01447264353773434,alpha,0
0.28392207622528076,0.2928534746170044,0.008931398391723633,0.9167008501021209,0.012630194833929678,alpha,0
0.2488524317741394,0.23958855867385864,-0.009263873100280762,1.532783102039896,-0.012182711354427762,acinar,0
0.3991212844848633,0.3977806568145752,-0.001340627670288086,0.8201657810449445,-0.0022261451503647624,beta,0
0.37641388177871704,0.3616924285888672,-0.014721453189849854,0.9259283496291734,-0.023063259546341478,alpha,0
0.357602596282959,0.36239415407180786,0.004791557788848877,1.1499243716967937,0.007514921356898141,gamma,0
0.2513046860694885,0.23692822456359863,-0.014376461505889893,0.7256179277150256,-0.01884024801948412,acinar,0
0.28820425271987915,0.2849254608154297,-0.003278791904449463,0.9818465785926276,-0.004585244928715274,alpha,0
0.36452943086624146,0.35935908555984497,-0.005170345306396484,1.1748623725760599,-0.008070582427466031,gamma,0
0.3245275020599365,0.3244892358779907,-3.826618194580078e-05,1.2645874157448762,-5.664777525127524e-05,gamma,0
0.45140600204467773,0.4376184344291687,-0.013787567615509033,1.0009595570038465,-0.024516393245419252,beta,0
0.30303508043289185,0.30372726917266846,0.0006921887397766113,1.356131913627397,0.000994134495191464,beta,0
0.3557092547416687,0.34614402055740356,-0.009565234184265137,1.1770281248941956,-0.014628961858572239,alpha,0
0.3238711357116699,0.32696592807769775,0.003094792366027832,1.5799486037330133,0.004598269976419719,beta,0
0.3460434675216675,0.34998953342437744,0.003946065902709961,1.2289513724240035,0.006070772865394889,beta,0
0.28456205129623413,0.28419166803359985,-0.00037038326263427734,0.9693472045712417,-0.0005174335727788972,acinar,0
0.25688374042510986,0.25205761194229126,-0.0048261284828186035,1.0766211526623541,-0.006452540409364037,acinar,0
0.23652350902557373,0.23092597723007202,-0.005597531795501709,0.9621438206542808,-0.0072782744310377475,acinar,0
0.32453715801239014,0.3464886546134949,0.021951496601104736,1.2406773964375608,0.03359007728951056,quiescent_stellate,0
0.3165245056152344,0.31602221727371216,-0.0005022883415222168,0.826980197540266,-0.000734363533739547,quiescent_stellate,0
0.24635493755340576,0.23740196228027344,-0.008952975273132324,1.173894356828644,-0.011740097443606014,ductal,0
0.3950936794281006,0.3834760785102844,-0.011617600917816162,1.4157254501856398,-0.018843714757643768,beta,0
0.3221803903579712,0.3261857032775879,0.004005312919616699,2.504224799765902,0.005944238552223459,alpha,0
0.3956473469734192,0.39150506258010864,-0.004142284393310547,1.3886704182730898,-0.00680742622259841,beta,0
0.35381340980529785,0.352256178855896,-0.0015572309494018555,1.117737097936344,-0.002404084606552221,alpha,0
0.3276798725128174,0.3232121467590332,-0.00446772575378418,1.1489790338187522,-0.006601368113197311,ductal,0
0.29182499647140503,0.28917503356933594,-0.002649962902069092,1.5989047990074863,-0.003728010448726377,alpha,0
0.3838755488395691,0.40198254585266113,0.01810699701309204,2.3891857570443227,0.03027837546800241,alpha,0
0.33900541067123413,0.33495795726776123,-0.0040474534034729,1.3214659097821262,-0.006086011324704321,alpha,0
0.32437580823898315,0.33165109157562256,0.007275283336639404,0.9053517924868926,0.010885457049358808,alpha,0
0.3439186215400696,0.3437504768371582,-0.00016814470291137695,1.0732982480467612,-0.00025622068584673627,alpha,0
0.42708802223205566,0.41161203384399414,-0.015475988388061523,1.666677603092721,-0.026302353681989143,beta,0
0.4029129147529602,0.3960126042366028,-0.006900310516357422,0.8239234770092098,-0.011424593567281182,beta,0
0.4286249279975891,0.4145054817199707,-0.014119446277618408,1.452540817683925,-0.02411542010520649,beta,0
0.29094386100769043,0.2860757112503052,-0.004868149757385254,1.3051694790002095,-0.0068188599745092155,acinar,0
0.35544854402542114,0.3566220998764038,0.001173555850982666,1.1521288902370386,0.001824053718284728,alpha,0
0.4393118619918823,0.4117808938026428,-0.027530968189239502,1.0934163429149082,-0.046803933940905366,beta,0
0.36425167322158813,0.3693447709083557,0.005093097686767578,1.3326320061610384,0.008075882751504894,beta,0
0.3790583610534668,0.3874393105506897,0.0083809494972229,1.1590237788837938,0.013681827191289964,beta,0
0.35550493001937866,0.35933804512023926,0.0038331151008605957,1.778614405725517,0.005983054045374044,beta,0
0.4492422342300415,0.44786155223846436,-0.0013806819915771484,1.513509010215752,-0.002500608311510765,gamma,0
0.24301201105117798,0.24365830421447754,0.0006462931632995605,1.009698425413074,0.000854498921454188,endothelial,0
0.3558999300003052,0.36729294061660767,0.01139301061630249,0.9924837731884598,0.0180067701906244,quiescent_stellate,0
0.31642359495162964,0.3247520327568054,0.008328437805175781,1.172347966270556,0.012333895412048304,alpha,0
0.29922914505004883,0.29379522800445557,-0.005433917045593262,1.3395357367097038,-0.007694534589788279,alpha,0
0.3502408266067505,0.3487948179244995,-0.0014460086822509766,1.2979857598646132,-0.0022205116329730417,beta,0
0.4004082679748535,0.4090137481689453,0.008605480194091797,2.0327830488768237,0.014561218924178708,beta,0
0.3564901351928711,0.3626624345779419,0.006172299385070801,0.8188085257898945,0.009684505856772111,beta,0
0.29337644577026367,0.2904437780380249,-0.0029326677322387695,1.8288042356136647,-0.004133101284250215,ductal,0
0.3007892370223999,0.2894296646118164,-0.011359572410583496,1.2100681840546463,-0.015986555932394474,ductal,0
0.3729593753814697,0.3519880771636963,-0.020971298217773438,0.7540174997265815,-0.03236251908141367,beta,0
0.5272598266601562,0.5403107404708862,0.01305091381072998,1.336585592185415,0.028390730347058326,quiescent_stellate,0
0.3307880163192749,0.31746554374694824,-0.01332247257232666,0.9498109255542134,-0.019519120903380902,alpha,0
0.34324151277542114,0.33881551027297974,-0.004426002502441406,1.0195758167042592,-0.006694050709309207,alpha,0
0.3565722107887268,0.3461167812347412,-0.010455429553985596,1.0404935144246195,-0.015989750545561943,alpha,0
0.36118799448013306,0.3660552501678467,0.004867255687713623,0.6647989548002837,0.007677728522875699,activated_stellate,0
0.2763720750808716,0.2611711025238037,-0.015200972557067871,1.9243438761938865,-0.020574415279361238,acinar,0
0.3767523169517517,0.3858325481414795,0.009080231189727783,0.7946969153891005,0.014784618042278645,beta,0
0.3060671091079712,0.3007091283798218,-0.005357980728149414,1.4393766650377051,-0.0076620201200904795,alpha,0
0.37179601192474365,0.36197155714035034,-0.00982445478439331,1.2999933755115198,-0.015398145481351912,alpha,0
0.34536486864089966,0.3190654516220093,-0.02629941701889038,1.1312606526120428,-0.03862253293144912,ductal,0
0.32149970531463623,0.31887030601501465,-0.002629399299621582,1.4313556172683581,-0.0038603504190782554,alpha,0
0.33238816261291504,0.3127216696739197,-0.01966649293899536,1.6418336814581647,-0.02861503421716288,beta,0
0.34070801734924316,0.33665144443511963,-0.004056572914123535,1.5673933739127315,-0.006115296219600756,alpha,0
0.3827570080757141,0.37541764974594116,-0.007339358329772949,0.727506173368317,-0.011750825694622252,beta,0
0.27177250385284424,0.2777777910232544,0.006005287170410156,0.5017613043090579,0.008315013157679726,endothelial,0
0.28724491596221924,0.28257930278778076,-0.0046656131744384766,1.1605458683895302,-0.006503315547722967,ductal,0
0.2883761525154114,0.2957856059074402,0.007409453392028809,0.7457060830763597,0.0105215875366713,endothelial,0
0.3188902735710144,0.3194041848182678,0.000513911247253418,2.535346318035473,0.000755090225049641,beta,0
0.33402228355407715,0.3146730065345764,-0.019349277019500732,0.7435146284737654,-0.028233642048242115,quiescent_stellate,0
0.28942036628723145,0.2923574447631836,0.0029370784759521484,0.6604528911641376,0.00415051137642399,endothelial,0
0.331734836101532,0.32965898513793945,-0.0020758509635925293,1.310508089630182,-0.0030967088654417,alpha,0
0.3467956781387329,0.35122430324554443,0.0044286251068115234,2.006499699975967,0.006826126701363847,alpha,0
0.3504785895347595,0.34744566679000854,-0.0030329227447509766,2.1895064779755624,-0.004647770446687057,beta,0
0.39166581630706787,0.3813776969909668,-0.010288119316101074,1.4671433262958495,-0.016630695767124396,alpha,0
0.3593527674674988,0.36076217889785767,0.0014094114303588867,1.4306119395975139,0.002204831103279917,activated_stellate,0
0.32923227548599243,0.3463190793991089,0.017086803913116455,0.8066219386832011,0.026139364596123663,quiescent_stellate,0
0.3639042377471924,0.3593100309371948,-0.004594206809997559,0.9060529884478801,-0.007170717557382579,alpha,0
0.4231563210487366,0.3930932283401489,-0.030063092708587646,1.5367993171721885,-0.04953494360652299,beta,0
0.339472234249115,0.3340795636177063,-0.005392670631408691,0.7222143903583707,-0.008098070485274686,alpha,0
0.3033491373062134,0.30238407850265503,-0.0009650588035583496,1.394566512235687,-0.0013833669413492915,alpha,0
0.4015381932258606,0.39730679988861084,-0.004231393337249756,1.4524782321332645,-0.007020808159885849,beta,0
0.4636566638946533,0.4565626382827759,-0.007094025611877441,0.4773892916118041,-0.013053989496527835,activated_stellate,0
0.35565805435180664,0.34632372856140137,-0.009334325790405273,1.8359459902395527,-0.014279737843110723,beta,0
0.36150282621383667,0.3512280583381653,-0.010274767875671387,1.0046317987831472,-0.01583725684768747,alpha,0
0.41373294591903687,0.4021068811416626,-0.011626064777374268,1.3752318972155073,-0.019445055329577902,beta,0
0.4415014982223511,0.4313510060310364,-0.010150492191314697,1.3275548608485819,-0.017850189306531514,delta,0
0.4075959324836731,0.42197185754776,0.014375925064086914,1.3171462874521498,0.024870631736195675,quiescent_stellate,0
0.323783814907074,0.3244921565055847,0.0007083415985107422,1.386210051226846,0.0010486060307552867,alpha,0
0.37973982095718384,0.38036006689071655,0.0006202459335327148,0.9784716304644918,0.0010009779880073102,beta,0
0.3729363679885864,0.37585169076919556,0.002915322780609131,1.8231294499111323,0.004670881483604357,beta,0
0.368269145488739,0.3523019552230835,-0.015967190265655518,0.8981998605182583,-0.024652213163859432,alpha,0
0.45580625534057617,0.46511614322662354,0.009309887886047363,1.8273335460978692,0.017405438149149164,beta,0
0.37824589014053345,0.3744499087333679,-0.0037959814071655273,0.8300428875223919,-0.006068229323537166,alpha,0
0.3755980134010315,0.37523025274276733,-0.00036776065826416016,1.7220898572999004,-0.0005886339085377389,beta,0
0.4151025414466858,0.410003125667572,-0.0050994157791137695,1.5710981202147167,-0.008643123380752953,delta,0
0.31991255283355713,0.3182453513145447,-0.0016672015190124512,1.0847520051555104,-0.002445456766927975,ductal,0
0.37086236476898193,0.365353524684906,-0.005508840084075928,1.791921374334904,-0.00868017124232961,alpha,0
0.40760135650634766,0.4136074185371399,0.006006062030792236,1.6267099701907477,0.010242390883951928,beta,0
0.32266950607299805,0.315524160861969,-0.007145345211029053,1.0935330136368009,-0.010439148911417057,endothelial,0
0.3941424489021301,0.3921046257019043,-0.00203782320022583,0.931795273574787,-0.003352259757822299,beta,0
0.392206609249115,0.375274658203125,-0.01693195104598999,1.4514340294243246,-0.027103032185775,beta,0
0.319838285446167,0.33213698863983154,0.01229870319366455,1.8614993293067743,0.018415008743510194,alpha,0
0.3681325316429138,0.36433273553848267,-0.0037997961044311523,1.0904993520274784,-0.005977649498200939,alpha,0
0.3631170988082886,0.34791839122772217,-0.015198707580566406,0.6210035198945238,-0.02330798381077199,alpha,0
0.3847031593322754,0.3634612560272217,-0.02124190330505371,0.9565984087081791,-0.03337095111049851,alpha,0
0.5125529766082764,0.47167009115219116,-0.040882885456085205,0.5871346426726543,-0.07738135731373474,schwann,1
0.36005502939224243,0.36013829708099365,8.32676887512207e-05,1.145419245896143,0.00013013388419928724,alpha,0
0.4141733646392822,0.40863996744155884,-0.005533397197723389,0.9362254879701812,-0.009357069962580792,beta,0
0.4501039981842041,0.38412559032440186,-0.06597840785980225,0.15169998840476337,-0.10712964660206503,macrophage,0
0.380435585975647,0.36414098739624023,-0.01629459857940674,1.143670780610791,-0.02562611877227702,endothelial,0
0.3047584295272827,0.2991516590118408,-0.0056067705154418945,2.34039946342939,-0.007999976867372824,ductal,0
0.37292420864105225,0.3771805763244629,0.0042563676834106445,1.3322174622552925,0.00683403169781043,beta,0
0.357607364654541,0.3482532501220703,-0.009354114532470703,0.8817774769704955,-0.014352376186337258,alpha,0
0.34057605266571045,0.33658069372177124,-0.003995358943939209,0.5807803343936069,-0.006022373642324499,alpha,0
0.27007120847702026,0.3082084059715271,0.038137197494506836,1.244407125703252,0.05512815972860344,quiescent_stellate,0
0.28079479932785034,0.28764623403549194,0.0068514347076416016,0.9686371899416586,0.009618022722691641,acinar,0
0.3195110559463501,0.3036372661590576,-0.01587378978729248,1.2035615948897196,-0.02279528902952214,ductal,0
0.3942304849624634,0.38957512378692627,-0.004655361175537109,1.8072523640251479,-0.007626427684955811,alpha,0
0.34316474199295044,0.3587164282798767,0.01555168628692627,1.0000922700032207,0.024250872738267377,beta,0
0.34041261672973633,0.3418525457382202,0.0014399290084838867,1.5623058515616177,0.002187851672387008,alpha,0
0.457907497882843,0.4675983786582947,0.00969088077545166,0.8266528510874754,0.01820219996894388,beta,0
0.4037972688674927,0.3905014991760254,-0.013295769691467285,0.6561517122391628,-0.021814277924380246,alpha,0
0.12949782609939575,0.134793221950531,0.005295395851135254,1.6716565706794313,0.006120381838747552,ductal,0
0.22918152809143066,0.2425159215927124,0.013334393501281738,1.8144823517384114,0.017603529739290493,delta,0
0.24444961547851562,0.24619239568710327,0.0017427802085876465,1.08457559048397,0.002311969524605961,delta,0
0.15456914901733398,0.15982407331466675,0.005254924297332764,0.4384882922071575,0.006254552326992419,ductal,0
0.18587630987167358,0.19061005115509033,0.004733741283416748,1.3539988576710618,0.0058485298590281835,ductal,0
0.15126752853393555,0.15555453300476074,0.004287004470825195,1.5558794392031254,0.005076709673248047,ductal,0
0.191084086894989,0.18869459629058838,-0.0023894906044006348,0.681457999620191,-0.0029452418207441,ductal,0
0.1833791732788086,0.17842310667037964,-0.004956066608428955,2.4304904584137503,-0.0060323831508252495,alpha,0
0.1641252040863037,0.18066167831420898,0.016536474227905273,1.2206987329138514,0.020182717920335314,ductal,0
0.14305734634399414,0.1384301781654358,-0.00462716817855835,0.7623837249011459,-0.00537062471466978,ductal,0
0.19655132293701172,0.194801926612854,-0.0017493963241577148,1.7001970940613367,-0.002172628551877558,alpha,0
0.2877206802368164,0.272466778755188,-0.015253901481628418,0.6915366832529799,-0.020966604735284715,ductal,0
0.17085367441177368,0.17055749893188477,-0.000296175479888916,1.207546934906694,-0.0003570777715242658,ductal,0
0.15963244438171387,0.16240817308425903,0.002775728702545166,0.6645219636928458,0.003313939574561292,ductal,0
0.27451008558273315,0.2787354588508606,0.004225373268127441,1.1256151465552815,0.005858285035606291,delta,0
0.15265583992004395,0.14828139543533325,-0.004374444484710693,0.5172824345612097,-0.005136020818691138,activated_stellate,0
0.17545902729034424,0.17246133089065552,-0.0029976963996887207,0.9127497619050327,-0.003622424560431784,beta,0
0.184045672416687,0.18401825428009033,-2.7418136596679688e-05,0.649805272664324,-3.3601409272323496e-05,ductal,0
0.178084135055542,0.16811925172805786,-0.00996488332748413,0.7051598009075853,-0.01197874015979344,ductal,0
0.19543606042861938,0.19150537252426147,-0.00393068790435791,1.043487803881928,-0.004861736579042219,beta,0
0.16090506315231323,0.15543323755264282,-0.00547182559967041,1.5011981067519764,-0.006478855009418483,beta,0
0.2520558834075928,0.23889833688735962,-0.013157546520233154,1.240419854006154,-0.017287501996019004,delta,0
0.17804664373397827,0.17771685123443604,-0.00032979249954223633,0.5320337259524943,-0.00040106926675723646,ductal,0
0.22451364994049072,0.22272038459777832,-0.0017932653427124023,1.6341287625735106,-0.0023071045569417574,delta,0
0.20720618963241577,0.20222777128219604,-0.0049784183502197266,1.3615286401408782,-0.006240400669525866,alpha,0
0.19041138887405396,0.18636202812194824,-0.004049360752105713,1.4520182537282664,-0.0049768581261748586,beta,0
0.17998439073562622,0.17804980278015137,-0.0019345879554748535,1.3730986410561923,-0.0023536559295421707,beta,0
0.27907758951187134,0.2894771099090576,0.01039952039718628,1.7030384351246572,0.014636432607899806,delta,0
0.15715372562408447,0.1739930510520935,0.016839325428009033,0.577608001347284,0.020386421021587595,ductal,0
0.16731798648834229,0.16096609830856323,-0.006351888179779053,0.9592791393937169,-0.007570478578963338,activated_stellate,0
0.16236817836761475,0.15988248586654663,-0.0024856925010681152,0.7769529009593826,-0.0029587438176812736,ductal,0
0.172843337059021,0.16851752996444702,-0.004325807094573975,0.5427778919875849,-0.005202523505262846,ductal,0
0.18131303787231445,0.1748051643371582,-0.00650787353515625,1.434386485985433,-0.007886469054218897,ductal,0
0.21070289611816406,0.20920449495315552,-0.001498401165008545,1.6563079273918733,-0.0018948023293579343,beta,0
0.24808627367019653,0.3004056215286255,0.052319347858428955,0.44613669530787825,0.07478526052874754,macrophage,0
0.19514387845993042,0.21024322509765625,0.01509934663772583,1.2558425191960338,0.019118983359899533,alpha,0
0.21723681688308716,0.21946102380752563,0.0022242069244384766,3.0488338042979337,0.0028495782943323586,beta,0
0.23218876123428345,0.23924869298934937,0.007059931755065918,1.2901485408310873,0.009280209826793078,beta,0
0.21653878688812256,0.21585077047348022,-0.000688016414642334,0.9509580607127298,-0.00087740494887404,alpha,0
0.21516793966293335,0.21982800960540771,0.004660069942474365,1.7250437803245438,0.005973131565665942,ductal,0
0.23572462797164917,0.2294963002204895,-0.006228327751159668,0.6199583217718179,-0.008083449505747973,beta,0
0.21045225858688354,0.20405703783035278,-0.006395220756530762,2.487789224726799,-0.008034772666496277,beta,0
0.21998965740203857,0.2191973328590393,-0.0007923245429992676,1.5270690196605285,-0.0010147564504364415,alpha,0
0.15652918815612793,0.15581709146499634,-0.0007120966911315918,1.2324257211296912,-0.0008435336512170869,ductal,0
0.26206284761428833,0.25098347663879395,-0.011079370975494385,0.8530921370386323,-0.014791891273340393,ductal,0
0.20527011156082153,0.19966638088226318,-0.00560373067855835,1.0489366322540936,-0.007001743453855819,beta,0
0.21920442581176758,0.22260409593582153,0.003399670124053955,1.656855850501559,0.004373151577311749,beta,0
0.2173200249671936,0.22232913970947266,0.005009114742279053,0.9823966180845861,0.006441175821359328,alpha,0
0.2360011339187622,0.21796756982803345,-0.01803356409072876,0.7669801017185875,-0.02305986733409922,beta,0
0.17378538846969604,0.18393582105636597,0.010150432586669922,1.3686792586885952,0.012438277342119457,alpha,0
0.1851368546485901,0.18249666690826416,-0.0026401877403259277,1.3593906925287804,-0.0032295742823958127,beta,0
0.2250855565071106,0.24244552850723267,0.01735997200012207,0.7494984253900036,0.022915806920014745,ductal,0
0.21320396661758423,0.22085225582122803,0.007648289203643799,1.9748186977836517,0.009816224536086103,beta,0
0.18135154247283936,0.2038944959640503,0.022542953491210938,1.2889122646498758,0.028316540178314063,ductal,0
0.23343539237976074,0.22890853881835938,-0.004526853561401367,1.416107333332224,-0.005870708974606331,alpha,0
0.2173282504081726,0.21382689476013184,-0.0035013556480407715,1.053991165705064,-0.004453670094670153,beta,0
0.3917233347892761,0.44569486379623413,0.05397152900695801,1.2398161975592086,0.09736790349190946,delta,0
0.19067102670669556,0.18899166584014893,-0.0016793608665466309,0.9890916650276299,-0.002070707285993964,beta,0
0.21479713916778564,0.21429860591888428,-0.0004985332489013672,1.8314326736257451,-0.0006345072729372028,beta,0
0.1799723505973816,0.18916857242584229,0.009196221828460693,2.2051398470635717,0.011341718532018319,ductal,0
0.20503395795822144,0.20694035291671753,0.0019063949584960938,0.8868379190602458,0.0024038481411927082,beta,0
0.17478668689727783,0.1758798360824585,0.001093149185180664,0.9190578318182788,0.0013264439253424707,ductal,0
0.2058854103088379,0.20727485418319702,0.0013894438743591309,1.6327510899412323,0.0017527435349959596,beta,0
0.17328453063964844,0.16832977533340454,-0.0049547553062438965,1.4538936339400652,-0.005957596123187151,ductal,0
0.16612040996551514,0.16780757904052734,0.001687169075012207,0.8817633647410322,0.00202737856356225,ductal,0
0.19406306743621826,0.17442381381988525,-0.019639253616333008,1.0225370152664295,-0.023788541802789283,activated_stellate,0
0.21346676349639893,0.2092355489730835,-0.00423121452331543,1.103162724462638,-0.005350790008099903,alpha,0
0.2484647035598755,0.24628126621246338,-0.0021834373474121094,1.6339181619425867,-0.0028968861320987035,alpha,0
0.3105008006095886,0.3036842346191406,-0.006816565990447998,1.603798505780928,-0.009789475306105678,delta,0
0.15134179592132568,0.16406553983688354,0.012723743915557861,0.7639879045447732,0.015220982651050262,activated_stellate,0
0.1495276689529419,0.1435760259628296,-0.005951642990112305,0.45825939620986567,-0.006949411939108085,activated_stellate,0
0.17019522190093994,0.1673668622970581,-0.002828359603881836,1.5446644730023622,-0.003396885706092217,beta,0
0.1934756636619568,0.18264657258987427,-0.01082909107208252,0.6751776668377228,-0.013248970040286839,activated_stellate,0
0.21318423748016357,0.2202533483505249,0.007069110870361328,2.0776603093513044,0.009065907311570162,alpha,0
0.23707890510559082,0.23376864194869995,-0.003310263156890869,0.5962836322160736,-0.004320187528359083,beta,0
0.18043124675750732,0.1627247929573059,-0.017706453800201416,0.8816532847854255,-0.021147710634764484,ductal,0
0.25784677267074585,0.23368549346923828,-0.02416127920150757,1.9874273505392714,-0.03152919460038654,quiescent_stellate,0
0.22001415491104126,0.21251845359802246,-0.007495701313018799,2.603089831671477,-0.009518573923753314,beta,0
0.17897361516952515,0.1833471655845642,0.0043735504150390625,1.646870823307055,0.005355458562964117,ductal,0
0.2197234034538269,0.22241747379302979,0.002694070339202881,1.4844820683564592,0.003464674485863892,beta,0
0.25442230701446533,0.24456685781478882,-0.009855449199676514,1.0738719661605423,-0.013046090579462863,beta,0
0.15257036685943604,0.14301073551177979,-0.00955963134765625,0.6546629226136111,-0.011154902101795993,activated_stellate,0
0.2756575345993042,0.2730487585067749,-0.002608776092529297,2.011358943864952,-0.0035886534661810736,delta,0
0.207050621509552,0.20189166069030762,-0.005158960819244385,1.0319032628645,-0.006463985608403144,beta,0
0.17706215381622314,0.17405474185943604,-0.0030074119567871094,1.215318642008369,-0.0036411758856242397,beta,0
0.19260656833648682,0.195514976978302,0.0029084086418151855,1.7483393012104118,0.0036152427436013834,beta,0
0.2741009593009949,0.2762313485145569,0.0021303892135620117,1.0673534832590592,0.002943467099866316,beta,0
0.26990294456481934,0.2525938153266907,-0.017309129238128662,2.8224550929610435,-0.02315893230893516,delta,0
0.21975558996200562,0.21250855922698975,-0.007247030735015869,1.525058701787078,-0.009202678733755004,beta,0
0.29277509450912476,0.28994059562683105,-0.002834498882293701,1.4197582232710786,-0.003991917950577613,delta,0
0.29007863998413086,0.2558485269546509,-0.03423011302947998,3.0021813442011083,-0.04599885140238642,alpha,0
0.17479950189590454,0.17985785007476807,0.005058348178863525,1.4537697735543735,0.0061676481074953516,ductal,0
0.215995192527771,0.20848488807678223,-0.0075103044509887695,0.7431139273283637,-0.009488516817752583,alpha,0
0.20302927494049072,0.1977267861366272,-0.005302488803863525,1.5153043836791977,-0.0066093304777423865,alpha,0
0.2643551826477051,0.26594412326812744,0.0015889406204223633,1.2658664146447447,0.002164604454222976,alpha,0
0.30981719493865967,0.2086384892463684,-0.10117870569229126,0.062233000710516795,-0.12785396347610647,macrophage,0
0.2571567893028259,0.2646409869194031,0.0074841976165771484,1.457376479109859,0.01017761050513821,delta,0
0.1759999394416809,0.1741124987602234,-0.0018874406814575195,0.9206056496488257,-0.002285348402323801,ductal,0
0.250030517578125,0.23825711011886597,-0.011773407459259033,2.1485755662851367,-0.015455881000866593,ductal,0
0.18999075889587402,0.18586760759353638,-0.0041231513023376465,0.9837553129183648,-0.005064472732930055,beta,0
0.15604841709136963,0.16242831945419312,0.006379902362823486,1.0492697248638487,0.007617141924695923,ductal,0
0.24627166986465454,0.24237596988677979,-0.003895699977874756,1.2817500314754966,-0.0051419963240772314,beta,0
0.21359819173812866,0.22017014026641846,0.006571948528289795,1.3123881124455619,0.008427413295683514,beta,0
0.20432335138320923,0.19851434230804443,-0.005809009075164795,0.6371638093571342,-0.007247801653610425,alpha,0
0.23422783613204956,0.23166894912719727,-0.002558887004852295,1.8226350446866373,-0.0033304485116740635,beta,0
0.2787274122238159,0.2748987674713135,-0.0038286447525024414,2.0282339752057474,-0.005280152040495908,delta,0
0.23579317331314087,0.25142568349838257,0.0156325101852417,1.1858638826662236,0.020883043728107818,alpha,0
0.23262524604797363,0.22983109951019287,-0.0027941465377807617,1.2245945116494619,-0.003627965938385409,alpha,0
0.2765911817550659,0.28072911500930786,0.004137933254241943,1.6001566048426414,0.005752955305976956,delta,0
0.2230551838874817,0.2227519154548645,-0.0003032684326171875,1.6945714190115024,-0.00039018228368445265,beta,0
0.19599491357803345,0.20006847381591797,0.0040735602378845215,0.7583710318279001,0.005092386166246816,ductal,0
0.253481388092041,0.25316137075424194,-0.00032001733779907227,1.423139700459586,-0.0004284959632072887,beta,0
0.2294115424156189,0.23441600799560547,0.005004465579986572,1.7800859568965302,0.0065367949594717315,beta,0
0.3462975025177002,0.33740735054016113,-0.008890151977539062,0.8553817614442033,-0.01341722094983475,delta,0
0.22104740142822266,0.18546676635742188,-0.03558063507080078,0.23061326913206875,-0.04368223861374546,acinar,0
0.19461774826049805,0.21410727500915527,0.019489526748657227,1.13355447206553,0.024799220210219238,ductal,0
0.1874382495880127,0.18202859163284302,-0.005409657955169678,1.2012760778167837,-0.006613504946301843,alpha,0
0.17419809103012085,0.17044401168823242,-0.0037540793418884277,1.560903964542617,-0.004525408043317689,ductal,0
0.16619598865509033,0.16250693798065186,-0.0036890506744384766,2.4398213147933316,-0.004404873116851266,ductal,0
0.208288311958313,0.20570898056030273,-0.002579331398010254,1.3309352094915181,-0.0032473379842941526,beta,0
0.21958959102630615,0.2219008207321167,0.002311229705810547,2.6975956274175044,0.0029703536096583375,beta,0
0.25484365224838257,0.2674570679664612,0.012613415718078613,2.4487072028987207,0.017218670969991856,gamma,0
0.1954587697982788,0.19201010465621948,-0.003448665142059326,1.3451501092837652,-0.004268203305428716,alpha,0
0.25450021028518677,0.25673800706863403,0.0022377967834472656,1.7008192939742357,0.0030107779016408116,beta,0
0.21992075443267822,0.21838247776031494,-0.0015382766723632812,2.4520929389637023,-0.0019680683052696003,beta,0
0.18891412019729614,0.18474620580673218,-0.004167914390563965,1.5152767973059562,-0.005112413361643184,beta,0
0.2132430076599121,0.2074493169784546,-0.0057936906814575195,0.5019088788752251,-0.007310183191527221,ductal,0
0.20230740308761597,0.19266259670257568,-0.009644806385040283,0.5447403311508348,-0.011946438187612525,activated_stellate,0
0.2940525412559509,0.2909606695175171,-0.003091871738433838,0.7641882653548543,-0.004360649128349338,delta,0
0.2506316304206848,0.24250423908233643,-0.008127391338348389,2.625744074498016,-0.010729289532264194,beta,0
0.19108879566192627,0.18613064289093018,-0.004958152770996094,1.117932234471653,-0.00609207451747275,ductal,0
0.2087574601173401,0.2060483694076538,-0.0027090907096862793,1.409219789314158,-0.003412160899103008,beta,0
0.18365168571472168,0.18864589929580688,0.004994213581085205,1.116340635832972,0.0061554056074291244,ductal,0
0.20089733600616455,0.19753891229629517,-0.0033584237098693848,0.8135621019661166,-0.004185154596691704,ductal,0
0.20297342538833618,0.20252609252929688,-0.00044733285903930664,1.8833747875720537,-0.0005609372981971079,beta,0
0.20006150007247925,0.20475339889526367,0.004691898822784424,0.9949149544953447,0.0058999294260001335,alpha,0
0.17256146669387817,0.17002886533737183,-0.0025326013565063477,1.9131423548446307,-0.0030514330568084335,ductal,0
0.2491382360458374,0.2573239207267761,0.00818568468093872,2.1683981536729826,0.011021877382868125,delta,0
0.19930344820022583,0.19947141408920288,0.00016796588897705078,0.977147404598867,0.00020981872719254426,beta,0
0.25878602266311646,0.2594289779663086,0.0006429553031921387,0.9069465710409012,0.0008681885788975526,delta,0
0.2772926688194275,0.2698404788970947,-0.007452189922332764,1.3010315483029031,-0.010206249055105435,delta,0
0.2081228494644165,0.20677220821380615,-0.0013506412506103516,1.998811425876249,-0.0017027154930728935,alpha,0
0.24077743291854858,0.23545455932617188,-0.005322873592376709,2.306639855147724,-0.006962141567001462,alpha,0
0.21169745922088623,0.21295440196990967,0.0012569427490234375,2.0642413425773825,0.001597039297557169,ductal,0
0.2942159175872803,0.17860227823257446,-0.11561363935470581,0.046427609773926584,-0.14075232532412746,macrophage,0
0.2185940146446228,0.2228580117225647,0.0042639970779418945,1.4948919435615426,0.005486767080225849,alpha,0
0.19652879238128662,0.19674080610275269,0.00021201372146606445,0.9501018563275394,0.00026394185472987587,ductal,0
0.16890722513198853,0.1691175103187561,0.00021028518676757812,1.3339308179939355,0.0002530865548126439,ductal,0
0.15551310777664185,0.15719908475875854,0.0016859769821166992,1.4657540743044766,0.002000445124853844,ductal,0
0.20812278985977173,0.2062283158302307,-0.0018944740295410156,1.3388814968416012,-0.0023866737341764785,beta,0
0.23907029628753662,0.2561391592025757,0.017068862915039062,1.8811807403202252,0.022946311969777998,beta,0
0.2501598596572876,0.2397150993347168,-0.0104447603225708,1.7509001893771716,-0.013737955749786914,alpha,0
0.22258591651916504,0.21996599435806274,-0.002619922161102295,1.3117212017291064,-0.0033587281351230352,beta,0
0.267240047454834,0.2748553156852722,0.007615268230438232,1.1913042384238892,0.010501722477128507,alpha,0
0.17806529998779297,0.1772524118423462,-0.0008128881454467773,1.3540416779580273,-0.000988016442888694,beta,0
0.23283427953720093,0.22589164972305298,-0.006942629814147949,1.370612477288377,-0.008968550477028358,beta,0
0.2072044014930725,0.2051985263824463,-0.0020058751106262207,1.277387293579671,-0.002523743572714382,ductal,0
0.21154183149337769,0.21219360828399658,0.0006517767906188965,0.7387817503901646,0.0008273311786658564,ductal,0
0.2656305432319641,0.26927345991134644,0.0036429166793823242,2.1386036224106943,0.0049853351144743645,beta,0
0.20759207010269165,0.21029525995254517,0.0027031898498535156,2.1604562597341306,0.0034230386532706843,beta,0
0.24533456563949585,0.24544250965118408,0.00010794401168823242,1.7698942919864225,0.0001430560468471822,alpha,0
0.2200331687927246,0.22279232740402222,0.0027591586112976074,1.3953122612068474,0.003550091833346997,alpha,0
0.21223968267440796,0.21279758214950562,0.0005578994750976562,2.237736509863326,0.0007087115873208772,beta,0
0.23346543312072754,0.2372083067893982,0.0037428736686706543,0.7263742867368137,0.004906809686032162,beta,0
0.23549842834472656,0.23678696155548096,0.0012885332107543945,1.1898251472590722,0.0016883008358721365,alpha,0
0.2233436107635498,0.21754324436187744,-0.005800366401672363,1.5130357465046156,-0.007413018495753096,beta,0
0.22086501121520996,0.23281490802764893,0.011949896812438965,0.8701550055727654,0.015576289134760236,beta,0
0.2492467164993286,0.2407718300819397,-0.008474886417388916,1.7920391300731993,-0.011162502595634153,alpha,0
0.26506829261779785,0.2581900954246521,-0.006878197193145752,0.9232689544466322,-0.009272183009046238,delta,0
0.28408223390579224,0.28890782594680786,0.004825592041015625,0.8744907472006225,0.006786169524985735,beta,0
0.18825554847717285,0.1928347945213318,0.0045792460441589355,0.9182211340593212,0.0056732450966383435,alpha,0
0.1971888542175293,0.19496113061904907,-0.0022277235984802246,1.461922658127098,-0.002767224892126355,beta,0
0.24257540702819824,0.24080252647399902,-0.0017728805541992188,2.158804184165362,-0.0023352034431375133,beta,0
0.2734471559524536,0.2784922122955322,0.005045056343078613,1.0880836923552482,0.006992379609830472,beta,0
0.2462000846862793,0.24462193250656128,-0.0015781521797180176,0.9837547652845814,-0.0020892216065456857,beta,0
0.2524993419647217,0.24906527996063232,-0.0034340620040893555,1.2320165728948813,-0.004573049976846623,delta,0
0.22642523050308228,0.21727347373962402,-0.009151756763458252,1.096942444213948,-0.011692151034132573,beta,0
0.2107086181640625,0.20979565382003784,-0.0009129643440246582,1.4008374368207979,-0.001155352217990381,ductal,0
0.261297345161438,0.2640981078147888,0.00280076265335083,1.5289044745296276,0.0038058913601025724,gamma,0
0.30438047647476196,0.2961428165435791,-0.008237659931182861,1.5040799054165943,-0.011703595736183736,delta,0
0.21925562620162964,0.20035183429718018,-0.018903791904449463,1.4977245643295365,-0.02364013664413862,ductal,0
0.2408233880996704,0.24388182163238525,0.0030584335327148438,1.6626130100864736,0.0040449146974851245,alpha,0
0.22419774532318115,0.22160959243774414,-0.0025881528854370117,0.9720170754321694,-0.0033250061412531096,ductal,0
0.23481512069702148,0.23424118757247925,-0.0005739331245422363,1.3701755198436054,-0.0007494959447124341,alpha,0
0.264090359210968,0.27694326639175415,0.012852907180786133,0.7972399243254892,0.017775793493612458,alpha,0
0.27598893642425537,0.2774624824523926,0.001473546028137207,1.4348599873964227,0.00203940417258695,delta,0
0.2600584030151367,0.2546127438545227,-0.005445659160614014,1.2411424620955194,-0.007305812000025908,alpha,0
0.21400517225265503,0.20728707313537598,-0.006718099117279053,1.4246866313719568,-0.00847481968516749,beta,0
0.2467026710510254,0.2421669363975525,-0.0045357346534729,1.7314524685973722,-0.005985136927005743,delta,0
0.2219787836074829,0.22690671682357788,0.004927933216094971,1.1686299291855655,0.0063743060809524615,alpha,0
0.25786006450653076,0.25828099250793457,0.0004209280014038086,1.311880769958754,0.0005675033228918722,alpha,0
0.2699241638183594,0.259629487991333,-0.010294675827026367,0.9742923639579546,-0.01390476208877678,delta,0
0.22474825382232666,0.2268807291984558,0.0021324753761291504,1.7166025281024713,0.0027582747664771975,beta,0
0.20685631036758423,0.2011852264404297,-0.005671083927154541,0.7724769294632309,-0.00709937286447999,beta,0
0.23903733491897583,0.24120908975601196,0.002171754837036133,2.55725271355307,0.002862125531179345,alpha,0
0.3170583248138428,0.30770254135131836,-0.009355783462524414,0.9440351226430324,-0.013514109210780981,gamma,0
0.25598883628845215,0.2543550133705139,-0.0016338229179382324,1.4656021139030393,-0.0021911538966064093,beta,0
0.2305925488471985,0.22407621145248413,-0.0065163373947143555,3.495759902728323,-0.008398166792788452,beta,0
0.2526751160621643,0.2634633183479309,0.010788202285766602,0.8834480804234258,0.01464720299003766,gamma,0
0.2727365493774414,0.26880693435668945,-0.003929615020751953,0.8361510522609253,-0.005374250940542825,delta,0
0.305800199508667,0.31971096992492676,0.013910770416259766,0.9001379837161276,0.020448323875992304,ductal,0
0.1918860673904419,0.18920296430587769,-0.002683103084564209,1.224498895915965,-0.0033092166922726943,beta,0
0.3236843943595886,0.29616987705230713,-0.027514517307281494,0.8313972100541697,-0.03909255431132821,alpha,0
0.2949691414833069,0.30507200956344604,0.01010286808013916,1.4590061356446247,0.014538007130483456,delta,0
0.19367337226867676,0.19260209798812866,-0.0010712742805480957,1.8374508370874965,-0.0013268232155157923,beta,0
0.22875642776489258,0.2153758406639099,-0.013380587100982666,0.5825578571144818,-0.01705349872517901,beta,0
0.23452699184417725,0.24456602334976196,0.010039031505584717,1.0955842175623327,0.013289091854327246,alpha,0
0.1821221113204956,0.18491613864898682,0.002794027328491211,1.1908567845989393,0.0034279016687437176,ductal,0
0.19037461280822754,0.19185703992843628,0.0014824271202087402,1.6122479369465468,0.0018343624747748422,ductal,0
0.26028263568878174,0.2605471611022949,0.0002645254135131836,1.8051919621600219,0.0003577312839957569,beta,0
0.2410644292831421,0.25477439165115356,0.013709962368011475,0.8992344748830642,0.01839706286850213,alpha,0
0.1755085587501526,0.17029684782028198,-0.0052117109298706055,1.110277970409939,-0.006281416330863501,ductal,0
0.1901417374610901,0.19460606575012207,0.004464328289031982,1.0131406826536633,0.005543036890624135,activated_stellate,0
0.26179802417755127,0.2572186589241028,-0.004579365253448486,1.6452704496954027,-0.0061651592470206755,alpha,0
0.21926593780517578,0.22132354974746704,0.0020576119422912598,1.380983674040213,0.0026424478891379785,beta,0
0.2778725028038025,0.2721484899520874,-0.005724012851715088,0.6202777066022427,-0.007864259086772095,alpha,0
0.18627172708511353,0.18848228454589844,0.002210557460784912,1.1626564622842488,0.002723979302839925,ductal,0
0.29168587923049927,0.29488229751586914,0.003196418285369873,2.1809522439095455,0.004533169815633455,beta,0
0.21040964126586914,0.21139955520629883,0.0009899139404296875,1.1335038540854394,0.0012552794599154076,beta,0
0.19551950693130493,0.18522977828979492,-0.01028972864151001,1.9576348728007966,-0.012628994491123938,ductal,0
0.26299113035202026,0.27790284156799316,0.0149117112159729,0.5214125710587145,0.020650560720046094,beta,0
0.20275992155075073,0.1945887804031372,-0.008171141147613525,1.2609972178784534,-0.010145303354109562,beta,0
0.1924734115600586,0.2029712200164795,0.010497808456420898,1.237843995136498,0.013171178657611275,ductal,0
0.23992013931274414,0.23872649669647217,-0.0011936426162719727,0.9608565786501205,-0.0015679550267967946,beta,0
0.24093890190124512,0.2375432848930359,-0.0033956170082092285,1.1936719215723448,-0.0044535210208396705,beta,0
0.28008484840393066,0.267827570438385,-0.012257277965545654,1.3787189488680047,-0.0167409717583666,beta,0
0.2704751491546631,0.27031880617141724,-0.0001563429832458496,2.0793323974857114,-0.00021426204288688,beta,0
0.2298877239227295,0.23173463344573975,0.001846909523010254,1.3409256602693613,0.002403999455674815,alpha,0
0.28602492809295654,0.28769028186798096,0.001665353775024414,1.2455512865567517,0.0023379630133247157,delta,0
0.2667330503463745,0.2629770040512085,-0.0037560462951660156,0.6452534246766072,-0.005096240301607884,alpha,0
0.34581971168518066,0.2328839898109436,-0.11293572187423706,0.03856209051518207,-0.1472211769461101,macrophage,0
0.2412000298500061,0.23926979303359985,-0.00193023681640625,1.3281430322808148,-0.002537347404809317,alpha,0
0.27622270584106445,0.27598732709884644,-0.00023537874221801758,2.9284464279730185,-0.00032510306936319724,alpha,0
0.24334228038787842,0.23956161737442017,-0.003780663013458252,1.527768759887055,-0.004971688830861859,beta,0
0.16089481115341187,0.17414557933807373,0.013250768184661865,0.8638313549723675,0.016044920088992574,activated_stellate,0
0.2733900547027588,0.27775537967681885,0.004365324974060059,1.8443052940435003,0.006044108673466777,beta,0
0.2750423550605774,0.2767946124076843,0.0017522573471069336,0.7591308148523168,0.002422904166879235,beta,0
0.23387831449508667,0.23549365997314453,0.0016153454780578613,1.6198471288292626,0.002112926202810977,ductal,0
0.2137584090232849,0.20715433359146118,-0.0066040754318237305,0.44141807020158935,-0.008329585077684932,ductal,0
0.272907018661499,0.27051180601119995,-0.0023952126502990723,1.3985296649828578,-0.003283415235553279,gamma,0
0.20603471994400024,0.20086127519607544,-0.005173444747924805,1.0275832961821467,-0.006473775562802507,beta,0
0.18407344818115234,0.188784658908844,0.00471121072769165,1.398632202762869,0.005807595701228551,ductal,0
0.2219686508178711,0.22360247373580933,0.0016338229179382324,0.9327655388330746,0.0021043638892047152,beta,0
0.1935839056968689,0.18867570161819458,-0.004908204078674316,1.4982529281778656,-0.006049620464299885,beta,0
0.24032551050186157,0.23493742942810059,-0.005388081073760986,1.036000687719172,-0.007042667202675055,beta,0
0.18697690963745117,0.18358129262924194,-0.0033956170082092285,1.1103527846217018,-0.0041591611970096445,beta,0
0.2260947823524475,0.2219969630241394,-0.0040978193283081055,1.1597255154194972,-0.005267099398784545,beta,0
0.24951869249343872,0.24566566944122314,-0.003853023052215576,1.5886643152286302,-0.005107845283087448,alpha,0
0.2722724676132202,0.2770097255706787,0.004737257957458496,1.4634698801570396,0.0065523121472107785,delta,0
0.25283193588256836,0.2523697018623352,-0.0004622340202331543,0.9288637821830843,-0.0006182655001871539,alpha,0
0.19177144765853882,0.20149683952331543,0.009725391864776611,1.7149437663318017,0.012179528330195736,ductal,0
0.21566909551620483,0.21729212999343872,0.0016230344772338867,1.3169204145856515,0.002073614613355403,ductal,0
0.23766523599624634,0.2416788935661316,0.004013657569885254,1.7854751426512092,0.0052928205951699656,beta,0
0.25042998790740967,0.25669825077056885,0.00626826286315918,1.2329216708206892,0.008432998939740671,alpha,0
0.23972392082214355,0.23248642683029175,-0.007237493991851807,1.3708309334287607,-0.009429792833450638,alpha,0
0.2182179093360901,0.23417973518371582,0.015961825847625732,0.3728400347253297,0.02084278332782808,ductal,0
0.21826660633087158,0.230810284614563,0.012543678283691406,1.5809274473024066,0.016307652108174423,ductal,0
0.2778787612915039,0.26438242197036743,-0.013496339321136475,0.6105035596405726,-0.01834695054091381,alpha,0
0.28728973865509033,0.2813869118690491,-0.00590282678604126,0.7022042701498099,-0.008214193261347341,alpha,0
0.18874245882034302,0.18552416563034058,-0.0032182931900024414,1.0135199974148281,-0.003951367314038419,ductal,0
0.22556638717651367,0.21459907293319702,-0.01096731424331665,2.001730777018159,-0.013963969057530556,beta,0
0.28647541999816895,0.28031033277511597,-0.0061650872230529785,0.9327137991981175,-0.008566313376188227,beta,0
0.2450011968612671,0.2472137212753296,0.0022125244140625,0.6575494892673882,0.0029391136323723096,alpha,0
0.26185595989227295,0.27005839347839355,0.008202433586120605,1.476901909246697,0.011237109260297811,ductal,0
0.2953040599822998,0.3007761836051941,0.005472123622894287,1.1846672338097572,0.007825997190868763,gamma,0
0.280700147151947,0.27518439292907715,-0.005515754222869873,0.743714910973327,-0.007609872316574109,beta,0
0.282423734664917,0.2924027442932129,0.009979009628295898,1.2752131837673926,0.014102668640692104,delta,0
0.27937114238739014,0.2800324559211731,0.000661313533782959,4.264862674438253,0.0009185324244429467,gamma,0
0.26577627658843994,0.26626741886138916,0.0004911422729492188,0.5166890485719033,0.0006693750360479577,beta,0
0.18196481466293335,0.19663673639297485,0.014671921730041504,1.6128295769065235,0.018263122543301223,ductal,0
0.22271579504013062,0.23284822702407837,0.010132431983947754,1.236806178316156,0.013207858393707679,ductal,0
0.20669794082641602,0.2130182385444641,0.006320297718048096,1.4222484691778499,0.008031059965555745,beta,0
0.25572502613067627,0.25261223316192627,-0.00311279296875,1.1288359883589267,-0.004164896867283628,ductal,0
0.19301491975784302,0.18532508611679077,-0.007689833641052246,0.742377664040524,-0.009439143773800614,beta,0
0.2617131471633911,0.2604573965072632,-0.0012557506561279297,1.0933356913389145,-0.001698009891786123,alpha,0
0.27277904748916626,0.25858014822006226,-0.014198899269104004,1.6456709615490959,-0.019150956418305356,beta,0
0.22608959674835205,0.22963494062423706,0.0035453438758850098,1.4916152911726068,0.004602160797321011,beta,0
0.226912260055542,0.22822076082229614,0.0013085007667541504,2.9455406221533598,0.0016954340053877313,beta,0
0.25881749391555786,0.2563549280166626,-0.0024625658988952637,1.2142879564017492,-0.003311480155886035,alpha,0
0.22116631269454956,0.21339303255081177,-0.007773280143737793,0.9569230963441223,-0.009882038254689012,beta,0
0.27919507026672363,0.28319472074508667,0.003999650478363037,1.9430961469949173,0.005579828433351514,alpha,0
0.2319815754890442,0.2369503378868103,0.004968762397766113,1.5921130939473158,0.006511715612330687,beta,0
0.21220993995666504,0.20741450786590576,-0.004795432090759277,0.9321220895050789,-0.006050365718715374,beta,0
0.23384714126586914,0.2345219850540161,0.0006748437881469727,1.983159356646387,0.0008815978708344657,alpha,0
0.18656831979751587,0.1772112250328064,-0.009357094764709473,1.6959423408063206,-0.011372414220262741,ductal,0
0.28762614727020264,0.283097505569458,-0.004528641700744629,1.7340665314510566,-0.006316956261035011,alpha,0
0.19915908575057983,0.19988727569580078,0.0007281899452209473,1.4876274449167801,0.0009101091922443827,ductal,0
0.2181304693222046,0.21497857570648193,-0.0031518936157226562,1.5708316595972815,-0.004015041523942115,beta,0
0.22994232177734375,0.23639625310897827,0.0064539313316345215,1.9918424329962978,0.008451937746391911,alpha,0
0.22840803861618042,0.22073674201965332,-0.0076712965965271,1.2256369279426358,-0.009844293976350381,beta,0
0.23032522201538086,0.22000885009765625,-0.01031637191772461,1.5649939202408902,-0.013226267912163154,beta,0
0.24512916803359985,0.2439247965812683,-0.001204371452331543,1.8567981001030234,-0.0015929254747223003,beta,0
0.22831350564956665,0.21798557043075562,-0.010327935218811035,0.6390372820114533,-0.013206834590635307,beta,0
0.23398101329803467,0.22605419158935547,-0.0079268217086792,1.2167856992296924,-0.010242088816215078,alpha,0
0.2998701333999634,0.283369779586792,-0.016500353813171387,0.08824228221526408,-0.02302492044454573,macrophage,0
0.2643834948539734,0.2621605396270752,-0.0022229552268981934,0.9228952946487381,-0.0030127898361178044,alpha,0
0.3132927417755127,0.29957377910614014,-0.013718962669372559,1.0557134847542073,-0.019586592077984872,delta,0
0.2535420060157776,0.2527153491973877,-0.0008266568183898926,1.093231769750639,-0.001106214101282599,gamma,0
0.24163603782653809,0.24682480096817017,0.00518876314163208,1.191507888442657,0.006889184811584321,beta,0
0.24356716871261597,0.23431342840194702,-0.009253740310668945,1.00753042417883,-0.012085546036618615,beta,0
0.25738102197647095,0.2582489252090454,0.0008679032325744629,0.8786580664297634,0.0011700734411730532,delta,0
0.23297250270843506,0.2301959991455078,-0.002776503562927246,1.2383367248843375,-0.003606766865130984,ductal,0
0.22351384162902832,0.2205880880355835,-0.0029257535934448242,2.458219097223258,-0.003753796354062391,ductal,0
0.26177138090133667,0.2640399932861328,0.0022686123847961426,0.9299536159076579,0.003082521283901984,beta,0
0.23538315296173096,0.23057836294174194,-0.004804790019989014,1.9734383045054942,-0.006244677545538287,beta,0
0.2354583740234375,0.23451662063598633,-0.0009417533874511719,1.4008254791993067,-0.00123027280910215,alpha,0
0.21443390846252441,0.20849567651748657,-0.005938231945037842,0.9950380225404616,-0.007502463055300081,beta,0
0.27543795108795166,0.266599178314209,-0.008838772773742676,0.6474480872199685,-0.012051762845623655,alpha,0
0.24163305759429932,0.2389654517173767,-0.0026676058769226074,2.0461747157218055,-0.0035052362378848877,activated_stellate,0
0.3041210174560547,0.2981647849082947,-0.00595623254776001,2.1182967421958274,-0.008486653874986507,alpha,0
0.2670910954475403,0.2687998414039612,0.0017087459564208984,1.1717028309385746,0.0023369058886718837,gamma,0
0.2903161644935608,0.28461605310440063,-0.005700111389160156,1.2054731239164669,-0.007967905086346606,delta,0
0.21625781059265137,0.20815569162368774,-0.008102118968963623,1.5638863922292556,-0.010231959595159724,beta,0
0.27481043338775635,0.2658180594444275,-0.008992373943328857,0.6958345708379562,-0.012248154642055236,alpha,0
0.20741242170333862,0.21357202529907227,0.006159603595733643,1.9462468000510977,0.00783238108750657,alpha,0
0.27072709798812866,0.2754589319229126,0.0047318339347839355,1.0311136582900369,0.006530801556000264,beta,0
0.2565757632255554,0.2621155381202698,0.0055397748947143555,1.5834163961397882,0.00750764541186029,delta,0
0.40944987535476685,0.48616403341293335,0.0767141580581665,3.661536518185382,0.14929698006098552,delta,0
0.30370402336120605,0.3071244955062866,0.0034204721450805664,1.4471826836835169,0.0049366330933865495,delta,0
0.2442224621772766,0.2500584125518799,0.0058359503746032715,1.209201542271474,0.007781873244903883,alpha,0
0.2837960124015808,0.2737213969230652,-0.010074615478515625,1.3320715609124127,-0.013871557603148085,beta,0
0.2520729899406433,0.26135778427124023,0.009284794330596924,1.6658815210080087,0.012570083503061564,beta,0
0.1852182149887085,0.19161802530288696,0.006399810314178467,1.5727435366095004,0.007916814716924344,activated_stellate,0
0.1990010142326355,0.20300626754760742,0.004005253314971924,0.659285778783147,0.005025451458253685,ductal,0
0.24637818336486816,0.24382102489471436,-0.0025571584701538086,1.0259900246765916,-0.0033816841704674026,beta,0
0.3675585985183716,0.32212287187576294,-0.04543572664260864,1.3598752699581258,-0.06702649308781734,epsilon,1
0.2649441957473755,0.2617661952972412,-0.0031780004501342773,1.932190669658871,-0.004304869852734341,alpha,0
0.2655993103981018,0.270363450050354,0.004764139652252197,0.9720627444153408,0.00652946957300999,gamma,0
0.3030775785446167,0.30566948652267456,0.0025919079780578613,1.3517360293132825,0.0037329599200201426,gamma,0
0.24464821815490723,0.23971468210220337,-0.004933536052703857,1.7270351727655016,-0.006489058694892568,beta,0
0.29590338468551636,0.3118841052055359,0.01598072052001953,2.254943609909023,0.023223879350720233,gamma,0
0.2799592614173889,0.2796862721443176,-0.00027298927307128906,1.5848004392295953,-0.0003789866311224649,alpha,0
0.25585806369781494,0.26612961292266846,0.010271549224853516,0.7448337523710159,0.013996407820405964,alpha,0
0.27282458543777466,0.2771915793418884,0.0043669939041137695,4.179485770142278,0.006041703139177121,beta,0
0.23573017120361328,0.2381790280342102,0.002448856830596924,1.0877786798749691,0.0032144781001209976,alpha,0
0.22373557090759277,0.22846853733062744,0.004732966423034668,1.0875385608507886,0.006134508639037712,ductal,0
0.2669951915740967,0.27039700746536255,0.003401815891265869,1.4072722397621265,0.0046625574813611665,delta,0
0.28571629524230957,0.27702808380126953,-0.008688211441040039,1.1965913294418573,-0.01201735675532357,alpha,0
0.20214611291885376,0.20202326774597168,-0.00012284517288208008,1.830782549854014,-0.00015394580808776449,beta,0
0.2365829348564148,0.2332860231399536,-0.0032969117164611816,1.4350040074238204,-0.004300054278341387,beta,0
0.29220515489578247,0.2904732823371887,-0.00173187255859375,0.847154474359618,-0.002440884205599131,alpha,0
0.23683738708496094,0.2278149127960205,-0.00902247428894043,0.8591677485260704,-0.011684341537350958,beta,0
0.2368330955505371,0.22868233919143677,-0.008150756359100342,1.126177038134495,-0.010567314575107744,ductal,0
0.2727620601654053,0.28451836109161377,0.011756300926208496,1.2240569813910223,0.016431310444451293,alpha,0
0.23393571376800537,0.2335774302482605,-0.00035828351974487305,1.0439288210352957,-0.00046747516824945367,alpha,0
0.20090460777282715,0.2033531665802002,0.002448558807373047,1.4711025024437392,0.0030735812968238564,ductal,0
0.2757810354232788,0.2788810133934021,0.003099977970123291,1.126803884152212,0.004298843918548029,delta,0
0.22021204233169556,0.2177475094795227,-0.0024645328521728516,2.3523017210805715,-0.0031505592913268414,beta,0
0.3381800055503845,0.22600865364074707,-0.11217135190963745,0.05139530957577023,-0.14492584760446717,macrophage,0
0.22938179969787598,0.2235906720161438,-0.005791127681732178,1.901628051820396,-0.007458858971684833,alpha,0
0.2198278307914734,0.22675901651382446,0.006931185722351074,1.9700548024871305,0.008963810597702229,ductal,0
0.23118633031845093,0.22555673122406006,-0.005629599094390869,2.044285345846394,-0.0072692207697651395,beta,0
0.24520593881607056,0.2433781623840332,-0.0018277764320373535,1.8547763485221194,-0.0024157066861782346,alpha,0
0.20013058185577393,0.20435255765914917,0.004221975803375244,0.8571941301496677,0.005306339942417076,activated_stellate,0
0.2905529737472534,0.27964866161346436,-0.010904312133789062,0.9661368850459068,-0.015137491322238485,ductal,0
0.25557100772857666,0.254893958568573,-0.0006770491600036621,1.6426005742979168,-0.0009086614822005463,beta,0
0.22984319925308228,0.22561883926391602,-0.00422435998916626,0.9405053912348583,-0.005455143026918186,alpha,0
0.269791841506958,0.2779967784881592,0.008204936981201172,1.8598087409019388,0.011364127938405065,beta,0
0.2515321969985962,0.25221121311187744,0.00067901611328125,1.4829492107791966,0.0009080319539250303,beta,0
0.2952961325645447,0.26781970262527466,-0.02747642993927002,0.5081067614051387,-0.0375268633119306,ductal,0
0.26099032163619995,0.26072949171066284,-0.0002608299255371094,0.8761030850544517,-0.0003528206828386359,endothelial,0
0.245499849319458,0.22566640377044678,-0.01983344554901123,0.6322880735121416,-0.02561356713125431,ductal,0
0.2674641013145447,0.26456743478775024,-0.0028966665267944336,0.8496355860242564,-0.003938724859101718,alpha,0
0.24036633968353271,0.23157751560211182,-0.008788824081420898,1.19039649497628,-0.011437489479901862,ductal,0
0.3248128294944763,0.3162274956703186,-0.008585333824157715,1.3169319204989303,-0.012555833657824722,gamma,0
0.22278159856796265,0.22570306062698364,0.002921462059020996,1.719153253827475,0.0037730512810584494,beta,0
0.1628255844116211,0.16923964023590088,0.006414055824279785,1.891640725567333,0.007720705193614566,activated_stellate,0
0.2380591630935669,0.2396138310432434,0.0015546679496765137,2.098822662618831,0.00204457683891003,beta,0
0.2811792492866516,0.2877037525177002,0.006524503231048584,2.132688432120615,0.009159816935875005,alpha,0
0.25248491764068604,0.2525358200073242,5.0902366638183594e-05,1.5411242942918726,6.810007489413389e-05,alpha,0
0.28918445110321045,0.27683550119400024,-0.012348949909210205,0.41556577274427225,-0.017076266782453053,activated_stellate,0
0.23172378540039062,0.23123711347579956,-0.00048667192459106445,1.602174406355301,-0.000633058558265539,ductal,0
0.29701316356658936,0.29035311937332153,-0.006660044193267822,0.969948348430371,-0.009385011581233806,alpha,0
0.22313296794891357,0.2223023772239685,-0.0008305907249450684,1.3175914992187543,-0.0010680124261923706,beta,0
0.2702300548553467,0.27055054903030396,0.0003204941749572754,1.4860249981619313,0.0004393644748532272,beta,0
0.2914038300514221,0.27961504459381104,-0.011788785457611084,1.0815746705896327,-0.01636456365328171,alpha,0
0.3380542993545532,0.34791886806488037,0.009864568710327148,1.1198646484443895,0.0151278241728188,delta,0
0.23550665378570557,0.23072350025177002,-0.004783153533935547,1.6246590762391298,-0.006217729952105628,beta,0
0.19830375909805298,0.18279874324798584,-0.015505015850067139,0.8877931836481845,-0.018973313760789104,ductal,0
0.23784399032592773,0.23232018947601318,-0.005523800849914551,0.8952052035944588,-0.007195448902250315,beta,0
0.25882935523986816,0.25389599800109863,-0.004933357238769531,1.4270887336981013,-0.006612157588690692,beta,0
0.2754126787185669,0.26419973373413086,-0.011212944984436035,1.1212368875794374,-0.015239115149197874,beta,0
0.23170435428619385,0.2395855188369751,0.00788116455078125,1.7215766500903826,0.010364300977971001,beta,0
0.2784939408302307,0.2756872773170471,-0.0028066635131835938,1.4532907034540266,-0.003874933333750276,alpha,0
0.2603302001953125,0.2502577304840088,-0.010072469711303711,1.8734029673366401,-0.013434576281534938,beta,0
0.24896502494812012,0.24538546800613403,-0.003579556941986084,1.1787165746349975,-0.004743556862770807,alpha,0
0.2655310034751892,0.25607961416244507,-0.00945138931274414,0.8547699113612214,-0.012704839782153757,delta,0
0.2751700282096863,0.28531330823898315,0.010143280029296875,1.1841221498210408,0.014192624749039923,gamma,0
0.2982962727546692,0.3006993532180786,0.002403080463409424,1.2271757196253377,0.0034364053207558815,beta,0
0.2543376088142395,0.2511112093925476,-0.0032263994216918945,1.7583848138534337,-0.004308249051337567,beta,0
0.25243276357650757,0.25321054458618164,0.0007777810096740723,1.3060416709707718,0.0010414997212876828,alpha,0
0.26856493949890137,0.26562267541885376,-0.0029422640800476074,0.9497685025526844,-0.004006474575894258,alpha,0
0.34407657384872437,0.34648042917251587,0.002403855323791504,1.8837514708636902,0.003678321860732879,delta,0
0.30309659242630005,0.30282390117645264,-0.0002726912498474121,1.0122537026114935,-0.00039113683086320093,alpha,0
0.28439950942993164,0.2819637060165405,-0.0024358034133911133,1.4019630477791571,-0.0033923123856009763,gamma,0
0.25033408403396606,0.24336731433868408,-0.006966769695281982,3.0541578004213417,-0.009207598121660382,beta,0
0.24125677347183228,0.2543233633041382,0.013066589832305908,0.7908271914213424,0.01752313159522438,beta,0
0.2608746290206909,0.2560822367668152,-0.004792392253875732,1.4001881043364197,-0.00644209950444957,beta,0
0.25650620460510254,0.25178468227386475,-0.004721522331237793,7.702048937107909,-0.006310379137367491,ductal,0
0.1746165156364441,0.17284846305847168,-0.0017680525779724121,0.8883966511866155,-0.0021375195463094404,activated_stellate,0
0.29077351093292236,0.2917889356613159,0.0010154247283935547,2.5514327747103174,0.0014337882864647726,beta,0
0.2220420241355896,0.23320472240447998,0.01116269826889038,0.6204486872965658,0.014557599133752932,ductal,0
0.26669442653656006,0.25988346338272095,-0.006810963153839111,1.7125638972976949,-0.009202555025954138,beta,0
0.30086374282836914,0.2957988381385803,-0.005064904689788818,2.1865449053680424,-0.007192411719970359,beta,0
0.26088643074035645,0.2569873332977295,-0.003899097442626953,2.0860122592766936,-0.005247686368433533,beta,0
0.4106519818305969,0.410483717918396,-0.00016826391220092773,1.3118045842122605,-0.00028542708202525225,delta,0
0.28443819284439087,0.2791632413864136,-0.005274951457977295,0.5799329079074637,-0.00731781696055958,beta,0
0.2701311707496643,0.2811890244483948,0.011057853698730469,1.4124861051308488,0.015383534858026938,alpha,0
0.3068731427192688,0.30342531204223633,-0.0034478306770324707,1.0985370031455564,-0.004949692741694237,beta,0
0.26177626848220825,0.260370135307312,-0.0014061331748962402,1.9110043730190835,-0.0019011308791330114,beta,0
0.32650279998779297,0.32091665267944336,-0.005586147308349609,1.2074144356803966,-0.008226011328934425,beta,0
0.28009915351867676,0.268429696559906,-0.011669456958770752,2.0096439274288596,-0.015951244745579435,beta,0
0.24897003173828125,0.2518807053565979,0.0029106736183166504,1.827626972512521,0.003890654390492695,ductal,0
0.25865763425827026,0.2704688310623169,0.01181119680404663,1.378495567555551,0.01619011949996005,beta,0
0.3083626627922058,0.30771690607070923,-0.000645756721496582,1.11227573977518,-0.0009327928518828442,beta,0
0.27726471424102783,0.27213597297668457,-0.005128741264343262,1.2306107867485436,-0.0070462903426040235,alpha,0
0.26514947414398193,0.26761794090270996,0.0024684667587280273,1.8564915345487516,0.0033704631729654573,beta,0
0.23229128122329712,0.24040555953979492,0.008114278316497803,2.1863225751525914,0.010682382445534641,beta,0
0.3096553683280945,0.3037317395210266,-0.005923628807067871,2.955250618724206,-0.008507681799243466,delta,0
0.2024608850479126,0.20849120616912842,0.00603032112121582,2.0167733611631817,0.007618767053780037,ductal,0
0.26607733964920044,0.2739444375038147,0.007867097854614258,2.19864437303941,0.01083539368194785,alpha,0
0.21372997760772705,0.21233391761779785,-0.0013960599899291992,1.7097223862667414,-0.0017724007941372596,ductal,0
0.23354798555374146,0.2332879900932312,-0.0002599954605102539,1.6939262129616264,-0.000339104457933128,beta,0
0.27251482009887695,0.27044665813446045,-0.002068161964416504,2.1904096482894806,-0.0028348331036741063,alpha,0
0.3502890467643738,0.1888951063156128,-0.161393940448761,0.10614427735271544,-0.19898035593847832,endothelial,0
0.24201959371566772,0.2381579875946045,-0.0038616061210632324,0.7888095559994116,-0.005068775491746409,beta,0
0.271949827671051,0.266307532787323,-0.005642294883728027,0.38004179053555004,-0.007690272335987448,beta,0
0.2715494632720947,0.2697644829750061,-0.001784980297088623,1.1765273995893113,-0.0024443898652871583,alpha,0
0.2241496443748474,0.21983182430267334,-0.004317820072174072,1.0363054946116361,-0.0055344734721007255,beta,0
0.30384522676467896,0.28520774841308594,-0.018637478351593018,0.6234070506068938,-0.026073979271901526,beta,0
0.2372846007347107,0.23745334148406982,0.00016874074935913086,1.130237645642604,0.00022128580261243874,beta,0
0.2332439422607422,0.2341310977935791,0.0008871555328369141,0.751417477783323,0.0011583647413820745,beta,0
0.2717181444168091,0.2867273688316345,0.01500922441482544,0.9141220014243706,0.021042759470862923,beta,0
0.31093496084213257,0.30927759408950806,-0.0016573667526245117,1.111247650181715,-0.002399468641008995,beta,0
0.3336442708969116,0.3233104944229126,-0.010333776473999023,0.5046637081220102,-0.015271075417648569,alpha,0
0.29657113552093506,0.2951217293739319,-0.0014494061470031738,1.0043490185323043,-0.002056250288033168,beta,0
0.3076156973838806,0.30579036474227905,-0.0018253326416015625,1.0911839827777863,-0.002629368059583211,beta,0
0.22037070989608765,0.2153928279876709,-0.004977881908416748,0.47374933556092486,-0.006344425702418288,ductal,0
0.24874448776245117,0.25252974033355713,0.003785252571105957,0.975747486850605,0.005064084519958183,ductal,0
0.1896701455116272,0.1925032138824463,0.002833068370819092,0.7798395122432514,0.0035084577666748256,activated_stellate,0
0.2447534203529358,0.2526589035987854,0.00790548324584961,1.3611748684361495,0.010578146021834055,alpha,0
0.26898443698883057,0.27408337593078613,0.005098938941955566,1.6791104298795931,0.0070241385482713485,alpha,0
0.2628808617591858,0.2572147250175476,-0.005666136741638184,2.032564585673394,-0.007628229762325378,alpha,0
0.281122624874115,0.2819182276725769,0.0007956027984619141,0.9501253670414479,0.0011079557080013775,beta,0
0.33257627487182617,0.3239116668701172,-0.008664608001708984,0.9262585272787897,-0.012815792814523295,beta,0
0.2603933811187744,0.2548975348472595,-0.005495846271514893,1.586400558030444,-0.007375960392760591,ductal,0
0.33474355936050415,0.3345186114311218,-0.00022494792938232422,0.6468976621253079,-0.00033802287073133046,activated_stellate,0
0.2409818172454834,0.24368375539779663,0.0027019381523132324,1.5277817519264039,0.003572497842796382,alpha,0
0.3462161421775818,0.3469148874282837,0.0006987452507019043,0.6219569951069398,0.0010699145291344762,gamma,0
0.28927135467529297,0.22108834981918335,-0.06818300485610962,1.103922999407159,-0.08753624989468524,quiescent_stellate,0
0.260653018951416,0.25411778688430786,-0.006535232067108154,0.8273678250218749,-0.008761748104716487,beta,0
0.2217874526977539,0.2146872878074646,-0.007100164890289307,0.9527682189621297,-0.009041194393079629,ductal,0
0.37401723861694336,0.37897640466690063,0.004959166049957275,1.6917078237321206,0.007985471223999662,delta,0
0.3144623637199402,0.3064876198768616,-0.007974743843078613,3.291941364716765,-0.011499064864080201,beta,0
0.263668954372406,0.2636907696723938,2.181529998779297e-05,1.58086876861607,2.9627905082877588e-05,ductal,0
0.3142755627632141,0.32319098711013794,0.008915424346923828,1.5948537830866916,0.013172732893813644,beta,0
0.2758522033691406,0.28147590160369873,0.0056236982345581055,1.3979271290648236,0.007826735731076844,alpha,0
0.30237072706222534,0.3062434792518616,0.0038727521896362305,1.1543932185895756,0.005582293029058527,gamma,0
0.2702561020851135,0.27184492349624634,0.0015888214111328125,1.6471226691226157,0.0021819821936304553,beta,0
0.27329152822494507,0.2814716100692749,0.008180081844329834,0.8927681301814584,0.01138449358294457,alpha,0
0.2588137984275818,0.2597641348838806,0.0009503364562988281,1.1540677132620634,0.0012838292510316974,beta,0
0.26998817920684814,0.26278984546661377,-0.007198333740234375,0.9512143704802798,-0.009764290000577281,ductal,0
0.27543067932128906,0.2934448719024658,0.018014192581176758,1.0316668493873127,0.025495806151293047,beta,0
0.35690879821777344,0.3528635501861572,-0.004045248031616211,1.0482674871471607,-0.006250997039001402,gamma,0
0.2604933977127075,0.2630569338798523,0.0025635361671447754,1.583156877758247,0.003478608165270163,beta,0
0.3261716365814209,0.2649327516555786,-0.061238884925842285,0.5682094022011182,-0.08331058833565162,ductal,0
0.27982765436172485,0.2776895761489868,-0.002138078212738037,2.201018982222283,-0.0029600544892303066,beta,0
0.23352515697479248,0.23529374599456787,0.0017685890197753906,2.073428126748723,0.00231276913260713,ductal,0
0.2787606716156006,0.2705557942390442,-0.008204877376556396,1.3042304418365578,-0.011248121942372648,ductal,0
0.29045748710632324,0.2965571880340576,0.006099700927734375,1.0518874067909794,0.008671210827625453,gamma,0
0.22036319971084595,0.2320561408996582,0.011692941188812256,1.5970017447525247,0.015226296883877317,activated_stellate,0
0.270621657371521,0.2647154927253723,-0.005906164646148682,1.1733824614783055,-0.008032488904247697,alpha,0
0.2475859522819519,0.24186605215072632,-0.005719900131225586,0.9888476969161645,-0.007544709147311224,alpha,0
0.267206072807312,0.2692376375198364,0.002031564712524414,1.7843079496018834,0.0027800620514026003,beta,0
0.24763935804367065,0.24545323848724365,-0.002186119556427002,1.8025833530289606,-0.0028972618635909994,beta,0
0.29460835456848145,0.284828782081604,-0.009779572486877441,1.2409853937594164,-0.013674449197413494,beta,0
0.29772013425827026,0.27959609031677246,-0.018124043941497803,0.8882749206781734,-0.025158169879265672,alpha,0
0.2698984742164612,0.26695477962493896,-0.002943694591522217,1.516773584079813,-0.004015706684529069,beta,0
0.2915801405906677,0.28591710329055786,-0.005663037300109863,1.189168107099319,-0.00793050404400616,alpha,0
0.29367947578430176,0.2834357023239136,-0.010243773460388184,0.8970695203471818,-0.014295679387893183,alpha,0
0.29301756620407104,0.28369152545928955,-0.009326040744781494,2.017154565799452,-0.013019587337370613,alpha,0
0.25281238555908203,0.24447286128997803,-0.008339524269104004,1.2545665719121335,-0.011038020796106423,beta,0
0.3191889524459839,0.32016706466674805,0.0009781122207641602,0.8643892833422735,0.001438753802483389,alpha,0
0.27779442071914673,0.28821825981140137,0.010423839092254639,1.7092651064684126,0.01464471270293147,gamma,0
0.3812828063964844,0.21108919382095337,-0.170193612575531,0.08598973902545848,-0.2157323885571227,endothelial,0
0.30173081159591675,0.2880862355232239,-0.013644576072692871,0.4758807693362049,-0.019166051779769995,beta,0
0.36531949043273926,0.352775514125824,-0.012543976306915283,1.4681352579647506,-0.019381183160851398,alpha,0
0.3700016736984253,0.36379146575927734,-0.006210207939147949,0.8692643296665856,-0.009761277324831025,gamma,0
0.3041988015174866,0.3004145622253418,-0.0037842392921447754,2.2287856968066557,-0.005409259666956801,beta,0
0.2878395915031433,0.3071059584617615,0.019266366958618164,1.3216761703548614,0.027805646756387813,beta,0
0.3514178395271301,0.3513186573982239,-9.918212890625e-05,1.447909787779409,-0.00015289807551492607,beta,0
0.20831453800201416,0.21360033750534058,0.005285799503326416,2.46982570364138,0.006721518021203771,ductal,0
0.3148810863494873,0.31566327810287476,0.0007821917533874512,0.3712349372386493,0.0011429925186815216,activated_stellate,0
0.3507199287414551,0.35599780082702637,0.005277872085571289,0.6514407504974115,0.008195425562752925,delta,0
0.20744842290878296,0.2187962532043457,0.011347830295562744,2.059546296180636,0.014526082782000644,activated_stellate,0
0.3504355549812317,0.331585168838501,-0.018850386142730713,0.49225228733095483,-0.02820162758802726,ductal,0
0.29472923278808594,0.2771872878074646,-0.017541944980621338,1.331182540048984,-0.02426900452180854,beta,0
0.2863331437110901,0.28597545623779297,-0.00035768747329711914,0.3131970591687463,-0.0005009456277405508,alpha,0
0.3226102590560913,0.31860876083374023,-0.004001498222351074,1.7737482369039639,-0.005872541342397135,beta,0
0.2762640714645386,0.2722700834274292,-0.003993988037109375,1.5037711067726631,-0.00548828342239945,beta,0
0.2696978449821472,0.2652862071990967,-0.004411637783050537,1.4678765239339142,-0.00600456643971842,beta,0
0.3642580509185791,0.369772732257843,0.005514681339263916,1.221230631196323,0.008750305836528992,beta,0
0.33250856399536133,0.3208999037742615,-0.011608660221099854,1.873774970964326,-0.017094181381533832,beta,0
0.279177725315094,0.27087336778640747,-0.008304357528686523,2.5449203865092067,-0.011389458513502522,beta,0
0.31165850162506104,0.30848944187164307,-0.0031690597534179688,1.2062825905424832,-0.004582807472955075,gamma,0
0.38742804527282715,0.40811222791671753,0.02068418264389038,0.9449929151156115,0.0349461225919362,activated_stellate,0
0.26209402084350586,0.26137828826904297,-0.0007157325744628906,0.5674448013166081,-0.0009690110148340673,ductal,0
0.28056901693344116,0.2860231399536133,0.005454123020172119,1.5912619477386778,0.007639075333362719,alpha,0
0.31062328815460205,0.30576086044311523,-0.004862427711486816,1.1236019152155179,-0.007003966550474784,beta,0
0.2989952564239502,0.30999261140823364,0.010997354984283447,0.826027667979794,0.01593802496336729,beta,0
0.31216961145401,0.30946528911590576,-0.002704322338104248,1.856340602665272,-0.003916272846938996,alpha,0
0.28749603033065796,0.276214599609375,-0.011281430721282959,1.1455078095584181,-0.015586706660834001,beta,0
0.3666624426841736,0.370300829410553,0.0036383867263793945,0.9454319159016497,0.0057779760500138245,beta,0
0.3059272766113281,0.31443965435028076,0.008512377738952637,2.8437958277497897,0.012416671694867775,beta,0
0.27631819248199463,0.2680986523628235,-0.008219540119171143,1.1741349843145903,-0.011230393475441164,beta,0
0.2726905941963196,0.26774299144744873,-0.00494760274887085,0.9697436476852546,-0.006756647858722105,beta,0
0.368838906288147,0.3551778197288513,-0.013661086559295654,1.4985174798651555,-0.021185819869830078,gamma,0
0.2732503414154053,0.2786458134651184,0.005395472049713135,1.5617099606239038,0.007479643357489869,alpha,0
0.3496587872505188,0.34735554456710815,-0.0023032426834106445,1.1907000522645388,-0.0035290925468491555,alpha,0
0.2631668448448181,0.2641982436180115,0.0010313987731933594,1.1368534476817642,0.0014017345898504662,ductal,0
0.31733500957489014,0.3201764225959778,0.0028414130210876465,1.3193585261572713,0.004179632945267772,beta,0
0.28357750177383423,0.2807818651199341,-0.0027956366539001465,0.7442405603582409,-0.003887049725694606,beta,0
0.3210124373435974,0.3276060223579407,0.006593585014343262,0.9075728762742322,0.009806133358697742,beta,0
0.2913801670074463,0.2897500991821289,-0.0016300678253173828,1.5885480971684125,-0.0022950623765527,beta,0
0.2890324592590332,0.2990102767944336,0.00997781753540039,0.958165862908081,0.014233899877693898,beta,0
0.27213048934936523,0.267020583152771,-0.005109906196594238,1.2329080887811321,-0.006971418404316896,ductal,0
0.2980889678001404,0.2941488027572632,-0.003940165042877197,1.4843503283561257,-0.005582146857961912,beta,0
0.2630472183227539,0.27077674865722656,0.007729530334472656,1.3397573664885827,0.010599676190027803,ductal,0
0.27114784717559814,0.2652183771133423,-0.005929470062255859,1.00446047822779,-0.008069703810720506,beta,0
0.3830934166908264,0.3952285647392273,0.012135148048400879,0.7887137762902008,0.020065676619082214,delta,0
0.34000635147094727,0.33099108934402466,-0.009015262126922607,0.9289562350912616,-0.01347554865612026,beta,0
0.30355459451675415,0.303912878036499,0.00035828351974487305,2.0193771811715613,0.0005147107430090619,beta,0
0.4009576439857483,0.42428112030029297,0.023323476314544678,0.7711866920608177,0.04051191846741264,delta,0
0.24825382232666016,0.2557910084724426,0.007537186145782471,1.1059208134901146,0.010127781619934077,ductal,0
0.3687920570373535,0.37381476163864136,0.005022704601287842,1.713823657491863,0.008021116266540512,beta,0
0.31659501791000366,0.3100340962409973,-0.006560921669006348,1.515396745138402,-0.00950905201729795,alpha,0
0.3011476993560791,0.3080322742462158,0.006884574890136719,0.6707122440574298,0.009949271669624641,beta,0
0.2849687933921814,0.28238046169281006,-0.002588331699371338,1.897120671652827,-0.0036068300278961412,beta,0
0.31784504652023315,0.3234292268753052,0.0055841803550720215,2.10854914914953,0.008253652946434377,beta,0
0.22878676652908325,0.22555756568908691,-0.003229200839996338,1.6249213872607728,-0.004169710616218533,ductal,0
0.25926274061203003,0.2622840404510498,0.0030212998390197754,1.0169329703934042,0.004095478483164496,alpha,0
0.3368089199066162,0.34836429357528687,0.011555373668670654,1.2020622510719778,0.0177328736819392,beta,0
0.313060998916626,0.31631994247436523,0.003258943557739258,1.653959833998575,0.004766767030669259,beta,0
0.3042219877243042,0.28406405448913574,-0.020157933235168457,0.617273037091318,-0.02815605692319937,ductal,0
0.3386703133583069,0.34607142210006714,0.007401108741760254,0.5583396438226058,0.01131791604142556,alpha,0
0.3325507640838623,0.3315351605415344,-0.0010156035423278809,1.1077782952369575,-0.0015193073477890596,beta,0
0.38098037242889404,0.3755582571029663,-0.005422115325927734,1.0371652121167425,-0.008683140401172388,alpha,0
0.2981104850769043,0.28578782081604004,-0.012322664260864258,1.308101359314825,-0.017253506198877496,activated_stellate,0
0.24521338939666748,0.2341582179069519,-0.011055171489715576,1.097993362157608,-0.014435320386283647,activated_stellate,0
0.3946853280067444,0.3848302960395813,-0.009855031967163086,0.9341655490785405,-0.016020021635846326,delta,0
0.3340698480606079,0.3178110718727112,-0.01625877618789673,0.642531540681365,-0.023833245480148018,beta,0
0.28588950634002686,0.2985963225364685,0.01270681619644165,0.7948833371326978,0.018116266858470134,beta,0
0.2794349789619446,0.2856519818305969,0.006217002868652344,1.1172029116013809,0.00870304488921816,beta,0
0.29779666662216187,0.31126993894577026,0.013473272323608398,1.258040597210872,0.01956248621264628,ductal,0
0.3858117461204529,0.3886423707008362,0.0028306245803833008,0.7383776298024526,0.004630063394527712,beta,0
0.41977769136428833,0.40825098752975464,-0.011526703834533691,1.6103653106812663,-0.019479041944515763,ductal,0
0.33238595724105835,0.3321547508239746,-0.00023120641708374023,0.5637492870855052,-0.0003461975919855659,beta,0
0.3302169442176819,0.337147057056427,0.006930112838745117,0.8564746249098741,0.010454977853715375,alpha,0
0.30714309215545654,0.29814785718917847,-0.008995234966278076,0.9416565861741969,-0.012816424454092845,ductal,0
0.3308004140853882,0.3178180456161499,-0.012982368469238281,1.3677276198279908,-0.019030653604673577,alpha,0
0.3499007225036621,0.3498038053512573,-9.691715240478516e-05,1.494447093159389,-0.00014905831993855791,gamma,0
0.35793793201446533,0.3605797290802002,0.0026417970657348633,1.399876675678861,0.004131550383810423,alpha,0
0.2827441692352295,0.27993619441986084,-0.0028079748153686523,0.8214851306089611,-0.0038996194415109233,beta,0
0.4372291564941406,0.3784884214401245,-0.05874073505401611,2.4291757904781166,-0.09451269627208903,ductal,0
0.3616400361061096,0.3673439025878906,0.005703866481781006,1.0886428318565262,0.009015745687290093,beta,0
0.42367297410964966,0.4224247336387634,-0.0012482404708862305,1.4530884660479524,-0.002161173692132335,ductal,0
0.3166385889053345,0.30924737453460693,-0.007391214370727539,1.5480540448057738,-0.010700233481917966,beta,0
0.6189239025115967,0.4458296298980713,-0.1730942726135254,1.627027731221053,-0.31234847973140123,t_cell,1
0.32520925998687744,0.332943856716156,0.0077345967292785645,0.630969552248133,0.011595121051133712,alpha,0
0.3877353072166443,0.38963860273361206,0.0019032955169677734,1.8627285769456543,0.003118309128807983,gamma,0
0.3790208697319031,0.3740285038948059,-0.004992365837097168,1.429587989770423,-0.007975388445256306,delta,0
0.41303521394729614,0.2723163366317749,-0.14071887731552124,0.11144942440924709,-0.19337918988613348,endothelial,0
0.3307979702949524,0.33005470037460327,-0.0007432699203491211,1.7814597789480822,-0.0011094486680699516,alpha,0
0.3460578918457031,0.32657259702682495,-0.019485294818878174,1.2252064485760243,-0.028934514296345526,alpha,0
0.4469248056411743,0.4515354633331299,0.004610657691955566,0.35848760076732383,0.008406482796454746,gamma,0
0.35932457447052,0.3550073504447937,-0.004317224025726318,1.638053299152025,-0.0066934468612991505,beta,0
0.3426549434661865,0.34603774547576904,0.0033828020095825195,1.9315001510158372,0.005172778682836316,beta,0
0.3831000328063965,0.33291804790496826,-0.05018198490142822,0.4067614526725316,-0.07522611688687893,quiescent_stellate,0
0.41580289602279663,0.2917149066925049,-0.12408798933029175,0.03473110154699182,-0.17519497516294635,macrophage,0
0.36244410276412964,0.3591763973236084,-0.0032677054405212402,1.1879504116161594,-0.005099227660894059,gamma,0
0.32821691036224365,0.3354527950286865,0.007235884666442871,1.3093795871558387,0.010888443457910898,alpha,0
0.3578941226005554,0.3453397750854492,-0.012554347515106201,0.8677300736843376,-0.0191768906026708,beta,0
0.4203580617904663,0.39428919553756714,-0.02606886625289917,0.9838953184370378,-0.043038469944473315,beta,0
0.29878896474838257,0.2909114956855774,-0.007877469062805176,0.7413885782557635,-0.011109288917920694,ductal,0
0.39199066162109375,0.35683661699295044,-0.03515404462814331,1.3856243653106186,-0.054658031780018164,ductal,0
0.35203075408935547,0.33297330141067505,-0.01905745267868042,0.6744002259025618,-0.028570749445238793,beta,0
0.3723756670951843,0.369060754776001,-0.0033149123191833496,1.9236310856489043,-0.005253932679376243,beta,0
0.3476123809814453,0.34495335817337036,-0.002659022808074951,1.2311907750388185,-0.004059287748823711,alpha,0
0.34751808643341064,0.3532804846763611,0.0057623982429504395,1.2454012356948534,0.008910196934550139,beta,0
0.28715068101882935,0.28213489055633545,-0.0050157904624938965,1.0748584013829483,-0.006987093252632189,ductal,0
0.34707504510879517,0.3521649241447449,0.005089879035949707,0.6119462926592097,0.007856751240630466,alpha,0
0.3327503204345703,0.3134387135505676,-0.019311606884002686,1.6764910832217623,-0.028128016049190754,ductal,0
0.3887442946434021,0.3913126587867737,0.002568364143371582,1.1070553452575074,0.004219512990449839,alpha,0
0.347758412361145,0.33900827169418335,-0.00875014066696167,1.3846724944104403,-0.013237897377912875,activated_stellate,0
0.3604658246040344,0.34330159425735474,-0.017164230346679688,1.2468754971623646,-0.026137158544292566,ductal,0
0.3140963315963745,0.30661332607269287,-0.007483005523681641,0.5685333346771234,-0.01079196616412928,ductal,0
0.3084781765937805,0.31314796209335327,0.004669785499572754,1.2667352386042348,0.006798823097045897,beta,0
0.4012112021446228,0.40325289964675903,0.0020416975021362305,2.0648327120367234,0.0034213781699612106,beta,0
0.3866698741912842,0.3545149564743042,-0.03215491771697998,1.137355838670848,-0.04981512436190157,ductal,0
0.36925750970840454,0.3347618579864502,-0.034495651721954346,0.6713601547076418,-0.05185459092520243,ductal,0
0.3328183889389038,0.31459295749664307,-0.018225431442260742,1.813799653206524,-0.02659066848174598,ductal,0
0.3164867162704468,0.3101630210876465,-0.006323695182800293,1.0278489836690101,-0.009166941431250445,ductal,0
0.15513306856155396,0.1552906632423401,0.0001575946807861328,1.8483245366222567,0.00018656675607617372,beta,0
0.22718548774719238,0.22437989711761475,-0.0028055906295776367,1.1907777615706654,-0.0036172226830524473,delta,0
0.23986464738845825,0.24428784847259521,0.004423201084136963,2.013266407190085,0.005853023634987246,delta,0
0.18132692575454712,0.1765735149383545,-0.004753410816192627,0.716617055378368,-0.005772720336821282,beta,0
0.15383481979370117,0.15363502502441406,-0.00019979476928710938,0.7446236437241252,-0.0002360621897106182,ductal,0
0.15231835842132568,0.14769494533538818,-0.0046234130859375,0.6682942933936014,-0.0054245989280878384,ductal,0
0.2373669147491455,0.23592305183410645,-0.0014438629150390625,1.3472155842590712,-0.001889682601346555,beta,0
0.1837441325187683,0.17821842432022095,-0.005525708198547363,0.5303351027036431,-0.0067240594849993915,ductal,0
0.30711829662323,0.27553391456604004,-0.03158438205718994,1.7746690019853155,-0.043596771045908506,ductal,0
0.1868841052055359,0.17751866579055786,-0.009365439414978027,1.0146934587576344,-0.011386810892164452,beta,0
0.22695010900497437,0.22246462106704712,-0.004485487937927246,1.4171880698313515,-0.00576885381612202,ductal,0
0.18740427494049072,0.18183249235153198,-0.00557178258895874,1.5910678714690676,-0.006810075610277962,beta,0
0.17918801307678223,0.1789659857749939,-0.00022202730178833008,0.719287422813369,-0.0002704239994221275,ductal,0
0.16077947616577148,0.1635931134223938,0.0028136372566223145,0.7932833958961782,0.0033639575447962917,ductal,0
0.1992579698562622,0.2021501064300537,0.002892136573791504,1.2267512524495316,0.003624913153589278,ductal,0
0.1993045210838318,0.19362974166870117,-0.005674779415130615,1.9735200766116998,-0.007037436409018847,beta,0
0.16716867685317993,0.16637283563613892,-0.0007958412170410156,1.1402166851627165,-0.0009546728454420271,ductal,0
0.26859337091445923,0.2831164002418518,0.014523029327392578,1.7658102696882327,0.020258559872609928,delta,0
0.22522366046905518,0.21733438968658447,-0.007889270782470703,0.986920158650213,-0.010080001827742852,alpha,0
0.18130731582641602,0.17625898122787476,-0.00504833459854126,0.9145503559213469,-0.006128545845715376,ductal,0
0.18196392059326172,0.18630129098892212,0.0043373703956604,0.460059640371317,0.005330437848342894,ductal,0
0.2526888847351074,0.3313078284263611,0.07861894369125366,1.4557068255713066,0.11757120396106782,ductal,0
0.15492784976959229,0.15529972314834595,0.0003718733787536621,1.1074231558798016,0.0004402429938104192,activated_stellate,0
0.19592708349227905,0.19431841373443604,-0.0016086697578430176,1.7796408492055849,-0.0019966569737548618,beta,0
0.2022530436515808,0.1969621181488037,-0.0052909255027771,1.2872973012326339,-0.006588637500612347,beta,0
0.2856842279434204,0.27928996086120605,-0.0063942670822143555,0.7391312651727141,-0.008872177068402055,delta,0
0.20390570163726807,0.19957244396209717,-0.0043332576751708984,1.2286183150837668,-0.005413678780151473,beta,0
0.17253655195236206,0.1727311611175537,0.0001946091651916504,1.2777234690533477,0.00023524295373502407,ductal,0
0.2036827802658081,0.2057754397392273,0.0020926594734191895,3.22477833012163,0.002634846085258423,beta,0
0.24937820434570312,0.24491840600967407,-0.004459798336029053,1.32102934689031,-0.005906379352277247,delta,0
0.15013086795806885,0.15054869651794434,0.0004178285598754883,1.1938678718973554,0.0004918805329543116,ductal,0
0.2005859613418579,0.21050608158111572,0.009920120239257812,2.221443772107008,0.012565163591284895,alpha,0
0.25467008352279663,0.25394922494888306,-0.0007208585739135742,0.9512881685029531,-0.0009662325916948259,delta,0
0.18180805444717407,0.17729854583740234,-0.0045095086097717285,1.6375754111226566,-0.005481342699657457,beta,0
0.18271338939666748,0.18460983037948608,0.0018964409828186035,0.618515218778189,0.0023258080039169657,ductal,0
0.3059275150299072,0.29766225814819336,-0.008265256881713867,0.9401639280918848,-0.011768208355030759,delta,0
0.1944122314453125,0.1941712498664856,-0.0002409815788269043,0.8883761156128855,-0.0002990481275171394,beta,0
0.22515684366226196,0.1880139708518982,-0.03714287281036377,0.3148931285857409,-0.04574324123449803,ductal,0
0.3035457134246826,0.3051597476005554,0.0016140341758728027,0.6418582253139592,0.002322885253551688,delta,0
0.19789046049118042,0.19979417324066162,0.0019037127494812012,1.1157963434726665,0.0023790288521027504,beta,0
0.1939278244972229,0.187208890914917,-0.006718933582305908,1.936893790341222,-0.008266494929883109,beta,0
0.2011197805404663,0.19481873512268066,-0.0063010454177856445,1.7372020858984185,-0.007825623487086101,beta,0
0.21156024932861328,0.19876503944396973,-0.012795209884643555,1.0728720910019072,-0.01596936044298929,ductal,0
0.23631715774536133,0.23107004165649414,-0.0052471160888671875,0.7178759171709171,-0.00682391943756616,ductal,0
0.16271358728408813,0.16891884803771973,0.006205260753631592,1.2414088068656093,0.007466491977324046,ductal,0
0.2493860125541687,0.22832584381103516,-0.021060168743133545,1.1223546779543538,-0.027291530465582164,ductal,0
0.28065192699432373,0.27298277616500854,-0.0076691508293151855,1.2603937725152157,-0.010548788361382516,delta,0
0.27541762590408325,0.27937328815460205,0.003955662250518799,1.4123537099767924,0.005489197368758431,alpha,0
0.17669206857681274,0.17268455028533936,-0.004007518291473389,1.0904777398876508,-0.0048440027233331295,ductal,0
0.28437042236328125,0.2803158164024353,-0.004054605960845947,1.9047086544381822,-0.0056338683734547855,delta,0
0.25067150592803955,0.2474549412727356,-0.003216564655303955,1.878230898424105,-0.004274248588840571,beta,0
0.20550334453582764,0.20017147064208984,-0.005331873893737793,1.7023807572136669,-0.006666271204426952,beta,0
0.36026936769485474,0.35253435373306274,-0.007735013961791992,1.5888316213890958,-0.011946601346943123,delta,0
0.21154409646987915,0.22102737426757812,0.009483277797698975,0.9232933842222737,0.012174083510036581,ductal,0
0.2358214259147644,0.240153968334198,0.004332542419433594,1.2323742444540235,0.005701868850897871,ductal,0
0.23557811975479126,0.24549120664596558,0.009913086891174316,2.1495393662091566,0.013138464360511234,delta,0
0.17527973651885986,0.16738909482955933,-0.007890641689300537,0.4000831076233127,-0.009476985756852744,ductal,0
0.3157675266265869,0.32129985094070435,0.005532324314117432,1.0608381254094188,0.008151352731814549,delta,0
0.23449277877807617,0.2442900538444519,0.009797275066375732,1.4672240473043527,0.012964332567298453,activated_stellate,0
0.24383938312530518,0.237104594707489,-0.006734788417816162,2.130906684252106,-0.008827931550110588,alpha,0
0.21204602718353271,0.2126673460006714,0.0006213188171386719,1.515667908833054,0.0007891439710808714,beta,0
0.2097904086112976,0.20703524351119995,-0.0027551651000976562,0.6817402554764832,-0.003474511417502791,ductal,0
0.18605667352676392,0.19154727458953857,0.005490601062774658,1.1415607170926099,0.006791493046160507,ductal,0
0.3368823528289795,0.1793675422668457,-0.1575148105621338,0.04647138965948609,-0.19194318854659903,macrophage,0
0.2390015721321106,0.23766332864761353,-0.0013382434844970703,1.3641197462898393,-0.0017554494422038287,beta,0
0.20118117332458496,0.20260512828826904,0.001423954963684082,1.950847095591493,0.0017857588682848478,beta,0
0.19901245832443237,0.19878339767456055,-0.00022906064987182617,2.45022451082697,-0.00028589104270556037,beta,0
0.20747607946395874,0.20918422937393188,0.0017081499099731445,1.8967685922739694,0.002159984630327803,beta,0
0.1839882731437683,0.1925392746925354,0.00855100154876709,1.7458485506403778,0.01058999067169619,ductal,0
0.2619568109512329,0.2530938386917114,-0.008862972259521484,1.4067480865830966,-0.011866246014086977,delta,0
0.2043670415878296,0.21376711130142212,0.00940006971359253,1.0401894282914388,0.011955833759577414,ductal,0
0.1628803014755249,0.16508591175079346,0.0022056102752685547,0.6400075088047406,0.0026417212337303624,activated_stellate,0
0.24120748043060303,0.24133849143981934,0.0001310110092163086,2.088654715437228,0.0001726870386042739,alpha,0
0.27655911445617676,0.291678786277771,0.015119671821594238,1.9948957928594397,0.021345784269456426,delta,0
0.20470857620239258,0.20205897092819214,-0.0026496052742004395,0.5184596818063608,-0.003320552744709155,ductal,0
0.2869783639907837,0.25588124990463257,-0.031097114086151123,0.7296597808089569,-0.04179052615213051,ductal,0
0.2634795308113098,0.2693362236022949,0.005856692790985107,0.4809107136329363,0.008015578409894062,beta,0
0.23917412757873535,0.23755019903182983,-0.0016239285469055176,1.2122479307568614,-0.002129882576982024,beta,0
0.16392076015472412,0.15957868099212646,-0.004342079162597656,1.0500754758611377,-0.005166550472236387,ductal,0
0.2775604724884033,0.27877819538116455,0.0012177228927612305,0.7893103817353123,0.001688416635441014,delta,0
0.2198406457901001,0.21475321054458618,-0.005087435245513916,1.6140074517310183,-0.006478772423943517,beta,0
0.2478792667388916,0.250278115272522,0.002398848533630371,1.053895080664431,0.0031996512073304974,alpha,0
0.30723851919174194,0.30885010957717896,0.0016115903854370117,2.019467910632791,0.0023317523561366665,delta,0
0.26439183950424194,0.2665025591850281,0.002110719680786133,2.0690272136065153,0.002877610150133532,gamma,0
0.21020781993865967,0.2123672366142273,0.002159416675567627,1.8819717488989205,0.0027416542022515784,beta,0
0.19813919067382812,0.20640838146209717,0.008269190788269043,1.8916693032232208,0.01041995731192831,ductal,0
0.22585517168045044,0.2256603240966797,-0.00019484758377075195,1.144773825900733,-0.0002516306342477529,alpha,0
0.2259475588798523,0.22512423992156982,-0.0008233189582824707,1.4423146922722259,-0.00106251737465518,alpha,0
0.2636271119117737,0.2521429657936096,-0.011484146118164062,0.859411966410281,-0.015356071538928278,beta,0
0.2112303376197815,0.2202712893486023,0.0090409517288208,1.6014003106373293,0.011594996574215982,activated_stellate,0
0.2628248333930969,0.2542327046394348,-0.00859212875366211,1.5679189078389113,-0.011521192746201036,beta,0
0.20164239406585693,0.20669007301330566,0.0050476789474487305,1.670064218336389,0.006362808249005299,beta,0
0.29027873277664185,0.29702216386795044,0.006743431091308594,1.735580971439327,0.009592665294275205,delta,0
0.1897156834602356,0.18848735094070435,-0.00122833251953125,1.2268628059011686,-0.001513633239056879,beta,0
0.21061187982559204,0.21544206142425537,0.00483018159866333,1.3289173213051584,0.006156564558421077,alpha,0
0.20231664180755615,0.20500916242599487,0.0026925206184387207,0.6953624846020041,0.003386857421722267,ductal,0
0.31343358755111694,0.3068186044692993,-0.006614983081817627,0.7964449656094421,-0.009542932231689782,beta,0
0.23203980922698975,0.23019295930862427,-0.0018468499183654785,1.3373447759522819,-0.0023991075954654735,alpha,0
0.21489030122756958,0.2291700839996338,0.014279782772064209,2.773753770921726,0.018525205723927074,beta,0
0.18552011251449585,0.18883073329925537,0.0033106207847595215,1.8701974268753168,0.004081294645474865,ductal,0
0.26408064365386963,0.2532540559768677,-0.010826587677001953,0.9479011763365592,-0.014498354846995423,beta,0
0.24429869651794434,0.2454085350036621,0.0011098384857177734,1.1162186768783937,0.0014707805974497202,alpha,0
0.20880234241485596,0.20803725719451904,-0.0007650852203369141,1.195181083091502,-0.0009660621377549216,beta,0
0.16358548402786255,0.16705322265625,0.003467738628387451,1.4239144089263627,0.004163217534073423,ductal,0
0.20300793647766113,0.2040005326271057,0.00099259614944458,1.5987009059643538,0.0012469809216336925,beta,0
0.20171207189559937,0.20341885089874268,0.0017067790031433105,1.065283864887196,0.0021426304213562975,ductal,0
0.31517553329467773,0.3208046555519104,0.005629122257232666,2.5890528535304456,0.008287928212768978,delta,0
0.2516077756881714,0.24209809303283691,-0.009509682655334473,0.7726832569457932,-0.012547379242504651,beta,0
0.2833858132362366,0.28736233711242676,0.0039765238761901855,1.6073101533888392,0.0055800080226990866,alpha,0
0.29377108812332153,0.29732751846313477,0.0035564303398132324,2.054888228797603,0.00506129161630851,delta,0
0.28501689434051514,0.2925645112991333,0.007547616958618164,1.1803616942906294,0.010668982655193896,delta,0
0.22881227731704712,0.2281779646873474,-0.000634312629699707,2.256709243653653,-0.000821837937605341,beta,0
0.2272169589996338,0.22636574506759644,-0.0008512139320373535,0.48657333732266284,-0.0011002795269345054,ductal,0
0.25103163719177246,0.2604547142982483,0.00942307710647583,3.6253503317438556,0.012741717496764662,alpha,0
0.3195148706436157,0.31839919090270996,-0.0011156797409057617,2.408649384357951,-0.0016368521369324142,delta,0
0.2392193078994751,0.2462618350982666,0.007042527198791504,1.2269849704998812,0.009343466374307389,beta,0
0.31876087188720703,0.3054965138435364,-0.013264358043670654,0.770464915918786,-0.01909905178025607,beta,0
0.2275189757347107,0.2246016263961792,-0.002917349338531494,1.511648952371456,-0.0037623877452470306,alpha,0
0.2980020046234131,0.2921831011772156,-0.00581890344619751,0.8117943442624642,-0.008220916250905142,quiescent_stellate,0
0.30424201488494873,0.2889600396156311,-0.015281975269317627,0.7109995146962632,-0.021492428162626198,alpha,0
0.28340643644332886,0.2853432297706604,0.001936793327331543,1.6625955514333783,0.002710102818602011,beta,0
0.15261977910995483,0.15238678455352783,-0.00023299455642700195,1.0615241636946184,-0.00027488310963187884,activated_stellate,0
0.19208472967147827,0.19530993700027466,0.0032252073287963867,2.2154893513759104,0.0040080118757443725,ductal,0
0.2558137774467468,0.25726842880249023,0.0014546513557434082,1.274689421314583,0.0019585155824170322,alpha,0
0.23886066675186157,0.2382717728614807,-0.0005888938903808594,1.0591843211794771,-0.0007731023603957501,ductal,0
0.28192979097366333,0.28011852502822876,-0.0018112659454345703,1.4066071223407401,-0.0025160613356602843,beta,0
0.23882687091827393,0.24904578924179077,0.010218918323516846,1.736980244785731,0.013607911344153996,alpha,0
0.2297181487083435,0.23477578163146973,0.005057632923126221,1.03596174628302,0.006609347694077393,alpha,0
0.20917105674743652,0.20941877365112305,0.00024771690368652344,1.0341629880236514,0.00031333517092297866,ductal,0
0.2685401439666748,0.2573801279067993,-0.011160016059875488,1.037217006740665,-0.01502789849727436,ductal,0
0.18325001001358032,0.18641483783721924,0.003164827823638916,1.98161994081884,0.003889977313777144,ductal,0
0.23670125007629395,0.2409900426864624,0.004288792610168457,1.2420892977102993,0.005650509020129772,alpha,0
0.262299120426178,0.25807589292526245,-0.004223227500915527,0.6217694084905399,-0.005692263481728464,alpha,0
0.21060287952423096,0.21124839782714844,0.0006455183029174805,1.0024487554158628,0.0008184050607811227,alpha,0
0.2244781255722046,0.22446829080581665,-9.834766387939453e-06,0.7518198789131374,-1.268132079107155e-05,beta,0
0.2569546699523926,0.25835537910461426,0.0014007091522216797,1.5268468199327563,0.001888652749251531,beta,0
0.2520020008087158,0.2513163089752197,-0.0006856918334960938,1.286941613492692,-0.0009158631899107288,delta,0
0.2106313705444336,0.1993831992149353,-0.011248171329498291,0.5903710235347505,-0.014049382074506327,ductal,0
0.2527170777320862,0.2523016929626465,-0.00041538476943969727,1.1947903190840992,-0.0005555513039552,beta,0
0.24074900150299072,0.23903310298919678,-0.0017158985137939453,1.7166086160069935,-0.0022548924539743617,beta,0
0.1789819598197937,0.18296897411346436,0.003987014293670654,0.8126898201652782,0.004879881139574186,ductal,0
0.23944425582885742,0.2433108687400818,0.0038666129112243652,1.206929342826236,0.005109909408618434,beta,0
0.20581257343292236,0.20502769947052002,-0.0007848739624023438,1.1201449349677213,-0.000987297245299729,beta,0
0.23118984699249268,0.23398327827453613,0.002793431282043457,1.3224104546188697,0.0036466975234577285,ductal,0
0.27443861961364746,0.2647552490234375,-0.009683370590209961,1.7716078454343063,-0.013170268237003216,gamma,0
0.192338228225708,0.20653945207595825,0.014201223850250244,1.5581829920051218,0.017897832333826046,ductal,0
0.23363757133483887,0.2297033667564392,-0.003934204578399658,0.9046280929965802,-0.00510738903509617,alpha,0
0.3045297861099243,0.30538487434387207,0.0008550882339477539,2.305590169147109,0.0012310244945214004,delta,0
0.2488720417022705,0.2478727102279663,-0.0009993314743041992,2.6944334263256446,-0.0013286733348115741,beta,0
0.23534917831420898,0.24496757984161377,0.009618401527404785,1.8224515809723332,0.012739057649189546,beta,0
0.230393648147583,0.22178947925567627,-0.008604168891906738,3.7675569457356928,-0.011056351286124009,beta,0
0.22506964206695557,0.21789991855621338,-0.0071697235107421875,1.185256787033823,-0.009167271147071873,beta,0
0.2548980116844177,0.24981194734573364,-0.005086064338684082,1.0658934242282032,-0.006779719192659629,alpha,0
0.27081364393234253,0.2832440137863159,0.012430369853973389,0.771643884813328,0.01734254068757448,delta,0
0.2570531368255615,0.2511081099510193,-0.005945026874542236,1.56001227050986,-0.007938431372455384,beta,0
0.22735387086868286,0.21923822164535522,-0.008115649223327637,1.2709883736821312,-0.010394526792064956,beta,0
0.23556655645370483,0.23840123414993286,0.0028346776962280273,1.2961296955821786,0.0037220093090146616,beta,0
0.2110457420349121,0.20430803298950195,-0.006737709045410156,0.8307825311653734,-0.008467735411134623,ductal,0
0.22280985116958618,0.22861284017562866,0.0058029890060424805,1.48133319452577,0.00752279699258113,ductal,0
0.20485836267471313,0.19869393110275269,-0.006164431571960449,1.0247777662514028,-0.007692980012548643,ductal,0
0.2734442353248596,0.28811633586883545,0.01467210054397583,1.0815589430670178,0.020610250358649183,delta,0
0.28011852502822876,0.2754043936729431,-0.0047141313552856445,1.7897363577880487,-0.006505879022895775,beta,0
0.23982059955596924,0.23411738872528076,-0.0057032108306884766,2.2202747297468677,-0.007446586130472619,alpha,0
0.23754066228866577,0.234840989112854,-0.0026996731758117676,1.3121343026019838,-0.003528251170539956,alpha,0
0.2986369729042053,0.3017922639846802,0.0031552910804748535,1.4047650348451526,0.004519129361817357,delta,0
0.22272741794586182,0.22948163747787476,0.0067542195320129395,1.8606178189668345,0.008765812549754767,ductal,0
0.19113504886627197,0.18984532356262207,-0.0012897253036499023,1.1926382149927892,-0.0015919494649113384,ductal,0
0.2829986810684204,0.2750668525695801,-0.007931828498840332,1.9178317369845355,-0.010941462018884492,beta,0
0.24543523788452148,0.24152594804763794,-0.003909289836883545,1.3876409064548212,-0.005154151057403712,beta,0
0.26119744777679443,0.26018446683883667,-0.0010129809379577637,0.995133366867691,-0.0013692344815056665,alpha,0
0.28168588876724243,0.28812336921691895,0.006437480449676514,0.9940799740059899,0.0090429720141187,gamma,0
0.24914294481277466,0.2459859848022461,-0.0031569600105285645,1.4877423542578052,-0.004186871791369282,beta,0
0.23606306314468384,0.24008560180664062,0.004022538661956787,2.3537452023704595,0.00529341024662788,alpha,0
0.31087034940719604,0.3127671480178833,0.0018967986106872559,1.4515622294920578,0.0027600522955451125,delta,0
0.2548636198043823,0.2538679242134094,-0.0009956955909729004,0.7567667112438478,-0.0013344763256869956,alpha,0
0.22931331396102905,0.22228819131851196,-0.00702512264251709,1.0140151221948168,-0.009033066701696733,beta,0
0.31922388076782227,0.3109789490699768,-0.008244931697845459,0.8762846769359944,-0.011966153554694242,delta,0
0.26423561573028564,0.2697833180427551,0.005547702312469482,1.7929541282090193,0.007597337132314799,ductal,0
0.18235957622528076,0.17324399948120117,-0.00911557674407959,0.6268249715976829,-0.0110257158561407,ductal,0
0.2573595643043518,0.24965912103652954,-0.007700443267822266,1.1274542644329166,-0.010262593287546517,beta,0
0.27339690923690796,0.24861574172973633,-0.02478116750717163,0.709588647780645,-0.032980684961672634,ductal,0
0.20922690629959106,0.20837783813476562,-0.0008490681648254395,1.028289236707796,-0.001072567451655029,beta,0
0.22246038913726807,0.2268284559249878,0.0043680667877197266,0.9744669105838829,0.0056495441680351624,alpha,0
0.24006718397140503,0.24157214164733887,0.0015049576759338379,1.159307571620507,0.0019843122313606366,alpha,0
0.2029869556427002,0.19816529750823975,-0.004821658134460449,1.0752487020577794,-0.006013281938879413,ductal,0
0.20425426959991455,0.20410805940628052,-0.0001462101936340332,1.0384212545247822,-0.00018370608643801986,beta,0
0.31523817777633667,0.3162972331047058,0.0010590553283691406,0.9048983442498745,0.0015489996232987747,gamma,0
0.264707088470459,0.2597801089286804,-0.0049269795417785645,3.5730507522772523,-0.0066561026003337355,alpha,0
0.27044177055358887,0.28277623653411865,0.012334465980529785,0.7902581357032382,0.017197514372537297,beta,0
0.32379597425460815,0.31128638982772827,-0.012509584426879883,0.8317459221325193,-0.018163695681505106,delta,0
0.20108789205551147,0.22316831350326538,0.022080421447753906,1.608829203032883,0.02842368795141407,ductal,0
0.19822615385055542,0.1911270022392273,-0.007099151611328125,1.100925127623232,-0.008776596117042994,beta,0
0.26972347497940063,0.2744690775871277,0.004745602607727051,1.441711471865073,0.006540868846698869,alpha,0
0.22200238704681396,0.21696698665618896,-0.005035400390625,1.3643384610183809,-0.0064306361351511455,ductal,0
0.25074905157089233,0.24976491928100586,-0.0009841322898864746,0.9195498638161492,-0.001311765225565463,alpha,0
0.3142743706703186,0.31178057193756104,-0.0024937987327575684,1.076413200195925,-0.00362355177879593,gamma,0
0.20314806699752808,0.19738441705703735,-0.005763649940490723,1.4861150819121847,-0.0071810840245053065,beta,0
0.21721309423446655,0.21864765882492065,0.0014345645904541016,0.7231277831996535,0.0018360021655488398,beta,0
0.24972981214523315,0.2538720965385437,0.004142284393310547,2.378444348360054,0.005551708191174129,beta,0
0.18523544073104858,0.1857011318206787,0.00046569108963012695,0.9924846250753606,0.0005718920998519361,ductal,0
0.21731263399124146,0.22593051195144653,0.008617877960205078,1.4905245587965885,0.011133209735382985,ductal,0
0.257097065448761,0.25600147247314453,-0.001095592975616455,2.184473348151352,-0.0014725741182020128,beta,0
0.2706655263900757,0.2760816812515259,0.005416154861450195,1.5051332254936929,0.00748172096378741,gamma,0
0.2148977518081665,0.21170568466186523,-0.0031920671463012695,1.8240584922749767,-0.004049334219709613,ductal,0
0.2695502042770386,0.28590869903564453,0.016358494758605957,1.056368433227495,0.0229081277653353,alpha,0
0.18941915035247803,0.18554723262786865,-0.003871917724609375,1.1969031426023715,-0.004754011380061108,activated_stellate,0
0.19737499952316284,0.19106543064117432,-0.006309568881988525,0.8711989169211013,-0.007799850718445114,ductal,0
0.26038026809692383,0.25811851024627686,-0.0022617578506469727,1.3516723848359238,-0.0030486781000531385,gamma,0
0.24048703908920288,0.24445611238479614,0.003969073295593262,0.938101865275883,0.0052532663696363575,ductal,0
0.26724565029144287,0.2643663287162781,-0.002879321575164795,1.6434980832889063,-0.003914069852376683,alpha,0
0.17552685737609863,0.18138307332992554,0.005856215953826904,1.3824445658977231,0.007153792895107242,activated_stellate,0
0.24817019701004028,0.255365788936615,0.007195591926574707,1.205432474707832,0.00966325723377515,alpha,0
0.20555657148361206,0.20711565017700195,0.0015590786933898926,0.8467247634191148,0.0019663380841580974,beta,0
0.21423447132110596,0.21117722988128662,-0.003057241439819336,1.3036879968864805,-0.003875701305325198,beta,0
0.33391493558883667,0.2263404130935669,-0.10757452249526978,0.04765720621521818,-0.13904632517438179,macrophage,0
0.20778149366378784,0.21013295650482178,0.0023514628410339355,1.2718669641760554,0.002977036275154187,ductal,0
0.2728831171989441,0.2614917755126953,-0.01139134168624878,1.6352644160811922,-0.015424800034091702,alpha,0
0.2976725697517395,0.3058188557624817,0.008146286010742188,0.8635090618236739,0.011735101246073153,delta,0
0.3084169030189514,0.3058737516403198,-0.002543151378631592,1.6073210169996783,-0.003663816754720662,beta,0
0.21854758262634277,0.22216713428497314,0.003619551658630371,1.6774632070895137,0.0046533796888398125,ductal,0
0.21481359004974365,0.20907729864120483,-0.005736291408538818,0.6932859928749889,-0.007252657432494911,ductal,0
0.2204708456993103,0.22348886728286743,0.003018021583557129,1.3256410250017887,0.003886643032401357,ductal,0
0.22079241275787354,0.21881872415542603,-0.0019736886024475098,2.409966377565566,-0.002526543663394462,beta,0
0.29759401082992554,0.27497345209121704,-0.022620558738708496,0.9452051363982151,-0.03119962821217194,delta,0
0.2133568525314331,0.2171839475631714,0.0038270950317382812,1.7331923610752134,0.004888881647003679,beta,0
0.24918842315673828,0.24495553970336914,-0.004232883453369141,1.8703378357574643,-0.005606138016966825,alpha,0
0.19393891096115112,0.20388156175613403,0.00994265079498291,1.2684975314384965,0.012488909083571923,ductal,0
0.2184544801712036,0.21839433908462524,-6.014108657836914e-05,0.7603609563471793,-7.694556166332664e-05,beta,0
0.27414703369140625,0.2688443064689636,-0.005302727222442627,0.9370531927240452,-0.007252528113176123,ductal,0
0.26199084520339966,0.25174081325531006,-0.0102500319480896,1.1784415985113483,-0.013698504648746753,activated_stellate,0
0.24433302879333496,0.24111586809158325,-0.003217160701751709,1.127081179753381,-0.004239330572983915,alpha,0
0.23917442560195923,0.236522376537323,-0.0026520490646362305,1.5334001162529063,-0.0034736434744585243,beta,0
0.3238034248352051,0.33539456129074097,0.011591136455535889,1.4007933389821812,0.017440628349426723,delta,0
0.2624020576477051,0.2639395594596863,0.0015375018119812012,1.3487799748056712,0.0020888254921736862,beta,0
0.3238440752029419,0.3442620038986206,0.02041792869567871,0.7548008030652985,0.031137327434236445,beta,0
0.29835188388824463,0.30334019660949707,0.004988312721252441,1.0393515287746928,0.007160328035255268,delta,0
0.2637476325035095,0.26552993059158325,0.0017822980880737305,1.2283299640235001,0.002426644954380909,beta,0
0.28054261207580566,0.27133941650390625,-0.009203195571899414,1.3306533682860113,-0.012630291496958337,alpha,0
0.24318838119506836,0.24620825052261353,0.003019869327545166,0.9050434554040097,0.004006238234418034,alpha,0
0.2517920136451721,0.24935656785964966,-0.002435445785522461,2.130893417520511,-0.0032444775791591785,alpha,0
0.1912449598312378,0.19071733951568604,-0.0005276203155517578,0.9555672375875185,-0.0006519604846544028,ductal,0
0.2815694212913513,0.2748626470565796,-0.0067067742347717285,0.9094912418785491,-0.009248970843314193,alpha,0
0.2357730269432068,0.22777855396270752,-0.007994472980499268,0.750531983053605,-0.010352565344466222,alpha,0
0.25523263216018677,0.24713069200515747,-0.008101940155029297,0.6866516710587639,-0.010761416449035001,beta,0
0.18807214498519897,0.18747496604919434,-0.0005971789360046387,1.0849275819984021,-0.0007349668146234555,ductal,0
0.25661396980285645,0.2565121054649353,-0.00010186433792114258,1.3126781483611587,-0.00013700873769416618,ductal,0
0.27782803773880005,0.335834264755249,0.058006227016448975,1.1014605123134094,0.08733697620680952,ductal,0
0.2802509069442749,0.2790139317512512,-0.0012369751930236816,1.238893748318991,-0.0017156714220959266,alpha,0
0.3786274790763855,0.37502604722976685,-0.0036014318466186523,1.0759193680866406,-0.005762531111344877,beta,0
0.3389837145805359,0.34269487857818604,0.0037111639976501465,1.5792290486210498,0.005646029335086487,delta,0
0.2436111569404602,0.2442082166671753,0.0005970597267150879,0.709490987360165,0.0007899791184315685,beta,0
0.19976305961608887,0.20985561609268188,0.010092556476593018,1.9058992485243722,0.012773053485091718,ductal,0
0.27514272928237915,0.2722700834274292,-0.002872645854949951,1.213234983924102,-0.0039474065714920825,beta,0
0.22180920839309692,0.21784162521362305,-0.003967583179473877,1.1536095848615275,-0.005072608447819155,ductal,0
0.2424222230911255,0.24413830041885376,0.0017160773277282715,2.1281363419183315,0.002270358887980724,beta,0
0.26039665937423706,0.25115591287612915,-0.00924074649810791,1.0365893665576382,-0.012340013972199986,alpha,0
0.2658258080482483,0.2735940217971802,0.007768213748931885,1.3214382958207909,0.010694038846088518,beta,0
0.25830620527267456,0.2675955295562744,0.009289324283599854,1.4223122463503246,0.012683325482669348,beta,0
0.1699305772781372,0.17137044668197632,0.0014398694038391113,1.2824245805795362,0.0017376515212057576,ductal,0
0.20479023456573486,0.20368492603302002,-0.0011053085327148438,1.3937432642051508,-0.0013880291468156693,activated_stellate,0
0.18763166666030884,0.17982280254364014,-0.007808864116668701,1.1808862887608698,-0.009520947596307927,ductal,0
0.21580910682678223,0.21998530626296997,0.004176199436187744,2.749988172919047,0.005354000981929817,beta,0
0.2828284502029419,0.2597042918205261,-0.02312415838241577,1.27387889039984,-0.03123638044489332,ductal,0
0.37264198064804077,0.29481059312820435,-0.07783138751983643,0.47512927310647574,-0.11036947912348076,activated_stellate,0
0.23548263311386108,0.23466330766677856,-0.0008193254470825195,1.052907983403665,-0.0010705424884108286,ductal,0
0.2768738865852356,0.2660127878189087,-0.010861098766326904,0.897218624677641,-0.014797395085470814,beta,0
0.23266375064849854,0.2328774333000183,0.0002136826515197754,3.0223297405562835,0.0002785508610951159,beta,0
0.2340196967124939,0.23790329694747925,0.0038836002349853516,1.0679187018703309,0.0050959415247827265,beta,0
0.3513677716255188,0.3486281633377075,-0.0027396082878112793,1.1660533036269956,-0.004205905342560343,delta,0
0.2912759780883789,0.282942533493042,-0.008333444595336914,0.9362450794314112,-0.011621724875039775,alpha,0
0.298423171043396,0.28093451261520386,-0.01748865842819214,1.1772126982739637,-0.0243213709112886,delta,0
0.2764301300048828,0.26559966802597046,-0.010830461978912354,1.9685344080625304,-0.01474735441608617,alpha,0
0.21596384048461914,0.21367448568344116,-0.0022893548011779785,1.5153668924581252,-0.002911459388632187,ductal,0
0.2926863431930542,0.2935543656349182,0.0008680224418640137,0.42595331081723736,0.001228717964467498,gamma,0
0.2961636185646057,0.29410338401794434,-0.002060234546661377,1.8036180283366006,-0.002918606634478822,gamma,0
0.3173166513442993,0.31182122230529785,-0.005495429039001465,1.805245130563977,-0.007985467173821235,alpha,0
0.26058369874954224,0.2652972340583801,0.004713535308837891,0.9355269838303054,0.006415567665376712,ductal,0
0.25274574756622314,0.2495098114013672,-0.003235936164855957,1.0020559677286824,-0.004311763450096957,beta,0
0.2343575358390808,0.23744410276412964,0.003086566925048828,1.0521986900053686,0.004047659897768918,alpha,0
0.2781510353088379,0.27423083782196045,-0.003920197486877441,2.1724177548100085,-0.005401438489220037,alpha,0
0.24522888660430908,0.23575639724731445,-0.009472489356994629,0.48852192096075525,-0.012394594240470196,alpha,0
0.22843581438064575,0.24353396892547607,0.015098154544830322,0.9961645224444133,0.019958800428069603,ductal,0
0.225633442401886,0.22344672679901123,-0.002186715602874756,0.785538813583035,-0.0028159247772673885,ductal,0
0.30301451683044434,0.30069905519485474,-0.0023154616355895996,4.193875789722713,-0.0033111089764576037,beta,0
0.2094196081161499,0.20526039600372314,-0.004159212112426758,0.9186146888617026,-0.005233427517028889,beta,0
0.27259689569473267,0.26654475927352905,-0.006052136421203613,1.2977264185284525,-0.008251541587199115,ductal,0
0.25180763006210327,0.2567310333251953,0.004923403263092041,0.7820458893877871,0.0066239860452106435,activated_stellate,0
0.2446737289428711,0.2467913031578064,0.0021175742149353027,1.9937961402981823,0.0028114043608540016,beta,0
0.186742901802063,0.1863449215888977,-0.0003979802131652832,0.9874290401673236,-0.0004891264415659459,ductal,0
0.19872218370437622,0.19747823476791382,-0.0012439489364624023,2.1289630486801028,-0.0015500500925388074,ductal,0
0.2290676236152649,0.22744965553283691,-0.0016179680824279785,1.3702837252764684,-0.0020943205760187832,ductal,0
0.24471884965896606,0.22588568925857544,-0.018833160400390625,0.6379506747960323,-0.024328655521628016,acinar,0
0.20427942276000977,0.19898605346679688,-0.005293369293212891,0.553379192133428,-0.006608335992304065,ductal,0
0.27497607469558716,0.2865058183670044,0.011529743671417236,0.9866212739579577,0.016159548274141164,gamma,0
0.29651927947998047,0.2969544529914856,0.00043517351150512695,1.599627469107224,0.0006189833835898781,alpha,0
0.23205626010894775,0.23701059818267822,0.004954338073730469,0.6329790678254703,0.0064933248901360985,ductal,0
0.26492321491241455,0.26152414083480835,-0.003399074077606201,1.435850633556228,-0.004602823552619143,beta,0
0.21378803253173828,0.2131245732307434,-0.000663459300994873,1.2771341822198636,-0.0008431567163291603,ductal,0
0.28990429639816284,0.2914566993713379,0.0015524029731750488,1.5208934733616692,0.002190978267379938,gamma,0
0.25855815410614014,0.26530349254608154,0.006745338439941406,1.2872685651361662,0.009181122234155287,beta,0
0.26521193981170654,0.25350332260131836,-0.011708617210388184,0.4989324137187865,-0.01568475462099741,beta,0
0.27123790979385376,0.2657712697982788,-0.005466639995574951,1.1607609460775874,-0.007445418260973052,beta,0
0.3228437900543213,0.32184451818466187,-0.0009992718696594238,1.1816249583931797,-0.0014735144026035106,delta,0
0.29075998067855835,0.28446102142333984,-0.006298959255218506,1.4112046292487905,-0.00880309730679984,alpha,0
0.2521696090698242,0.24974817037582397,-0.002421438694000244,0.9498446592565405,-0.0032275012181086134,beta,0
0.24435800313949585,0.24135833978652954,-0.0029996633529663086,1.8505005569333786,-0.003953992392300534,beta,0
0.30590224266052246,0.3088616728782654,0.00295943021774292,1.1331655473893658,0.004281965131448508,beta,0
0.19585466384887695,0.2011350393295288,0.0052803754806518555,2.229752423015043,0.0066098473967617045,activated_stellate,0
0.24233907461166382,0.23668181896209717,-0.00565725564956665,1.1037004625477607,-0.00741139906018528,ductal,0
0.29624736309051514,0.2996063828468323,0.0033590197563171387,1.4311375373647455,0.004795902866691261,beta,0
0.18580228090286255,0.18461859226226807,-0.0011836886405944824,0.8800837202965126,-0.0014516993266729193,ductal,0
0.2670266032218933,0.26700180768966675,-2.47955322265625e-05,0.6729772381787851,-3.382754894443817e-05,beta,0
0.22653788328170776,0.23069560527801514,0.004157721996307373,2.202268360174805,0.005404521311502337,beta,0
0.24756073951721191,0.25479811429977417,0.007237374782562256,3.207915317178739,0.00971196520223736,gamma,0
0.2878398895263672,0.2849777340888977,-0.0028621554374694824,0.7884674315855381,-0.0040028899433256675,beta,0
0.2616010904312134,0.27157652378082275,0.009975433349609375,1.360605188648278,0.013694552242311094,gamma,0
0.2028123140335083,0.19738733768463135,-0.005424976348876953,1.199299052200762,-0.006759146227804378,ductal,0
0.3005523681640625,0.29699891805648804,-0.003553450107574463,1.4234301687947153,-0.005054686541520846,ductal,0
0.2978145480155945,0.29258179664611816,-0.005232751369476318,2.4719255342137902,-0.007396970200466647,beta,0
0.2337280511856079,0.2246069312095642,-0.009121119976043701,0.795171892674304,-0.011763220930349651,beta,0
0.28040534257888794,0.28815996646881104,0.007754623889923096,2.32151635287983,0.010893773213983377,alpha,0
0.3177196979522705,0.3161734342575073,-0.0015462636947631836,0.7681339880896,-0.002261192782243352,delta,0
0.2662346363067627,0.26884329319000244,0.002608656883239746,1.640246035102176,0.0035678492161019676,beta,0
0.31073009967803955,0.3105999231338501,-0.00013017654418945312,0.7004141984166243,-0.00018882583358737786,alpha,0
0.26727432012557983,0.27624261379241943,0.0089682936668396,0.6885061987559188,0.01239129829656399,ductal,0
0.3068222403526306,0.30831193923950195,0.0014896988868713379,2.3364451092334284,0.0021537149061579028,delta,0
0.30496448278427124,0.312477707862854,0.007513225078582764,0.5066905398974403,0.010927973048303771,alpha,0
0.24232250452041626,0.24062299728393555,-0.0016995072364807129,1.6228032868348006,-0.0022380283184796007,ductal,0
0.2592960596084595,0.2659878730773926,0.0066918134689331055,1.4098977198898357,0.009116761458681833,alpha,0
0.19069528579711914,0.1801968812942505,-0.010498404502868652,0.9053885237201152,-0.012806007031838124,ductal,0
0.2823858857154846,0.286149263381958,0.0037633776664733887,1.6021376644475014,0.005271939179194331,delta,0
0.23447245359420776,0.2233862280845642,-0.011086225509643555,1.707913785021144,-0.014275082300305532,alpha,0
0.2788812518119812,0.2785301208496094,-0.00035113096237182617,1.0177001792117304,-0.0004866883185550603,alpha,0
0.27030014991760254,0.27574312686920166,0.005442976951599121,1.093399227933475,0.007515257574388442,beta,0
0.2270183563232422,0.22648167610168457,-0.0005366802215576172,1.203041239556728,-0.000693817075790654,ductal,0
0.2281453013420105,0.233140230178833,0.00499492883682251,1.1934433285713473,0.006513483994586566,ductal,0
0.21889114379882812,0.2344048023223877,0.01551365852355957,0.9517698905255466,0.020263526430964216,ductal,0
0.33421653509140015,0.3371565341949463,0.0029399991035461426,1.8862690849489219,0.004435434993653259,beta,0
0.2566235065460205,0.24044108390808105,-0.016182422637939453,0.73658429990915,-0.021305026239703987,ductal,0
0.3007773160934448,0.28896307945251465,-0.011814236640930176,1.0399315458846623,-0.016615503779794486,alpha,0
0.24836552143096924,0.24292558431625366,-0.005439937114715576,1.840646768601048,-0.007185472130639279,beta,0
0.2489917278289795,0.24799680709838867,-0.0009949207305908203,1.0284962211019557,-0.0013230272690092039,ductal,0
0.2918577194213867,0.2920951843261719,0.00023746490478515625,1.2502220501374253,0.00033544750583328395,alpha,0
0.35015547275543213,0.3390570282936096,-0.01109844446182251,0.5612319938760465,-0.016791833693562224,beta,0
0.29808247089385986,0.3003203272819519,0.002237856388092041,1.291715129384417,0.0031984013189902067,gamma,0
0.2983551621437073,0.2990512251853943,0.0006960630416870117,1.1944322793083049,0.0009930298285650242,delta,0
0.27659279108047485,0.26259446144104004,-0.013998329639434814,2.00294994904592,-0.018983217385090966,alpha,0
0.22292590141296387,0.24413877725601196,0.021212875843048096,0.8893616380205385,0.028064511321323527,ductal,0
0.3135306239128113,0.3058253526687622,-0.007705271244049072,1.39222278991144,-0.011099902990799325,gamma,0
0.194189190864563,0.19593137502670288,0.0017421841621398926,1.0115097969619826,0.0021667107856593085,ductal,0
0.2377082109451294,0.2328486442565918,-0.004859566688537598,2.343769232400891,-0.006334560516846683,beta,0
0.3338351249694824,0.3318935036659241,-0.0019416213035583496,1.521984560124908,-0.002906155402188266,beta,0
0.280653178691864,0.28111475706100464,0.000461578369140625,0.8898509869639426,0.0006420751763571735,beta,0
0.24614214897155762,0.2505975365638733,0.004455387592315674,1.4900394276992879,0.00594525346485656,ductal,0
0.26733481884002686,0.2731570601463318,0.005822241306304932,0.7957887711250784,0.008010315553834912,alpha,0
0.25930625200271606,0.25617486238479614,-0.003131389617919922,1.4141509197552853,-0.004209846453911934,beta,0
0.2730618715286255,0.2727545499801636,-0.00030732154846191406,0.9419485039242697,-0.00042258297862644796,beta,0
0.28479820489883423,0.2882472276687622,0.0034490227699279785,0.9511000223036468,0.004845815715801471,beta,0
0.3103213906288147,0.3051832914352417,-0.005138099193572998,1.6128686043738178,-0.007394898726869228,alpha,0
0.29004842042922974,0.2830124497413635,-0.007035970687866211,0.7760547422797156,-0.009813239693392374,alpha,0
0.2822284698486328,0.295465350151062,0.0132368803024292,1.2811640255494456,0.01878811823558624,beta,0
0.2552567720413208,0.25687217712402344,0.0016154050827026367,1.2859349001570337,0.0021737916855957065,alpha,0
0.2541590929031372,0.25972771644592285,0.0055686235427856445,1.4168136582915303,0.007522399077337406,alpha,0
0.3089424967765808,0.2961342930793762,-0.01280820369720459,1.2437931502890436,-0.01819694235884828,beta,0
0.2705007791519165,0.25749748945236206,-0.013003289699554443,1.8070849334333254,-0.017512788865809727,beta,0
0.2636924982070923,0.26375991106033325,6.74128532409668e-05,1.2191674053963593,9.156368181207684e-05,alpha,0
0.26999419927597046,0.26693201065063477,-0.0030621886253356934,0.9257369401070562,-0.0041772232177994025,beta,0
0.3010425567626953,0.2985888719558716,-0.0024536848068237305,1.0155421049316047,-0.0034982119740041536,beta,0
0.2634623050689697,0.26720064878463745,0.0037383437156677246,2.41856979880207,0.005101456093632733,alpha,0
0.2717706561088562,0.2643957734107971,-0.007374882698059082,1.2900503307925404,-0.0100256121858549,beta,0
0.3018351197242737,0.2876572608947754,-0.014177858829498291,0.8801957826037401,-0.019903142197121478,alpha,0
0.2676527500152588,0.26998913288116455,0.0023363828659057617,0.7894045867296672,0.0032004768300598896,delta,0
0.2684618830680847,0.26859545707702637,0.0001335740089416504,0.6946112948930432,0.0001826267149064146,beta,0
0.25411200523376465,0.2504151463508606,-0.0036968588829040527,1.32043105234324,-0.004931875110478758,beta,0
0.24338126182556152,0.2377360463142395,-0.0056452155113220215,0.9635662970226971,-0.00740585394865626,alpha,0
0.2141755223274231,0.2024064064025879,-0.011769115924835205,0.9735069956266721,-0.014755780411616124,activated_stellate,0
0.26752448081970215,0.26528507471084595,-0.002239406108856201,1.4038827119000181,-0.003047993217198986,beta,0
0.2930210828781128,0.2970089912414551,0.003987908363342285,1.319300629438172,0.005672772928326321,gamma,0
0.29559385776519775,0.2937356233596802,-0.0018582344055175781,1.4462524084824402,-0.0026310748028339583,alpha,0
0.28417909145355225,0.2930934429168701,0.008914351463317871,1.6117270745568997,0.01261036748633465,beta,0
0.33467739820480347,0.3351022005081177,0.000424802303314209,1.9579780690162036,0.0006388986452336655,beta,0
0.30338001251220703,0.2971457839012146,-0.006234228610992432,0.9158972104637528,-0.0088698743895935,alpha,0
0.2827897071838379,0.29635047912597656,0.013560771942138672,2.0639769187202623,0.019272054538308284,alpha,0
0.25922083854675293,0.24983561038970947,-0.009385228157043457,0.8665834490058818,-0.012510895327781517,activated_stellate,0
0.16158533096313477,0.17053282260894775,0.008947491645812988,1.438557670071355,0.01078703520729512,activated_stellate,0
0.2657424211502075,0.27849674224853516,0.012754321098327637,3.4477583909335956,0.017677426901821554,alpha,0
0.2428532838821411,0.24298125505447388,0.00012797117233276367,2.9407102995152266,0.00016904623985496194,beta,0
0.26917219161987305,0.273590624332428,0.004418432712554932,1.7383804752040986,0.006082565644880865,alpha,0
0.23642951250076294,0.22997301816940308,-0.006456494331359863,0.9491295558104605,-0.00838476375985,ductal,0
0.18898838758468628,0.18787068128585815,-0.001117706298828125,2.4323543086181143,-0.001376266406189852,ductal,0
0.25959187746047974,0.2618814706802368,0.00228959321975708,1.4034339287660083,0.0031019316394443157,beta,0
0.25831007957458496,0.2563856244087219,-0.0019244551658630371,0.7817827045652831,-0.0025879746667522726,beta,0
0.2914491891860962,0.2962912917137146,0.004842102527618408,0.9714358290440317,0.006880833604305101,gamma,0
0.3059810400009155,0.3078908920288086,0.0019098520278930664,0.9081200528304979,0.0027594666879785707,gamma,0
0.2653859853744507,0.2742760181427002,0.008890032768249512,1.5874862757250714,0.012249881484552583,beta,0
0.18931317329406738,0.18061423301696777,-0.00869894027709961,1.101925796815156,-0.010616416134648024,activated_stellate,0
0.2374403476715088,0.23751938343048096,7.903575897216797e-05,1.921009355336815,0.00010365608942002776,ductal,0
0.2571617364883423,0.2517024278640747,-0.005459308624267578,0.8911679194039129,-0.0072956385635257895,beta,0
0.288610577583313,0.2753756642341614,-0.013234913349151611,0.9428190634626802,-0.018264516792917174,alpha,0
0.21094989776611328,0.20282840728759766,-0.008121490478515625,0.7954842682861305,-0.010187882449350696,ductal,0
0.3141213655471802,0.31194013357162476,-0.00218123197555542,2.191197535115263,-0.0031701194648626973,alpha,0
0.271182119846344,0.27842622995376587,0.007244110107421875,2.3366995446016645,0.010039320175063619,beta,0
0.23431777954101562,0.23169314861297607,-0.0026246309280395508,1.2711058950516783,-0.003416123288893371,beta,0
0.2500169277191162,0.2501918077468872,0.0001748800277709961,1.606907326427935,0.00023323301822762937,alpha,0
0.26486504077911377,0.26376283168792725,-0.0011022090911865234,1.649367738395311,-0.0014970842802102655,ductal,0
0.29387813806533813,0.29882603883743286,0.0049479007720947266,1.0859259956800404,0.007056595147787521,beta,0
0.25984519720077515,0.26058846712112427,0.0007432699203491211,0.938596595634136,0.0010052181867588985,alpha,0
0.27948105335235596,0.27688825130462646,-0.002592802047729492,1.2159223874718132,-0.003585617371599042,alpha,0
0.37253880500793457,0.3740149736404419,0.0014761686325073242,1.008662702836686,0.002358153263013405,gamma,0
0.3093390464782715,0.31297528743743896,0.0036362409591674805,2.0080169465454607,0.005292736771584998,delta,0
0.2541017532348633,0.24773210287094116,-0.006369650363922119,1.2114846365189282,-0.008467263309030113,alpha,0
0.3174055218696594,0.3180190324783325,0.0006135106086730957,2.0494030194199335,0.0008996007775739044,beta,0
0.22856181859970093,0.22060590982437134,-0.00795590877532959,0.7762382322302638,-0.010207812550306618,ductal,0
0.3648753762245178,0.3650139570236206,0.0001385807991027832,0.9034426271385727,0.0002182422757722538,beta,0
0.28190356492996216,0.27629315853118896,-0.005610406398773193,1.2779618489034044,-0.007752319139869538,beta,0
0.2213258147239685,0.23697108030319214,0.015645265579223633,1.576851941951984,0.020504158067089166,ductal,0
0.26183903217315674,0.2527581453323364,-0.009080886840820312,1.3371147969144284,-0.01215254041793342,beta,0
0.21878302097320557,0.2187219262123108,-6.109476089477539e-05,2.003703299061494,-7.819848392593925e-05,ductal,0
0.30575311183929443,0.3125215172767639,0.006768405437469482,1.8985835209479753,0.009845261499179598,beta,0
0.2820139527320862,0.2860308885574341,0.0040169358253479,1.4891650843630937,0.005626203936514466,beta,0
0.2338544726371765,0.2318335771560669,-0.002020895481109619,1.2688719659803172,-0.002630804238523975,ductal,0
0.3017735481262207,0.30654215812683105,0.0047686100006103516,0.9885729425473185,0.006876567993995681,alpha,0
0.23272085189819336,0.23639124631881714,0.0036703944206237793,1.1749408781037909,0.00480664267261166,ductal,0
0.2863371968269348,0.2831874489784241,-0.003149747848510742,0.7119614295225708,-0.004394102536321152,ductal,0
0.32775574922561646,0.3110589385032654,-0.016696810722351074,0.9992115724352508,-0.024235470427727165,gamma,0
0.2707928419113159,0.280631959438324,0.009839117527008057,1.9380365076075068,0.013677445997358687,alpha,0
0.3989756107330322,0.312621533870697,-0.0863540768623352,0.1216257328439565,-0.12562813808905546,endothelial,0
0.19150906801223755,0.19408351182937622,0.002574443817138672,1.7881216663870898,0.00319443001219951,ductal,0
0.28656530380249023,0.28852301836013794,0.001957714557647705,0.7743180866107199,0.0027516203730659386,beta,0
0.33556294441223145,0.3306545615196228,-0.004908382892608643,1.0675860222166813,-0.007333108751367906,gamma,0
0.31333351135253906,0.30935049057006836,-0.003983020782470703,1.084239707430474,-0.005767065245233178,beta,0
0.23664939403533936,0.23263466358184814,-0.004014730453491211,0.822328956989875,-0.005231837122368411,ductal,0
0.3147885203361511,0.3218833804130554,0.007094860076904297,1.4847603823974556,0.010462595771839257,alpha,0
0.2605915665626526,0.2702399492263794,0.009648382663726807,1.0247017476933404,0.013221308364987272,ductal,0
0.22277647256851196,0.21599942445755005,-0.006777048110961914,1.3484946311665236,-0.008644187673297147,activated_stellate,0
0.2922523021697998,0.2859245538711548,-0.0063277482986450195,1.0639029602321588,-0.008861456212994143,gamma,0
0.2824627757072449,0.2836190462112427,0.0011562705039978027,2.5716365968128025,0.0016140441728420905,beta,0
0.3080940246582031,0.31269359588623047,0.004599571228027344,1.5740829845899937,0.006692169897584686,alpha,0
0.22856199741363525,0.2381342053413391,0.009572207927703857,0.8834428897149861,0.012564165493205399,ductal,0
0.283639132976532,0.2795901894569397,-0.004048943519592285,1.464096323792929,-0.005620333677216451,beta,0
0.18645846843719482,0.1880800724029541,0.0016216039657592773,1.1643815144668512,0.001997246170023894,ductal,0
0.21156656742095947,0.2214423418045044,0.009875774383544922,1.5504722386824616,0.01268470521044585,activated_stellate,0
0.34896987676620483,0.3483450412750244,-0.0006248354911804199,1.5836468250939382,-0.0009588440674233025,gamma,0
0.2505342364311218,0.24712693691253662,-0.003407299518585205,1.0231732033833376,-0.00452572908454472,ductal,0
0.29795461893081665,0.29370027780532837,-0.004254341125488281,1.130915788507901,-0.006023421773788681,alpha,0
0.24707633256912231,0.24358117580413818,-0.003495156764984131,0.9023524259237787,-0.00462066338539338,beta,0
0.23312866687774658,0.23332089185714722,0.00019222497940063477,0.7416738077954561,0.0002507241652459612,beta,0
0.2407829761505127,0.2437574863433838,0.0029745101928710938,1.0199816017107333,0.003933275555335569,ductal,0
0.28603434562683105,0.3009883165359497,0.014953970909118652,0.8303434227924097,0.02139301997788099,beta,0
0.37251943349838257,0.3665575385093689,-0.005961894989013672,1.505417226934356,-0.009411896662222495,beta,0
0.3054618835449219,0.3098660707473755,0.004404187202453613,1.2400624538671432,0.006381641324638387,delta,0
0.29539239406585693,0.2902584671974182,-0.005133926868438721,0.6565815505773958,-0.007233516190275916,gamma,0
0.22499483823776245,0.2213118076324463,-0.003683030605316162,2.4131217021792244,-0.004729788690025122,ductal,0
0.31621551513671875,0.31140244007110596,-0.004813075065612793,2.1141225007808084,-0.0069896777823461945,beta,0
0.2556745409965515,0.2567315697669983,0.0010570287704467773,1.2227823615958533,0.0014221359706013846,beta,0
0.25754648447036743,0.25533199310302734,-0.002214491367340088,1.4509799523485722,-0.002973796842122788,beta,0
0.28835397958755493,0.28793132305145264,-0.0004226565361022949,1.5632262727253494,-0.000593561477684315,beta,0
0.28119564056396484,0.2784329056739807,-0.002762734889984131,0.7566198873894454,-0.0038287983358840207,beta,0
0.21457087993621826,0.1998336911201477,-0.014737188816070557,1.247586680440182,-0.018417657245155764,activated_stellate,0
0.25182658433914185,0.2499261498451233,-0.0019004344940185547,1.4750460703269117,-0.0025336631768007236,beta,0
0.2971618175506592,0.31043344736099243,0.013271629810333252,1.0543428102288195,0.019246336353673222,alpha,0
0.21295303106307983,0.21486115455627441,0.00190812349319458,1.4571393108757371,0.0024303007095721947,ductal,0
0.3151214122772217,0.3113611936569214,-0.003760218620300293,1.5973515152904603,-0.005460364106211812,beta,0
0.29235339164733887,0.3031938076019287,0.010840415954589844,0.8400383574785663,0.015557289922011677,gamma,0
0.24127435684204102,0.2475583553314209,0.006283998489379883,1.282726544804413,0.008351476202713018,ductal,0
0.23371315002441406,0.22563308477401733,-0.008080065250396729,1.2591292521823803,-0.010434414347414019,beta,0
0.2638360261917114,0.2578166723251343,-0.0060193538665771484,0.9463054244304209,-0.008110332908494134,beta,0
0.2416001558303833,0.24027031660079956,-0.0013298392295837402,1.1529425679418261,-0.0017504110457205544,alpha,0
0.22226279973983765,0.23143517971038818,0.009172379970550537,1.027263129924995,0.011934425995577298,activated_stellate,0
0.2681519389152527,0.26320403814315796,-0.0049479007720947266,1.1268747941597526,-0.006715428732298201,beta,0
0.2677314281463623,0.26167720556259155,-0.006054222583770752,1.6266241108139057,-0.008199967046099375,alpha,0
0.2846250534057617,0.2770892381668091,-0.007535815238952637,1.3964820340422774,-0.010424267609245384,beta,0
0.2929043769836426,0.28750431537628174,-0.00540006160736084,1.7073256715014864,-0.0075790797388656595,beta,0
0.27000439167022705,0.2615954875946045,-0.008408904075622559,1.572564595175136,-0.011387937010609627,alpha,0
0.22066044807434082,0.2407638430595398,0.020103394985198975,0.6319270467060109,0.026478447847124192,ductal,0
0.26530420780181885,0.2598368525505066,-0.005467355251312256,1.4611323488470884,-0.007386689367272683,beta,0
0.29049623012542725,0.28561460971832275,-0.004881620407104492,1.8134402500178863,-0.00683331500547583,alpha,0
0.27205389738082886,0.2632538080215454,-0.008800089359283447,1.0277032206265289,-0.01194453321251886,beta,0
0.23213374614715576,0.22840356826782227,-0.003730177879333496,1.74405450511416,-0.004834363827939845,ductal,0
0.28264570236206055,0.28520894050598145,0.0025632381439208984,1.7049244876839165,0.003585996368974377,beta,0
0.36292243003845215,0.355297327041626,-0.007625102996826172,1.3443188604512313,-0.011827317175274835,delta,0
0.2753397822380066,0.2892571687698364,0.013917386531829834,1.2994183879352872,0.0195814659259263,alpha,0
0.29675203561782837,0.2849414348602295,-0.011810600757598877,1.231412893531605,-0.016516969844687184,beta,0
0.24652373790740967,0.24961727857589722,0.003093540668487549,1.192514340747406,0.004122617139446546,alpha,0
0.2424607276916504,0.2526506185531616,0.01018989086151123,2.3709235550879355,0.01363470836328788,alpha,0
0.20863944292068481,0.19923633337020874,-0.009403109550476074,1.6854059732397653,-0.011742677574335196,ductal,0
0.26556092500686646,0.2581019997596741,-0.007458925247192383,1.1663737227354467,-0.01005384196314882,beta,0
0.3218320608139038,0.32907408475875854,0.007242023944854736,1.6359361516991993,0.01079407395114669,alpha,0
0.27791547775268555,0.2827552556991577,0.004839777946472168,1.7430646360254802,0.00674773567171956,beta,0
0.3025505542755127,0.3067307472229004,0.004180192947387695,0.8124948402871653,0.006029681729923357,beta,0
0.2772292494773865,0.2657943367958069,-0.01143491268157959,0.9199236724037808,-0.015574536202398341,beta,0
0.2726900577545166,0.2719419002532959,-0.0007481575012207031,1.863641401115686,-0.0010276068647282295,beta,0
0.29531335830688477,0.30127477645874023,0.005961418151855469,1.6586586241068275,0.008531849074578952,beta,0
0.2906153202056885,0.288612425327301,-0.002002894878387451,1.4099264454917801,-0.002815476330619015,beta,0
0.2897513508796692,0.28680098056793213,-0.0029503703117370605,0.6792320164539984,-0.0041368120697733,alpha,0
0.24847948551177979,0.2671191692352295,0.018639683723449707,1.5916182421048028,0.025433444212204268,ductal,0
0.4124579429626465,0.24894976615905762,-0.16350817680358887,0.14053183910482908,-0.21770604606218213,endothelial,0
0.30710333585739136,0.29760289192199707,-0.009500443935394287,2.089781486582108,-0.013525744662290437,alpha,0
0.37205326557159424,0.35773569345474243,-0.014317572116851807,0.9043476996141748,-0.022292336614292155,delta,0
0.2651998996734619,0.2629229426383972,-0.0022769570350646973,1.1788733681822916,-0.0030891709521052757,beta,0
0.28567349910736084,0.27969199419021606,-0.005981504917144775,2.7215094728092337,-0.00830409334465227,alpha,0
0.2593241333961487,0.2641250491142273,0.004800915718078613,1.2528432039895083,0.006524091779859813,beta,0
0.3019569516181946,0.3017604947090149,-0.0001964569091796875,0.8642183691850814,-0.0002813603465444365,beta,0
0.2850102186203003,0.27915674448013306,-0.005853474140167236,1.0322252936237746,-0.008120314777649898,alpha,0
0.2865837812423706,0.28623664379119873,-0.000347137451171875,1.95242915524989,-0.0004863480986411481,beta,0
0.31233644485473633,0.30442535877227783,-0.007911086082458496,1.3843845675848525,-0.011373453851760688,beta,0
0.26898276805877686,0.28913694620132446,0.020154178142547607,1.6853873053485242,0.02835170295438578,ductal,0
0.28254854679107666,0.2782808542251587,-0.004267692565917969,0.9249671050378857,-0.005913231747976081,beta,0
0.29989778995513916,0.29171597957611084,-0.00818181037902832,0.9540155816806315,-0.011551595324897666,alpha,0
0.2506636381149292,0.2504713535308838,-0.00019228458404541016,0.8969203437596502,-0.00025654067386380154,ductal,0
0.2885620594024658,0.28745776414871216,-0.0011042952537536621,1.0451842448059132,-0.0015497962060232674,beta,0
0.44174468517303467,0.425060510635376,-0.01668417453765869,0.692228965630496,-0.029019009558895793,beta,0
0.34914761781692505,0.35078972578048706,0.0016421079635620117,1.2889102530080843,0.002529393062265027,gamma,0
0.28896474838256836,0.27893221378326416,-0.0100325345993042,1.9493424364568075,-0.013913441691720032,beta,0
0.3291998505592346,0.33208799362182617,0.0028881430625915527,2.266448994466917,0.004324137064480732,beta,0
0.2707864046096802,0.2495976686477661,-0.021188735961914062,1.1405763699654894,-0.028236500709868145,ductal,0
0.22376537322998047,0.22838938236236572,0.004624009132385254,0.8775288839598079,0.005992671726760495,ductal,0
0.29977524280548096,0.286862850189209,-0.012912392616271973,1.2242847470450986,-0.01810646468172059,beta,0
0.306925892829895,0.30732953548431396,0.0004036426544189453,1.2073016318847003,0.0005827340345761264,beta,0
0.2836529016494751,0.3020174503326416,0.018364548683166504,1.521713293413753,0.026310899451452766,alpha,0
0.2863895893096924,0.294772207736969,0.008382618427276611,2.1958517183011628,0.011886398294623818,alpha,0
0.24985450506210327,0.2454320788383484,-0.004422426223754883,1.763678287912558,-0.005860872294897709,alpha,0
0.30052900314331055,0.2997262477874756,-0.0008027553558349609,1.2493488873658674,-0.001146345059055326,alpha,0
0.2009534239768982,0.20688235759735107,0.005928933620452881,1.7964428876875678,0.007475478168020486,activated_stellate,0
0.3102215528488159,0.2962953448295593,-0.013926208019256592,1.002713358379498,-0.01978984779613771,alpha,0
0.2961083650588989,0.3057505488395691,0.009642183780670166,4.179362532327428,0.013888644441206764,alpha,0
0.29570138454437256,0.2994545102119446,0.0037531256675720215,1.7527808764062696,0.005357433203527583,alpha,0
0.29086393117904663,0.28506720066070557,-0.0057967305183410645,1.0945950620550333,-0.0081080774636415,alpha,0
0.322245717048645,0.3196359872817993,-0.002609729766845703,1.1142537738770477,-0.003835784547773582,gamma,0
0.21928870677947998,0.21806931495666504,-0.0012193918228149414,1.6592058646333905,-0.0015594628093503738,ductal,0
0.33196383714675903,0.32545459270477295,-0.006509244441986084,1.516482653303762,-0.009649823972690982,alpha,0
0.271775484085083,0.2724326252937317,0.0006571412086486816,2.891836599389546,0.000903203237932406,alpha,0
0.28179842233657837,0.27696406841278076,-0.004834353923797607,1.3746712180573668,-0.006686187660390766,beta,0
0.2609250545501709,0.25717228651046753,-0.003752768039703369,0.9461127294589818,-0.005052003272837304,beta,0
0.3037688732147217,0.3013920783996582,-0.0023767948150634766,1.3694919735856008,-0.003402187037356826,beta,0
0.3450468182563782,0.3206552267074585,-0.024391591548919678,0.638401212901258,-0.03590458410491972,ductal,0
0.266146183013916,0.25450682640075684,-0.01163935661315918,0.8401896374769275,-0.015612962030174378,alpha,0
0.33340775966644287,0.32556021213531494,-0.00784754753112793,0.9012898905376734,-0.011635653281924119,alpha,0
0.27322113513946533,0.25775253772735596,-0.015468597412109375,0.853941323682064,-0.020840215963483368,beta,0
0.26286280155181885,0.2568863034248352,-0.005976498126983643,1.763262121048739,-0.008042508373251506,alpha,0
0.2957329750061035,0.30265533924102783,0.006922364234924316,2.030243777973622,0.009926747309415392,alpha,0
0.26514285802841187,0.25725382566452026,-0.007889032363891602,1.1864775306002042,-0.010621437896936679,beta,0
0.2903819680213928,0.29199695587158203,0.001614987850189209,1.7906493687080056,0.0022810464779531112,beta,0
0.3092758059501648,0.31134021282196045,0.0020644068717956543,1.9160982557406598,0.0029977165942200457,delta,0
0.2291804552078247,0.23332840204238892,0.004147946834564209,1.4661401099304952,0.005410330636499654,ductal,0
0.32619041204452515,0.32617539167404175,-1.5020370483398438e-05,1.2086868058920388,-2.2291216880183206e-05,alpha,0
0.3542778491973877,0.3471962809562683,-0.007081568241119385,1.4603116585730052,-0.01084792876408994,beta,0
0.27547383308410645,0.2791988253593445,0.003724992275238037,2.6169281625176803,0.0051678498957706,beta,0
0.29028844833374023,0.2809056043624878,-0.009382843971252441,0.6166231399262524,-0.013048139476784676,ductal,0
0.26743048429489136,0.26118749380111694,-0.006242990493774414,1.2629241522460424,-0.008450033589569268,beta,0
0.3102042078971863,0.30841362476348877,-0.0017905831336975098,1.1158448810217998,-0.0025890954446364848,beta,0
0.2741668224334717,0.2738332152366638,-0.00033360719680786133,1.199052905188592,-0.0004594085047783984,beta,0
0.3152928948402405,0.31502026319503784,-0.0002726316452026367,1.2122245654827537,-0.0003980141755350415,beta,0
0.3040078282356262,0.298605740070343,-0.005402088165283203,1.7483091915671716,-0.007701928107916053,beta,0
0.32991135120391846,0.327927827835083,-0.0019835233688354492,0.5530849070596888,-0.002951354707108332,beta,0
0.21528232097625732,0.219460129737854,0.00417780876159668,3.163500563668609,0.00535246041972661,ductal,0
0.329616904258728,0.32015109062194824,-0.009465813636779785,0.7767866754533373,-0.013923407842838822,beta,0
0.2697049379348755,0.27229416370391846,0.0025892257690429688,1.6468454838653028,0.003558066515203117,alpha,0
0.2885684370994568,0.2936197519302368,0.005051314830780029,1.0852397027256728,0.007150985385821765,alpha,0
0.3431006073951721,0.3353843688964844,-0.007716238498687744,1.4567566348774084,-0.01161007676854642,alpha,0
0.2936949133872986,0.27797460556030273,-0.01572030782699585,0.7150132699537692,-0.021772513748211098,alpha,0
0.2591274380683899,0.25496000051498413,-0.004167437553405762,1.2858296161456244,-0.00559357558827226,beta,0
0.3136053681373596,0.31002795696258545,-0.00357741117477417,1.4740476935061553,-0.005184863953364818,alpha,0
0.27208763360977173,0.27004754543304443,-0.002040088176727295,1.9028535747245592,-0.002794823366869254,beta,0
0.258949339389801,0.263919472694397,0.004970133304595947,1.4227266523998365,0.006752159743702154,alpha,0
0.3513283133506775,0.3507281541824341,-0.0006001591682434082,1.0378755844698473,-0.000924357296730902,gamma,0
0.28272002935409546,0.27570974826812744,-0.007010281085968018,2.1860254792440803,-0.009678828438192452,beta,0
0.34422731399536133,0.3540111184120178,0.009783804416656494,2.080536916473229,0.015145468746467834,gamma,0
0.3525233864784241,0.3529946208000183,0.0004712343215942383,2.194375953146131,0.0007283313813818932,beta,0
0.3129311800003052,0.3131452798843384,0.00021409988403320312,0.8108343050164835,0.00031171058123783465,gamma,0
0.31537675857543945,0.3209569454193115,0.00558018684387207,1.0398966846603683,0.008217721698542157,beta,0
0.28304314613342285,0.2742539048194885,-0.008789241313934326,1.1805716598201996,-0.012110628458494452,beta,0
0.30127543210983276,0.30329763889312744,0.0020222067832946777,0.630152344167834,0.0029025404479495883,alpha,0
0.3891061544418335,0.30356085300445557,-0.08554530143737793,0.10626242032219414,-0.12283241372404533,macrophage,0
0.2764475345611572,0.2588629126548767,-0.017584621906280518,1.3415424641432638,-0.023726544260889125,ductal,0
0.3164513111114502,0.2966047525405884,-0.019846558570861816,1.495483676500187,-0.028215372001083976,beta,0
0.3126521706581116,0.3177834749221802,0.0051313042640686035,0.8850792512637208,0.007521518572836212,alpha,0
0.28829842805862427,0.2836627960205078,-0.004635632038116455,1.3829265681995577,-0.006471298729654096,alpha,0
0.2589207887649536,0.2512511610984802,-0.007669627666473389,1.3770473892784842,-0.010243258176834578,beta,0
0.3093661665916443,0.3098040819168091,0.0004379153251647949,1.5650969581679635,0.0006344797378416428,beta,0
0.34907567501068115,0.3547016382217407,0.00562596321105957,1.2679477818659954,0.008718390661268706,delta,0
0.3085724115371704,0.30691421031951904,-0.0016582012176513672,1.9133291748596615,-0.00239249057236596,beta,0
0.304390549659729,0.29633498191833496,-0.008055567741394043,1.4474810508610096,-0.011448015084443406,beta,0
0.3088107705116272,0.30514711141586304,-0.00366365909576416,0.9836527267236519,-0.005272567986627204,beta,0
0.3246821165084839,0.3338280916213989,0.009145975112915039,0.8397847131690755,0.013729151586675984,beta,0
0.2750628590583801,0.27134692668914795,-0.0037159323692321777,1.0846725099442986,-0.005099727847640487,alpha,0
0.28177016973495483,0.2747044563293457,-0.007065713405609131,0.5529060705585985,-0.00974184036737659,ductal,0
0.2798936367034912,0.2761802077293396,-0.0037134289741516113,2.513668023287914,-0.00513032251094211,alpha,0
0.2827160358428955,0.2787324786186218,-0.003983557224273682,1.8041231566619618,-0.005522995429829332,alpha,0
0.2557523250579834,0.25342756509780884,-0.0023247599601745605,2.754771798651514,-0.003113910789485723,activated_stellate,0
0.30944597721099854,0.3071260452270508,-0.002319931983947754,0.8914345480479821,-0.003348274196145794,gamma,0
0.3299410343170166,0.3202399015426636,-0.009701132774353027,3.3639090736682458,-0.014271406627674978,beta,0
0.3424949645996094,0.34905683994293213,0.006561875343322754,1.102820167737385,0.010080565778965213,beta,0
0.2600058317184448,0.25129395723342896,-0.00871187448501587,0.5608870567006788,-0.011635907802779719,ductal,0
0.23453855514526367,0.22920852899551392,-0.005330026149749756,1.5475517540289896,-0.00691500405784684,ductal,0
0.3095020055770874,0.31660497188568115,0.00710296630859375,1.4156063389435414,0.010393646451003387,alpha,0
0.3242391347885132,0.32657670974731445,0.0023375749588012695,0.9997491643709969,0.0034711822306058822,beta,0
0.3000956177711487,0.30813950300216675,0.008043885231018066,1.259651186835838,0.011626455428403015,alpha,0
0.3877338767051697,0.3908196687698364,0.003085792064666748,2.067815271224148,0.0050654821018849645,delta,0
0.20964109897613525,0.21750414371490479,0.007863044738769531,1.871334737066734,0.010048672687034271,activated_stellate,0
0.3198568820953369,0.33479201793670654,0.014935135841369629,1.1537754372221516,0.022451828967904017,beta,0
0.41033047437667847,0.3825487494468689,-0.02778172492980957,1.5930420733910402,-0.04499419979297455,ductal,0
0.33758240938186646,0.35048824548721313,0.01290583610534668,1.456683073220833,0.019870057802152685,alpha,0
0.4110621213912964,0.3219713568687439,-0.08909076452255249,0.10564377990201267,-0.13139675650148877,endothelial,0
0.47860097885131836,0.42818039655685425,-0.05042058229446411,1.0577875406109714,-0.0881756798662767,beta,0
0.27967268228530884,0.27231472730636597,-0.007357954978942871,0.8870356052101909,-0.010111452375154328,beta,0
0.2876143455505371,0.2705053687095642,-0.0171089768409729,1.180431749709958,-0.023453190890120827,ductal,0
0.33148109912872314,0.3329421877861023,0.0014610886573791504,1.228526695702224,0.002190347868845047,alpha,0
0.3401508331298828,0.3408586382865906,0.0007078051567077637,0.9520616960968871,0.0010738290719123661,beta,0
0.3285503387451172,0.32999587059020996,0.0014455318450927734,1.4992272399152011,0.002157496919259512,beta,0
0.27711790800094604,0.27548742294311523,-0.0016304850578308105,1.1774396194205314,-0.0022504579070996497,ductal,0
0.3382145166397095,0.33470839262008667,-0.0035061240196228027,1.0150098598625092,-0.005270055988577409,beta,0
0.27144014835357666,0.2731642723083496,0.0017241239547729492,2.2269802925250883,0.0023720957694919258,ductal,0
0.26302027702331543,0.2627338171005249,-0.00028645992279052734,1.0463613701073549,-0.00038854341815049127,alpha,0
0.3199673295021057,0.30898767709732056,-0.010979652404785156,0.8363260649563847,-0.01588922808013585,alpha,0
0.3251703977584839,0.32724428176879883,0.0020738840103149414,0.9392366932311136,0.003082670208686691,alpha,0
0.31268632411956787,0.31582289934158325,0.003136575222015381,1.576599585187761,0.004584449288052615,gamma,0
0.25404560565948486,0.2532588243484497,-0.0007867813110351562,1.2281343623577863,-0.001053619830657751,beta,0
0.33638811111450195,0.3337109684944153,-0.00267714262008667,0.8230894098575647,-0.004017989931542541,beta,0
0.3380686640739441,0.32743340730667114,-0.01063525676727295,1.6769368693963018,-0.015812942365578248,alpha,0
0.3410339951515198,0.3440554141998291,0.003021419048309326,1.244893548467406,0.0046062108198112045,beta,0
0.3730890154838562,0.37735533714294434,0.004266321659088135,0.6343311234508697,0.00685193644720533,gamma,0
0.30805885791778564,0.3059796690940857,-0.002079188823699951,1.222323191523192,-0.00299586154916522,beta,0
0.3449167013168335,0.3357428312301636,-0.009173870086669922,0.6675293978769691,-0.013810720482940917,beta,0
0.31829893589019775,0.3104105591773987,-0.007888376712799072,1.3867611636776922,-0.011439236516425108,beta,0
0.36230528354644775,0.36304640769958496,0.000741124153137207,1.077900845954618,0.0011635449773673002,beta,0
0.32923537492752075,0.33253443241119385,0.0032990574836730957,1.072516249416887,0.004942663178253246,beta,0
0.5033613443374634,0.4667907953262329,-0.03657054901123047,0.1466093692263986,-0.06858574212649872,ductal,0
0.29982006549835205,0.290905237197876,-0.008914828300476074,0.8558463753844903,-0.01257212543108825,alpha,0
0.2733161449432373,0.279732346534729,0.006416201591491699,1.2534434178742342,0.008908079601551992,beta,0
0.33997803926467896,0.33633673191070557,-0.0036413073539733887,0.8636262219029723,-0.005486679057071844,beta,0
0.3043597936630249,0.30181562900543213,-0.0025441646575927734,1.2592492813477623,-0.0036439725139773547,beta,0
0.31740903854370117,0.34402400255203247,0.0266149640083313,1.1834873920588922,0.04057307601478576,beta,0
0.3819769620895386,0.3806667923927307,-0.0013101696968078613,0.6744553993217268,-0.0021154520389267814,beta,0
0.3407650589942932,0.33732593059539795,-0.0034391283988952637,1.2631187661016923,-0.005189773612215194,alpha,0
0.33830875158309937,0.3317301273345947,-0.006578624248504639,1.2278481913775898,-0.00984426280099339,beta,0
0.38174039125442505,0.3738062381744385,-0.007934153079986572,1.5238250864017697,-0.012670444139935053,gamma,0
0.526495099067688,0.5269964933395386,0.0005013942718505859,1.1272425071639862,0.0010600223144022153,beta,0
0.2779393196105957,0.2829006314277649,0.0049613118171691895,2.023033286576366,0.0069185834412981,ductal,0
0.2990274429321289,0.298406183719635,-0.0006212592124938965,1.2956266600686406,-0.0008854969899643958,alpha,0
0.35663938522338867,0.3510247468948364,-0.005614638328552246,0.9520659769141294,-0.008651544572289598,alpha,0
0.4482744336128235,0.41837430000305176,-0.02990013360977173,0.2510946884633934,-0.0514078618085972,ductal,0
0.3886414170265198,0.3826826214790344,-0.0059587955474853516,0.95674442134143,-0.009652726060883084,gamma,0
0.2339727282524109,0.23396062850952148,-1.2099742889404297e-05,1.5580925005893014,-1.5795197139622074e-05,activated_stellate,0
0.3264179229736328,0.3223147392272949,-0.004103183746337891,1.1171232108500782,-0.006054704128667916,alpha,0
0.39871156215667725,0.4047151803970337,0.006003618240356445,1.8074485359902475,0.010085286979702663,alpha,0
0.28612232208251953,0.29043328762054443,0.004310965538024902,1.1730974759481725,0.006075490102359147,alpha,0
0.3034396171569824,0.2908555269241333,-0.012584090232849121,1.3832509967331292,-0.01774545344514422,alpha,0
0.36320608854293823,0.35438859462738037,-0.008817493915557861,1.4095241009095727,-0.01365758696668126,alpha,0
0.2892315983772278,0.29615336656570435,0.0069217681884765625,2.0207332670427425,0.009834199468573166,ductal,0
0.29159659147262573,0.31522244215011597,0.023625850677490234,0.728255662474773,0.034501496736651906,beta,0
0.3389742374420166,0.33191096782684326,-0.00706326961517334,1.2893889679432333,-0.010572347808491887,alpha,0
0.3186953067779541,0.32536303997039795,0.006667733192443848,1.4136387835214357,0.009883438927139832,beta,0
0.324673593044281,0.3205567002296448,-0.0041168928146362305,1.2539882763719226,-0.0060592146777040815,activated_stellate,0
0.4210164546966553,0.41202110052108765,-0.008995354175567627,1.7244805700075474,-0.015298770387065976,delta,0
0.3021913170814514,0.30206477642059326,-0.0001265406608581543,1.3459259330645879,-0.00018130717089930235,ductal,0
0.310835599899292,0.32765519618988037,0.01681959629058838,1.567096429063321,0.025016325247511673,beta,0
0.3160889148712158,0.3258123993873596,0.009723484516143799,0.968942073014638,0.014422520537767203,alpha,0
0.35440897941589355,0.34953439235687256,-0.004874587059020996,0.7170490699806714,-0.007493996610648472,gamma,0
0.2953495383262634,0.3167189359664917,0.02136939764022827,1.5454872636563204,0.03127468148185109,alpha,0
0.33790087699890137,0.3548320531845093,0.01693117618560791,1.3443395201742918,0.026243052323320082,beta,0
0.6019127368927002,0.3359109163284302,-0.26600182056427,0.4380450198640033,-0.4005514126111177,mast,1
0.30679476261138916,0.2955350875854492,-0.011259675025939941,1.2524860053035942,-0.015983301407230418,beta,0
0.28791046142578125,0.2885701060295105,0.000659644603729248,2.309197912892596,0.0009272095667048403,ductal,0
0.3460886478424072,0.34828466176986694,0.002196013927459717,1.2499141595571166,0.003369590676542068,beta,0
0.2854180335998535,0.2958155870437622,0.010397553443908691,1.3845553398764296,0.014765384255324119,ductal,0
0.35983943939208984,0.36940568685531616,0.009566247463226318,1.315081484185494,0.015170208902647421,beta,0
0.5577352046966553,0.42522090673446655,-0.13251429796218872,2.1915075161805646,-0.23054822194266983,beta,0
0.3381332755088806,0.3338508605957031,-0.00428241491317749,1.492966272576243,-0.006428612843374736,beta,0
0.4310106635093689,0.3718787431716919,-0.059131920337677,1.4780770442317557,-0.09414093169886183,schwann,1
0.3070715069770813,0.302257776260376,-0.004813730716705322,2.3032209012753113,-0.00689901019735572,alpha,0
0.2753632068634033,0.27390193939208984,-0.0014612674713134766,0.8591088486670697,-0.002012493285121932,ductal,0
0.35211366415023804,0.36992311477661133,0.01780945062637329,1.221191652858454,0.028265519723135207,beta,0
0.39621371030807495,0.41308796405792236,0.016874253749847412,1.226016877120315,0.02875090765988778,beta,0
0.3754294514656067,0.3796412944793701,0.004211843013763428,1.1672964763944484,0.006789367145623725,beta,0
0.2569827437400818,0.2602909207344055,0.0033081769943237305,2.025729047539821,0.004472267661778856,ductal,0
0.33116835355758667,0.31858330965042114,-0.012585043907165527,1.8701517926261806,-0.018468939909160688,ductal,0
0.3471757769584656,0.34377193450927734,-0.0034038424491882324,0.8472477471476633,-0.005186980911343472,beta,0
0.25692903995513916,0.2617281675338745,0.0047991275787353516,2.1918255289610777,0.006500488529684698,ductal,0
0.3919498324394226,0.38787978887557983,-0.0040700435638427734,1.9301374054482219,-0.006649091942849592,delta,0
0.3571951389312744,0.354455828666687,-0.0027393102645874023,1.4781598517696461,-0.004243412590852777,alpha,0
0.3293268084526062,0.2999580502510071,-0.02936875820159912,1.443878573313527,-0.041952854699821324,alpha,0
0.4303762912750244,0.34065234661102295,-0.08972394466400146,0.2727080224662752,-0.13607987258744292,quiescent_stellate,0
0.31585919857025146,0.31193989515304565,-0.0039193034172058105,1.451120271136403,-0.005696164317036785,beta,0
0.3714495301246643,0.3615366220474243,-0.00991290807723999,1.8209548076358195,-0.015526196833761559,beta,0
0.26322054862976074,0.2716544270515442,0.008433878421783447,1.5344556697776535,0.011579501180520394,activated_stellate,0
0.36632102727890015,0.38355958461761475,0.0172385573387146,1.5832537266360878,0.027964677377652663,beta,0
0.3827844262123108,0.3637810945510864,-0.019003331661224365,0.5882102723678547,-0.02986917159875293,beta,0
0.37312620878219604,0.3829677104949951,0.009841501712799072,0.9271522983633498,0.015949735338314487,alpha,0
0.3061222434043884,0.31396418809890747,0.007841944694519043,1.1126571489175332,0.011430809526966262,beta,0
0.355283260345459,0.35592949390411377,0.0006462335586547852,1.5594893181518734,0.0010033584095816008,beta,0
0.3079962730407715,0.30224138498306274,-0.00575488805770874,0.9018085762723062,-0.00824767754041854,beta,0
0.36533987522125244,0.37263643741607666,0.007296562194824219,1.01224531729525,0.011630516386338817,beta,0
0.3587985038757324,0.3530317544937134,-0.005766749382019043,1.5930426101908106,-0.0089134967938129,alpha,0
0.333514928817749,0.337181031703949,0.003666102886199951,0.7305270401744083,0.005531077204420725,beta,0
0.33987486362457275,0.35369157791137695,0.0138167142868042,1.1049236740707007,0.021377896085825143,beta,0
0.27565157413482666,0.28090357780456543,0.0052520036697387695,2.8609637158310317,0.007303615353423898,activated_stellate,0
0.3841538429260254,0.38324689865112305,-0.0009069442749023438,0.7343927226651685,-0.0014705143321027505,alpha,0
0.3576868772506714,0.35417330265045166,-0.0035135746002197266,0.851121711203672,-0.005440429475336529,beta,0
0.40660083293914795,0.42251288890838623,0.01591205596923828,1.0047527789779744,0.027553958631492226,beta,0
0.3326258063316345,0.32428181171417236,-0.008343994617462158,1.9214104354078296,-0.012348335093109352,ductal,0
0.321553111076355,0.3460901379585266,0.02453702688217163,1.2567832477136733,0.03752356143638556,beta,0
0.1961284875869751,0.20682424306869507,0.01069575548171997,1.435074238342567,0.013484723137656746,beta,0
0.1957387924194336,0.1970536708831787,0.0013148784637451172,4.283720620613583,0.0016375670652749375,beta,0
0.21404320001602173,0.222481369972229,0.008438169956207275,4.010608988481268,0.010852691665929452,beta,0
0.2108381986618042,0.20875805616378784,-0.0020801424980163574,0.8496082152501074,-0.0026289588339201454,beta,0
0.17035216093063354,0.16838842630386353,-0.0019637346267700195,2.131649015075288,-0.0023613603861260724,beta,0
0.1494518518447876,0.15771329402923584,0.008261442184448242,1.0100188763216578,0.00980834925433929,beta,0
0.2377832531929016,0.2379891276359558,0.00020587444305419922,2.8103389662004887,0.0002701725795794741,beta,0
0.13943850994110107,0.1381736397743225,-0.0012648701667785645,0.9845096715575817,-0.0014676624261612816,beta,0
0.1817113757133484,0.18230372667312622,0.000592350959777832,0.5636641622357683,0.0007244144055687043,beta,0
0.1522080898284912,0.1553400158882141,0.0031319260597229004,0.6612590664119629,0.0037079133836514363,beta,0
0.20854473114013672,0.2145174741744995,0.005972743034362793,3.085644654890974,0.007603915858071772,beta,0
0.14565253257751465,0.1507723331451416,0.005119800567626953,2.7336466311747847,0.0060287726924727935,beta,0
0.2367781400680542,0.24945253133773804,0.012674391269683838,4.0308085914706115,0.016886861656164178,beta,0
0.22164887189865112,0.2341631054878235,0.012514233589172363,3.8992046972049947,0.01634059899548675,beta,0
0.192141592502594,0.1893470287322998,-0.0027945637702941895,1.5851647916755847,-0.003447299731627514,beta,0
0.24954909086227417,0.25233620405197144,0.0027871131896972656,3.655655724886356,0.003727762671941658,beta,0
0.2537299394607544,0.2831490635871887,0.029419124126434326,3.6827336450224295,0.041039388570307735,beta,0
0.31971895694732666,0.3573612570762634,0.03764230012893677,2.678970718939654,0.05857458882369915,beta,0
0.275725781917572,0.2964591979980469,0.020733416080474854,3.6720319694692503,0.02947009757142315,beta,0
0.26603907346725464,0.2763960361480713,0.01035696268081665,10.99562280825457,0.01431302645950679,beta,0
0.2368336319923401,0.2668001055717468,0.02996647357940674,3.6371956432275234,0.04087081000301356,beta,0
0.29848265647888184,0.3250507116317749,0.026568055152893066,5.886680148980683,0.039363038987898905,beta,0
0.2475135326385498,0.24784797430038452,0.0003344416618347168,1.5176495061269977,0.00044464636191551214,beta,0
0.23452389240264893,0.23710161447525024,0.0025777220726013184,4.8199380844256074,0.003378853752362139,beta,0
0.19950634241104126,0.19549673795700073,-0.004009604454040527,2.071106874254098,-0.004983950523529662,beta,0
0.20695871114730835,0.20713162422180176,0.0001729130744934082,1.085546264200636,0.000218085472665869,beta,0
0.2187696099281311,0.2191784381866455,0.0004088282585144043,1.3087066174419981,0.0005235873066375817,beta,0
0.20156657695770264,0.1976017951965332,-0.003964781761169434,1.1081624833344692,-0.0049411647950290925,beta,0
0.3385140895843506,0.3519667387008667,0.013452649116516113,2.3192424813998,0.02075919543010362,beta,0
0.16788077354431152,0.16954761743545532,0.0016668438911437988,4.2345064977494555,0.002007151675567922,beta,0
0.15725529193878174,0.16761189699172974,0.010356605052947998,1.3747913683815254,0.012442038774363765,beta,0
0.1321064829826355,0.13894516229629517,0.006838679313659668,1.5735179803329844,0.00794221112780381,beta,0
0.16362923383712769,0.1725330948829651,0.008903861045837402,1.616714465331292,0.010760383274274954,beta,0
0.195315420627594,0.19120275974273682,-0.004112660884857178,2.149543282874855,-0.005084909641320015,beta,0
0.15381920337677002,0.16217875480651855,0.008359551429748535,0.9683740844499129,0.00997772672596531,beta,0
0.13888788223266602,0.14130711555480957,0.0024192333221435547,1.1332993744299265,0.002817344088866701,beta,0
0.13967078924179077,0.14540427923202515,0.005733489990234375,1.6495309324048772,0.006709008541585049,beta,0
0.18591874837875366,0.18790239095687866,0.001983642578125,0.8555607801912014,0.002442615956550207,beta,0
0.18145912885665894,0.1893925666809082,0.007933437824249268,2.0024787979372913,0.009787028218783071,beta,0
0.17464661598205566,0.17403578758239746,-0.0006108283996582031,2.481207634675323,-0.000739533735814418,beta,0
0.15200257301330566,0.1550055742263794,0.0030030012130737305,1.0591916716931953,0.0035538710333199923,beta,0
0.2051360011100769,0.2104591727256775,0.005323171615600586,1.667705082891063,0.006742110644204943,beta,0
0.15193629264831543,0.1527840495109558,0.0008477568626403809,0.9339355589709549,0.0010006384584131407,beta,0
0.1820312738418579,0.18337607383728027,0.0013447999954223633,0.8491714406342434,0.0016467800566920931,beta,0
0.19613975286483765,0.20249533653259277,0.006355583667755127,4.945153999424399,0.007969337307849949,beta,0
0.21734488010406494,0.2211853265762329,0.0038404464721679688,4.174552380918608,0.004931142931969789,beta,0
0.2412373423576355,0.26207447052001953,0.020837128162384033,1.838210987555423,0.028237440405494647,beta,0
0.17445337772369385,0.17242151498794556,-0.002031862735748291,0.6816930092331501,-0.0024551903807875034,beta,0
0.1828332543373108,0.17795979976654053,-0.004873454570770264,0.9964990362905034,-0.0059284869151000185,beta,0
0.24834519624710083,0.242381751537323,-0.005963444709777832,4.307757641597946,-0.00787130553135246,beta,0
0.19047808647155762,0.19103676080703735,0.0005586743354797363,2.0746648802371523,0.0006906053432503071,beta,0
0.18615758419036865,0.18032753467559814,-0.005830049514770508,2.1761629895039216,-0.007112657508219638,beta,0
0.18571394681930542,0.19025182723999023,0.0045378804206848145,2.30195119043434,0.005604063798276375,beta,0
0.17529594898223877,0.17978715896606445,0.004491209983825684,1.7274501163633589,0.005475664070516379,beta,0
0.144464910030365,0.14386975765228271,-0.0005951523780822754,1.102583397499617,-0.0006951656986794706,beta,0
0.19583261013031006,0.20828038454055786,0.012447774410247803,2.735018618581157,0.015722452958329504,beta,0
0.1760464906692505,0.17946702241897583,0.003420531749725342,1.0999400389131027,0.004168670660634817,beta,0
0.2210426926612854,0.22081953287124634,-0.0002231597900390625,1.2191304255675155,-0.0002864032139581177,beta,0
0.18588238954544067,0.19511127471923828,0.009228885173797607,1.539495684640841,0.01146603857642357,beta,0
0.19985228776931763,0.19237595796585083,-0.007476329803466797,0.7403414839317582,-0.009257190740181892,beta,0
0.17486119270324707,0.17642849683761597,0.0015673041343688965,1.2474079564331755,0.0019030577531528193,beta,0
0.17124629020690918,0.1772012710571289,0.0059549808502197266,0.8375675155410014,0.007237469676053905,beta,0
0.20276272296905518,0.20421695709228516,0.0014542341232299805,1.5126841935501698,0.0018274253720164087,beta,0
0.2484481930732727,0.2495761513710022,0.0011279582977294922,2.5413105852927376,0.0015030949506605348,beta,0
0.1869022250175476,0.18581116199493408,-0.0010910630226135254,1.0341882452434084,-0.0013400613858657894,beta,0
0.19656914472579956,0.1977989673614502,0.0012298226356506348,1.0546718281278111,0.0015330603995928284,beta,0
0.20184063911437988,0.19873851537704468,-0.003102123737335205,0.8021245279080479,-0.0038715497960006805,beta,0
0.16643166542053223,0.18982404470443726,0.02339237928390503,1.0551642510017354,0.028873208506133934,beta,0
0.16054344177246094,0.16220146417617798,0.001658022403717041,0.5853946953565717,0.001979022799421198,beta,0
0.24575656652450562,0.2404881715774536,-0.005268394947052002,4.093652372427194,-0.006936554178483427,beta,0
0.15729868412017822,0.16290003061294556,0.005601346492767334,2.195646377538549,0.006691371040030954,beta,0
0.21202349662780762,0.21516233682632446,0.0031388401985168457,0.9578951959503893,0.003999349605400189,beta,0
0.17923682928085327,0.1757357120513916,-0.00350111722946167,0.9271066136682456,-0.004247566321446598,beta,0
0.21653103828430176,0.21257328987121582,-0.0039577484130859375,2.8241656751704802,-0.00502618003958571,beta,0
0.20501631498336792,0.19999653100967407,-0.005019783973693848,3.9559254489672475,-0.00627470275851335,beta,0
0.18368053436279297,0.18401038646697998,0.0003298521041870117,1.8601042045810983,0.00040423566515612746,beta,0
0.2144620418548584,0.2157803177833557,0.0013182759284973145,1.9838521675725145,0.0016810033698352583,beta,0
0.22363615036010742,0.21764343976974487,-0.005992710590362549,1.2695178775143787,-0.00765982020857451,beta,0
0.21433740854263306,0.21989810466766357,0.005560696125030518,3.998523752465796,0.0071281664078787655,beta,0
0.2204412817955017,0.21991604566574097,-0.0005252361297607422,2.522351866514938,-0.0006733071829544172,beta,0
0.18993467092514038,0.2004530429840088,0.010518372058868408,2.0146970762332588,0.013155415034189214,beta,0
0.19728034734725952,0.19906729459762573,0.001786947250366211,2.0244590371023774,0.002231082884133793,beta,0
0.2238355278968811,0.22367727756500244,-0.0001582503318786621,1.4843493701149328,-0.0002038460646653462,beta,0
0.21354669332504272,0.21390235424041748,0.00035566091537475586,1.9400487529738728,0.0004524385962650879,beta,0
0.28082823753356934,0.2785637378692627,-0.0022644996643066406,2.492270060656533,-0.003138876964152756,beta,0
0.2150583267211914,0.20946109294891357,-0.005597233772277832,1.494506324969901,-0.00708027615384163,beta,0
0.25353747606277466,0.23943614959716797,-0.01410132646560669,3.535528516647834,-0.018540621485149383,beta,0
0.2100602388381958,0.21002936363220215,-3.0875205993652344e-05,0.8272454224548595,-3.908399195141392e-05,beta,0
0.21891272068023682,0.22102761268615723,0.00211489200592041,1.413299250230699,0.002714976859723186,beta,0
0.20625615119934082,0.20868432521820068,0.0024281740188598633,1.597273351613944,0.00306852763851723,beta,0
0.2136303186416626,0.21331453323364258,-0.00031578540802001953,3.2172832861872465,-0.00040141253570889545,beta,0
0.14898687601089478,0.14781880378723145,-0.00116807222366333,1.2113726285929225,-0.0013706852824897245,beta,0
0.19851744174957275,0.20312029123306274,0.00460284948348999,2.0126291566509806,0.005776090710870619,beta,0
0.3092968463897705,0.3186214566230774,0.009324610233306885,6.638906467790876,0.013684919086377407,beta,0
0.2508481740951538,0.2550966739654541,0.004248499870300293,4.2230625683662835,0.005703424487197501,beta,0
0.19892609119415283,0.19951623678207397,0.0005901455879211426,1.71847312903557,0.0007372361752208079,beta,0
0.2250722050666809,0.23670506477355957,0.011632859706878662,4.432151414671927,0.01524032083800954,beta,0
0.2043747901916504,0.2021387815475464,-0.002236008644104004,1.0972655248084384,-0.002802503232881788,beta,0
0.1973007321357727,0.1976938247680664,0.00039309263229370117,1.0792901794230123,0.0004899533923941998,beta,0
0.17714744806289673,0.17396694421768188,-0.0031805038452148438,0.9164403066753564,-0.003850334829763752,beta,0
0.23728954792022705,0.23373198509216309,-0.003557562828063965,1.9397548656176156,-0.004642713461675484,beta,0
0.1961507797241211,0.18553096055984497,-0.010619819164276123,0.8044442486658292,-0.01303894764566608,beta,0
0.18385279178619385,0.18254202604293823,-0.0013107657432556152,1.7736779911321314,-0.0016034656031436122,beta,0
0.2343282699584961,0.23170340061187744,-0.0026248693466186523,0.8643946103247065,-0.003416479193984613,beta,0
0.2799975872039795,0.29867225885391235,0.01867467164993286,2.590834579653779,0.02662759585042979,beta,0
0.25254005193710327,0.25146716833114624,-0.0010728836059570312,2.8391269441188762,-0.0014333153611512772,beta,0
0.2079727053642273,0.20051705837249756,-0.007455646991729736,1.1420772670335793,-0.009325586080113633,beta,0
0.23017680644989014,0.23752427101135254,0.007347464561462402,1.6399577676562702,0.009636325829293118,beta,0
0.3528812527656555,0.33924686908721924,-0.01363438367843628,1.102550854126132,-0.020634610780582156,beta,0
0.22261381149291992,0.22433722019195557,0.0017234086990356445,0.9188075579994984,0.002221853031883445,beta,0
0.2333301305770874,0.2326716184616089,-0.0006585121154785156,0.6550979513060147,-0.0008581881386405735,beta,0
0.16526609659194946,0.17046338319778442,0.005197286605834961,1.304096772527083,0.006265288958394633,beta,0
0.3699888586997986,0.3886202573776245,0.018631398677825928,1.8775357198248759,0.030474347412805577,beta,0
0.2086668610572815,0.2093680500984192,0.0007011890411376953,1.2378448497394416,0.0008868716236739237,beta,0
0.2099812626838684,0.21649497747421265,0.006513714790344238,1.5793288892219253,0.008313558436863567,beta,0
0.18884682655334473,0.18890196084976196,5.513429641723633e-05,1.944478167591409,6.797488559459322e-05,beta,0
0.21292239427566528,0.2129126787185669,-9.715557098388672e-06,0.9264030460287733,-1.2343683903548422e-05,beta,0
0.20468473434448242,0.20607012510299683,0.0013853907585144043,0.9912045300187499,0.0017449787472654705,beta,0
0.20448726415634155,0.20888829231262207,0.004401028156280518,1.2883363590276005,0.005563093193432631,beta,0
0.1824549436569214,0.18143928050994873,-0.0010156631469726562,0.8082704626380834,-0.0012407914560148895,beta,0
0.22137784957885742,0.2275657057762146,0.006187856197357178,3.4163483325417157,0.008010851205894887,beta,0
0.2567373514175415,0.26811403036117554,0.011376678943634033,3.475613859364492,0.01554433260860058,beta,0
0.1940162181854248,0.1979973316192627,0.003981113433837891,0.8025657837621077,0.004963965321806042,beta,0
0.2708602547645569,0.25975650548934937,-0.01110374927520752,2.5164130658998594,-0.015000130845523775,beta,0
0.1980292797088623,0.1996961236000061,0.0016668438911437988,4.776245939885438,0.0020827637354972725,beta,0
0.2136615514755249,0.2134438157081604,-0.00021773576736450195,1.3254830290336006,-0.0002768216329778604,beta,0
0.16879761219024658,0.17027932405471802,0.0014817118644714355,2.114604227993617,0.0017857960003025775,beta,0
0.18410813808441162,0.18817561864852905,0.004067480564117432,1.3751664527181329,0.005010296139845125,beta,0
0.15616321563720703,0.1582777500152588,0.002114534378051758,1.6566998832520057,0.0025121521714438345,beta,0
0.2302800416946411,0.22976714372634888,-0.0005128979682922363,1.7198726184316793,-0.0006658998822428994,beta,0
0.1647358536720276,0.16939502954483032,0.004659175872802734,2.2141777052942886,0.005609376344388496,beta,0
0.1619519591331482,0.16075539588928223,-0.0011965632438659668,0.5813811929352205,-0.00142576221283409,beta,0
0.21998274326324463,0.21989071369171143,-9.202957153320312e-05,1.324979738921298,-0.00011797010130300422,beta,0
0.22233933210372925,0.22408270835876465,0.0017433762550354004,1.0774953100208264,0.002246858362117149,beta,0
0.1956438422203064,0.19855189323425293,0.002908051013946533,1.274296163405683,0.0036284957059565665,beta,0
0.19984132051467896,0.20374548435211182,0.0039041638374328613,1.652555193704944,0.004903160686324223,beta,0
0.1977941393852234,0.20004171133041382,0.0022475719451904297,1.460265398772449,0.0028096114222759985,beta,0
0.19491863250732422,0.19750046730041504,0.0025818347930908203,2.0662640339460556,0.003217241490977077,beta,0
0.23747974634170532,0.24603134393692017,0.008551597595214844,5.562937122774024,0.011342112866956348,beta,0
0.23164033889770508,0.22594809532165527,-0.005692243576049805,4.217489816409571,-0.00735382671581333,beta,0
0.17035424709320068,0.17533403635025024,0.0049797892570495605,1.5836945696114308,0.006038553155522938,beta,0
0.1936354637145996,0.1977595090866089,0.004124045372009277,1.403000727164995,0.005140659713291016,beta,0
0.1464606523513794,0.15762144327163696,0.011160790920257568,1.8427185760264875,0.013249139393580888,beta,0
0.19486922025680542,0.19696927070617676,0.002100050449371338,1.3531247009365945,0.0026151557751944313,beta,0
0.1537013053894043,0.1564795970916748,0.002778291702270508,0.9233930871287003,0.0032936864273719955,beta,0
0.17304569482803345,0.17436861991882324,0.001322925090789795,1.0261037766359418,0.001602319294913093,beta,0
0.16589140892028809,0.16324150562286377,-0.0026499032974243164,0.9815384130446686,-0.003166867519399183,beta,0
0.20865947008132935,0.20002567768096924,-0.008633792400360107,2.118689482043456,-0.010792586911204558,beta,0
0.19941169023513794,0.20561540126800537,0.006203711032867432,0.7205774794017296,0.007809455322736447,beta,0
0.22435826063156128,0.22486746311187744,0.0005092024803161621,1.3008115861877716,0.0006569231145429998,beta,0
0.23765933513641357,0.2348577380180359,-0.0028015971183776855,1.336018103575153,-0.0036615375435159595,beta,0
0.2214646339416504,0.2180597186088562,-0.0034049153327941895,2.030216923646069,-0.004354444212461508,beta,0
0.22379618883132935,0.2215316891670227,-0.0022644996643066406,2.423203183606739,-0.002908916949854489,beta,0
0.26322871446609497,0.27577638626098633,0.012547671794891357,5.5403601188840454,0.017325687200546218,beta,0
0.3208741545677185,0.35197705030441284,0.031102895736694336,4.005116278913252,0.04799659603306506,beta,0
0.17632931470870972,0.17381346225738525,-0.002515852451324463,1.1865959304069957,-0.0030451385206523864,beta,0
0.18789929151535034,0.19344204664230347,0.005542755126953125,0.9494146188258296,0.006872110186104625,beta,0
0.20603597164154053,0.21243345737457275,0.0063974857330322266,2.238748340190925,0.008123105016251205,beta,0
0.15331804752349854,0.16660577058792114,0.013287723064422607,1.9562212727271928,0.0159441025573173,beta,0
0.21705305576324463,0.217179536819458,0.0001264810562133789,1.8243971577367035,0.00016157096315481544,beta,0
0.21829164028167725,0.221410870552063,0.003119230270385742,0.9732788435061043,0.004006259723401803,beta,0
0.1908227801322937,0.1978977918624878,0.007075011730194092,2.424084181049263,0.008820586277430062,beta,0
0.17642253637313843,0.19490206241607666,0.018479526042938232,10.925210569466696,0.022953140456917303,beta,0
0.24093693494796753,0.24769312143325806,0.006756186485290527,2.298708589379292,0.008980625696473867,beta,0
0.20925867557525635,0.20970118045806885,0.0004425048828125,1.4562147653922983,0.0005599209714990873,beta,0
0.22068393230438232,0.22137844562530518,0.0006945133209228516,1.2595574412696562,0.0008919780309454829,beta,0
0.28210461139678955,0.2778303027153015,-0.004274308681488037,5.904180788499785,-0.005918704007602511,beta,0
0.17356103658676147,0.18293190002441406,0.009370863437652588,2.943102071136833,0.011468889114545765,beta,0
0.21796655654907227,0.2137114405632019,-0.004255115985870361,2.556156494473012,-0.005411646824568084,beta,0
0.2173447608947754,0.2183482050895691,0.0010034441947937012,1.2462993271164928,0.0012837483407924437,beta,0
0.1617777943611145,0.16869980096817017,0.006922006607055664,1.1367414758221164,0.00832672314419911,beta,0
0.15751737356185913,0.16476315259933472,0.007245779037475586,1.141197077545447,0.008675118991726866,beta,0
0.14935195446014404,0.1580938696861267,0.008741915225982666,0.9493885381860118,0.0103834797149221,beta,0
0.22589755058288574,0.23510903120040894,0.009211480617523193,1.0200854347460517,0.012042867537028917,beta,0
0.23971176147460938,0.22843170166015625,-0.011280059814453125,2.227924608820742,-0.01461965173883379,beta,0
0.29147541522979736,0.284021258354187,-0.0074541568756103516,5.627977808155734,-0.01041114273655047,beta,0
0.16196030378341675,0.16686660051345825,0.004906296730041504,1.874533197475055,0.005888968961111442,beta,0
0.19772714376449585,0.20220237970352173,0.004475235939025879,2.520239570461223,0.005609487701107441,beta,0
0.21702146530151367,0.22063583135604858,0.003614366054534912,1.1434505098220515,0.004637583045194007,beta,0
0.17107850313186646,0.1772921085357666,0.0062136054039001465,1.5144525661144144,0.007552626476988495,beta,0
0.2202933430671692,0.22193580865859985,0.001642465591430664,4.334337149425158,0.0021109641205811266,beta,0
0.20906579494476318,0.20714902877807617,-0.0019167661666870117,2.105768661380112,-0.0024175617313464794,beta,0
0.24416351318359375,0.2512885332107544,0.0071250200271606445,0.9444246725838154,0.009516376258687998,beta,0
0.19335949420928955,0.19776594638824463,0.004406452178955078,4.783250215598244,0.005492726417080768,beta,0
0.19176560640335083,0.1901732087135315,-0.001592397689819336,1.8735161264827938,-0.0019663435526622885,beta,0
0.1906806230545044,0.18722021579742432,-0.003460407257080078,1.210519282856818,-0.004257496709856175,beta,0
0.20814985036849976,0.20079070329666138,-0.007359147071838379,1.4925333960320724,-0.009208034869206542,beta,0
0.1986733078956604,0.21228009462356567,0.013606786727905273,3.1866697873703624,0.017273635761943688,beta,0
0.20126378536224365,0.1929284930229187,-0.008335292339324951,1.5907762939559764,-0.010327823826348576,beta,0
0.1932682991027832,0.1973017454147339,0.004033446311950684,0.919781212150544,0.0050248599506855325,beta,0
0.1745736002922058,0.18600952625274658,0.011435925960540771,1.610857326134478,0.014049213509704613,beta,0
0.19139307737350464,0.19264769554138184,0.0012546181678771973,1.4682307322703931,0.001553990941684993,beta,0
0.18843984603881836,0.1935291290283203,0.005089282989501953,1.1622000171262925,0.006310560210773775,beta,0
0.14650791883468628,0.19493591785430908,0.0484279990196228,0.9162431652095518,0.06015421640790438,alpha,0
0.18798577785491943,0.18469583988189697,-0.003289937973022461,0.5700493592451111,-0.004035227751745911,alpha,0
0.1436799168586731,0.1574438214302063,0.013763904571533203,1.1071766858794405,0.016335889429826382,alpha,0
0.14637410640716553,0.1474837064743042,0.0011096000671386719,1.1562853455264233,0.0013015587802430984,alpha,0
0.18431204557418823,0.19215327501296997,0.007841229438781738,1.5977319212497951,0.009706333139999582,alpha,0
0.2111615538597107,0.20546561479568481,-0.005695939064025879,1.1301435712788022,-0.007168901900401911,alpha,0
0.2046205997467041,0.21502292156219482,0.010402321815490723,1.0623190902779684,0.013251752313828757,alpha,0
0.21851396560668945,0.21951359510421753,0.0009996294975280762,0.8948257390887246,0.0012807775910735507,alpha,0
0.26404398679733276,0.2807043194770813,0.016660332679748535,1.1151150680495283,0.023162008518717487,alpha,0
0.18633830547332764,0.19382160902023315,0.007483303546905518,0.7404099074304311,0.009282441244562373,alpha,0
0.2091963291168213,0.21295082569122314,0.0037544965744018555,1.4823562438272155,0.004770345611123001,alpha,0
0.16678667068481445,0.1717553734779358,0.004968702793121338,1.0699278176841016,0.005999076400876563,alpha,0
0.212324857711792,0.21629798412322998,0.003973126411437988,2.656585075054587,0.005069690176811701,alpha,0
0.13419735431671143,0.13807791471481323,0.0038805603981018066,3.014430737753022,0.004502217154370553,alpha,0
0.2005060911178589,0.197890043258667,-0.0026160478591918945,1.8870218807456849,-0.003261457905123008,alpha,0
0.3146934509277344,0.36085522174835205,0.046161770820617676,2.4512772193964176,0.07222427905441259,alpha,0
0.16833454370498657,0.19199389219284058,0.023659348487854004,1.9443939224072533,0.029281150549793366,alpha,0
0.2178751826286316,0.2212597131729126,0.003384530544281006,1.4847194022276666,0.004346160846603935,alpha,0
0.13062971830368042,0.13526546955108643,0.004635751247406006,1.3095511944802507,0.005360895262271332,alpha,0
0.19935673475265503,0.2007405161857605,0.0013837814331054688,0.9170201579290194,0.0017313293881753692,alpha,0
0.12002354860305786,0.12153297662734985,0.0015094280242919922,1.2806852159694084,0.0017182523465672373,alpha,0
0.13709181547164917,0.1391071081161499,0.0020152926445007324,1.9363893733727662,0.002340933074834391,alpha,0
0.10880672931671143,0.10942459106445312,0.0006178617477416992,1.6821711783675328,0.0006937781366321282,alpha,0
0.15900081396102905,0.16352945566177368,0.004528641700744629,2.6551167463900485,0.0054139882526616214,alpha,0
0.1496545672416687,0.14951634407043457,-0.00013822317123413086,0.9063966900640475,-0.00016252301883809287,alpha,0
0.1356092095375061,0.14283204078674316,0.0072228312492370605,1.8937151397739767,0.008426389684311655,alpha,0
0.26015257835388184,0.25035303831100464,-0.009799540042877197,3.3130131880502005,-0.01307220671020703,alpha,0
0.19160985946655273,0.19616639614105225,0.004556536674499512,0.889675415970202,0.005668507328662348,alpha,0
0.16468733549118042,0.17425954341888428,0.009572207927703857,1.656636688082493,0.011592271943821784,alpha,0
0.14800113439559937,0.16838324069976807,0.0203821063041687,1.5110686257442998,0.02450901340819457,alpha,0
0.12381190061569214,0.1375524401664734,0.01374053955078125,2.644981763683849,0.01593202901917133,alpha,0
0.18435221910476685,0.19655436277389526,0.012202143669128418,1.2681818246233347,0.015187267319362523,alpha,0
0.12666738033294678,0.12475365400314331,-0.0019137263298034668,1.0734684682899367,-0.0021865002219733226,alpha,0
0.1616131067276001,0.1658676266670227,0.004254519939422607,2.1104653151511434,0.005100533291164142,alpha,0
0.12580549716949463,0.14131087064743042,0.015505373477935791,2.732207164625976,0.01805702779727334,alpha,0
0.19215154647827148,0.1922827959060669,0.00013124942779541016,1.7809131908491556,0.00016249428281355088,alpha,0
0.18345141410827637,0.19772475957870483,0.014273345470428467,1.4450823095505103,0.01779108309877938,alpha,0
0.133314847946167,0.13587874174118042,0.0025638937950134277,1.1173968956639941,0.0029670532584507906,alpha,0
0.17779433727264404,0.17696058750152588,-0.0008337497711181641,2.050399963769656,-0.0010130131782962579,alpha,0
0.18357568979263306,0.19050288200378418,0.006927192211151123,1.9611519484972468,0.00855740194393565,alpha,0
0.14791572093963623,0.16300123929977417,0.01508551836013794,1.414061441121825,0.01802334611286345,alpha,0
0.17658382654190063,0.1782042384147644,0.0016204118728637695,2.3222028244130986,0.0019717939038016107,alpha,0
0.20195525884628296,0.21210646629333496,0.010151207447052002,1.9509768881942129,0.012883983701827568,alpha,0
0.15569543838500977,0.16102933883666992,0.005333900451660156,1.1843481228525647,0.006357672203059026,alpha,0
0.18120378255844116,0.17847228050231934,-0.002731502056121826,1.45606777796631,-0.003324905528193243,alpha,0
0.16669315099716187,0.17293137311935425,0.006238222122192383,1.5360950921493088,0.0075425689228720075,alpha,0
0.13897806406021118,0.15209978818893433,0.013121724128723145,1.2885212989059063,0.015475552365644423,alpha,0
0.2232801914215088,0.2410944104194641,0.017814218997955322,1.6723413789674149,0.023473564093527945,alpha,0
0.15265429019927979,0.16574805974960327,0.013093769550323486,1.6443425748980265,0.01569522217280484,alpha,0
0.17387688159942627,0.17078930139541626,-0.0030875802040100098,1.197762053041997,-0.0037235170858333907,alpha,0
0.1412525773048401,0.14865338802337646,0.007400810718536377,2.341414739908052,0.008693064157915025,alpha,0
0.15325582027435303,0.1520569920539856,-0.0011988282203674316,2.966577025739771,-0.0014138075426453152,alpha,0
0.13437634706497192,0.1395723819732666,0.005196034908294678,1.4749042002747788,0.006038898333146295,alpha,0
0.2918068766593933,0.3020097613334656,0.010202884674072266,3.063172278445165,0.014617517708505813,alpha,0
0.29817068576812744,0.29560571908950806,-0.0025649666786193848,1.8233642952753872,-0.0036413791936299347,alpha,0
0.20219284296035767,0.20144379138946533,-0.000749051570892334,1.089939462688613,-0.0009380073222342891,alpha,0
0.20603424310684204,0.19186794757843018,-0.014166295528411865,2.2499639085187275,-0.01752967907406039,alpha,0
0.20376598834991455,0.1980709433555603,-0.005695044994354248,1.572202334305551,-0.007101681809840349,alpha,0
0.12806707620620728,0.1359771490097046,0.007910072803497314,1.8420872216011297,0.009154934727051749,alpha,0
0.16351592540740967,0.16825133562088013,0.004735410213470459,1.8914233884202503,0.005693318686607483,alpha,0
0.1949518322944641,0.20080137252807617,0.0058495402336120605,1.5410559370925103,0.007319257106478899,alpha,0
0.16433244943618774,0.1781063675880432,0.013773918151855469,1.3733488222044443,0.016758760025228647,alpha,0
0.20993322134017944,0.21043246984481812,0.0004992485046386719,2.208277099053469,0.0006323062759945934,alpha,0
0.20591682195663452,0.19787484407424927,-0.008041977882385254,1.1997098296067514,-0.010025839263330205,alpha,0
0.22149312496185303,0.2299957275390625,0.008502602577209473,1.7508992060893236,0.0110422797396112,alpha,0
0.17095595598220825,0.17698872089385986,0.006032764911651611,2.412032106304712,0.007330112071129455,alpha,0
0.1927785873413086,0.19062674045562744,-0.0021518468856811523,1.761496981905972,-0.0026586582399479195,alpha,0
0.1317507028579712,0.1313655972480774,-0.00038510560989379883,1.9889498207500307,-0.00044334602529412244,alpha,0
0.18898910284042358,0.19216769933700562,0.0031785964965820312,1.4418936397360085,0.0039347232017998435,alpha,0
0.22783756256103516,0.22885751724243164,0.0010199546813964844,1.1040884456010711,0.001322653989635191,alpha,0
0.12527090311050415,0.12268078327178955,-0.0025901198387145996,1.212959433766121,-0.0029523117575994086,alpha,0
0.18143457174301147,0.1863730549812317,0.004938483238220215,1.8102019504584237,0.00606971446613816,alpha,0
0.17125868797302246,0.17334705591201782,0.0020883679389953613,1.879246752896743,0.0025262934753101083,alpha,0
0.17331784963607788,0.17430102825164795,0.0009831786155700684,1.9760578635871864,0.0011907228290332804,alpha,0
0.18750250339508057,0.18724960088729858,-0.0002529025077819824,2.00390740629234,-0.000311168727887531,alpha,0
0.16448092460632324,0.15947115421295166,-0.005009770393371582,2.2980812981544596,-0.005960259922644974,alpha,0
0.17505133152008057,0.16917705535888672,-0.005874276161193848,1.8855375791391502,-0.007070430828955177,alpha,0
0.17713868618011475,0.18726539611816406,0.010126709938049316,1.3133364787056985,0.012460045246851143,alpha,0
0.21782410144805908,0.2231929898262024,0.0053688883781433105,1.3506712028112806,0.00691148291380907,alpha,0
0.18891936540603638,0.194597065448761,0.005677700042724609,1.472351847083094,0.007049514968415352,alpha,0
0.21069014072418213,0.21826553344726562,0.007575392723083496,5.0586622651097715,0.00969049344400689,alpha,0
0.21955007314682007,0.21410459280014038,-0.0054454803466796875,1.5156580338629873,-0.006929014086087994,alpha,0
0.23381876945495605,0.22964411973953247,-0.004174649715423584,1.4127730781598673,-0.005419118387221345,alpha,0
0.1776942014694214,0.1753813624382019,-0.0023128390312194824,2.559112600965797,-0.002804737761030965,alpha,0
0.17788636684417725,0.18500155210494995,0.007115185260772705,3.479178985897692,0.008730305289721178,alpha,0
0.1415918469429016,0.14193421602249146,0.00034236907958984375,1.8620694623465086,0.0003990009693695208,alpha,0
0.16576385498046875,0.16561561822891235,-0.00014823675155639648,1.8413660952011717,-0.000177660026715439,alpha,0
0.20733648538589478,0.20762300491333008,0.00028651952743530273,2.590319082199815,0.00036159495948511643,alpha,0
0.1951155662536621,0.19908684492111206,0.003971278667449951,1.5574326141746262,0.0049584385551249815,alpha,0
0.17741143703460693,0.17789220809936523,0.0004807710647583008,1.5574223740536006,0.0005848029534506709,alpha,0
0.16559749841690063,0.1629033088684082,-0.0026941895484924316,1.5116036979904668,-0.003218492650891275,alpha,0
0.1815338134765625,0.1815032958984375,-3.0517578125e-05,2.5403757102101125,-3.72849126600921e-05,alpha,0
0.15020978450775146,0.15608680248260498,0.005877017974853516,1.9698287654376103,0.006964007663516101,alpha,0
0.1993430256843567,0.19926655292510986,-7.647275924682617e-05,1.2681156568100738,-9.550339070533906e-05,alpha,0
0.21203535795211792,0.22603362798690796,0.013998270034790039,4.237625384728683,0.01808640600027678,alpha,0
0.2070445418357849,0.21131515502929688,0.004270613193511963,1.4456609750581852,0.005414853880792652,alpha,0
0.2121865153312683,0.2075728178024292,-0.004613697528839111,0.6559228674316631,-0.005822235320151862,alpha,0
0.20832425355911255,0.20851123332977295,0.0001869797706604004,1.4956326494320504,0.00023623805988683767,alpha,0
0.21305376291275024,0.21379250288009644,0.0007387399673461914,1.5348579733136125,0.0009396246793020941,alpha,0
0.21401828527450562,0.21809643507003784,0.0040781497955322266,2.259175172945024,0.005215668502416306,alpha,0
0.21074551343917847,0.213620126247406,0.002874612808227539,3.069892306253597,0.0036555015001972597,alpha,0
0.22279131412506104,0.21591609716415405,-0.006875216960906982,1.8357011638543412,-0.008768470996587162,alpha,0
0.15357375144958496,0.15616649389266968,0.002592742443084717,1.7591332592219755,0.003072575839095605,alpha,0
0.2008787989616394,0.20090466737747192,2.586841583251953e-05,1.9446749558288414,3.237212730003405e-05,alpha,0
0.20675933361053467,0.21664321422576904,0.009883880615234375,4.453575287802771,0.012617342180122481,alpha,0
0.2144574522972107,0.2223275899887085,0.007870137691497803,4.978059360844276,0.010120119461848378,alpha,0
0.23988008499145508,0.2381572723388672,-0.0017228126525878906,1.683296191482952,-0.002261375727608437,alpha,0
0.195237398147583,0.19427478313446045,-0.0009626150131225586,2.6108709136213104,-0.0011947187365779083,alpha,0
0.2051653265953064,0.20558631420135498,0.000420987606048584,1.101210881740284,0.0005299349867384951,alpha,0
0.1656530499458313,0.1671454906463623,0.0014924407005310059,1.3025629312273248,0.0017919584798661416,alpha,0
0.22027212381362915,0.2191908359527588,-0.0010812878608703613,1.4840613947538916,-0.0013848298798974396,alpha,0
0.2723727226257324,0.2763324975967407,0.003959774971008301,1.2501983324655954,0.005471815381868206,alpha,0
0.21610701084136963,0.21261072158813477,-0.0034962892532348633,1.3615040103206895,-0.004440356694069734,alpha,0
0.222675621509552,0.22107160091400146,-0.0016040205955505371,1.5504228669844007,-0.0020592657777437685,alpha,0
0.24605631828308105,0.25197523832321167,0.005918920040130615,1.7903043914905183,0.007912732764170316,alpha,0
0.23308390378952026,0.23198610544204712,-0.0010977983474731445,2.1453466970593156,-0.0014293990711001475,alpha,0
0.16680747270584106,0.15976101160049438,-0.00704646110534668,3.21409544069869,-0.00838625819871658,alpha,0
0.16291308403015137,0.18618124723434448,0.023268163204193115,1.8115663980373162,0.028591333297640704,alpha,0
0.14055579900741577,0.13964861631393433,-0.0009071826934814453,2.982193004496279,-0.0010544327709391677,alpha,0
0.15802454948425293,0.16409587860107422,0.006071329116821289,2.247641289998305,0.007263188398521863,alpha,0
0.17364150285720825,0.17737078666687012,0.0037292838096618652,2.6292014918674,0.0045333714743141075,alpha,0
0.16477209329605103,0.16645097732543945,0.0016788840293884277,2.3656059653866772,0.0020141395211543643,alpha,0
0.195573627948761,0.19568794965744019,0.00011432170867919922,2.109432665885992,0.0001421360137903058,alpha,0
0.15597647428512573,0.15673619508743286,0.0007597208023071289,3.24169422288272,0.0009009289831737765,alpha,0
0.1437469720840454,0.14352548122406006,-0.00022149085998535156,1.693759745535378,-0.00025860764696409514,alpha,0
0.1474895477294922,0.15047824382781982,0.0029886960983276367,2.9298879942715863,0.0035180924756939257,alpha,0
0.1690097451210022,0.17189007997512817,0.0028803348541259766,3.0321615387887135,0.003478203538534434,alpha,0
0.14303559064865112,0.14302796125411987,-7.62939453125e-06,1.3605247287002402,-8.902734495766158e-06,alpha,0
0.17291724681854248,0.1710418462753296,-0.0018754005432128906,0.9102018672054547,-0.002262358521701428,alpha,0
0.187940776348114,0.18710577487945557,-0.0008350014686584473,0.9276005493034345,-0.0010271957197563121,alpha,0
0.1653386354446411,0.16611826419830322,0.0007796287536621094,1.1727351257452583,0.000934939236812246,alpha,0
0.17295575141906738,0.17653697729110718,0.003581225872039795,1.2700801262617756,0.004348982010459764,alpha,0
0.1777065396308899,0.1787976622581482,0.0010911226272583008,2.3807972251623695,0.0013286891392183292,alpha,0
0.14930272102355957,0.14422941207885742,-0.0050733089447021484,2.7653367716411914,-0.005928351612347821,alpha,0
0.18701201677322388,0.19456082582473755,0.007548809051513672,2.8639257769472266,0.00937228942116374,alpha,0
0.21532726287841797,0.21584302186965942,0.0005157589912414551,2.442225784028878,0.000657724161903367,alpha,0
0.16941559314727783,0.1645442247390747,-0.004871368408203125,1.2907753679569869,-0.005830791470298621,alpha,0
0.17599445581436157,0.1768624186515808,0.0008679628372192383,1.2625771071114218,0.0010544565779603803,alpha,0
0.19670897722244263,0.19084900617599487,-0.005859971046447754,1.3085846691364529,-0.00724212302916893,alpha,0
0.18691682815551758,0.19209444522857666,0.005177617073059082,1.7131700954536233,0.006408691018994119,alpha,0
0.16725939512252808,0.17725694179534912,0.009997546672821045,3.76281371072944,0.012151481040310684,alpha,0
0.24140673875808716,0.2351236343383789,-0.006283104419708252,1.1888035466532274,-0.008214535971801589,alpha,0
0.2624856233596802,0.3394545316696167,0.07696890830993652,14.259345737269635,0.11652325540054903,alpha,0
0.2638142704963684,0.2518233060836792,-0.011990964412689209,3.5071241603219785,-0.01602691517951818,alpha,0
0.18207484483718872,0.18075090646743774,-0.0013239383697509766,2.846881681108016,-0.0016160388582698562,alpha,0
0.21735620498657227,0.22197026014328003,0.004614055156707764,4.162917868175316,0.0059304354581066225,alpha,0
0.17314213514328003,0.166614830493927,-0.006527304649353027,2.234683029815768,-0.007832278384821272,alpha,0
0.19316458702087402,0.2096402645111084,0.016475677490234375,5.389551754188827,0.020845795592108498,alpha,0
0.20646142959594727,0.21219784021377563,0.005736410617828369,2.5309868764994734,0.007281537054157079,alpha,0
0.20929259061813354,0.20595788955688477,-0.0033347010612487793,1.5752612969338382,-0.00419965265996768,alpha,0
0.18659067153930664,0.18831509351730347,0.0017244219779968262,1.6930473135201662,0.0021244967896093155,alpha,0
0.2261219024658203,0.22559070587158203,-0.0005311965942382812,3.74510405628489,-0.000685937782856974,alpha,0
0.19584977626800537,0.20009005069732666,0.004240274429321289,1.8192902182152584,0.005300939728300386,alpha,0
0.18484818935394287,0.1881120800971985,0.0032638907432556152,1.3421621972120084,0.0040201247773785885,alpha,0
0.2167377471923828,0.2174893021583557,0.0007515549659729004,3.151997561565552,0.0009604405001054588,alpha,0
0.2074350118637085,0.21011203527450562,0.002677023410797119,1.950312551186639,0.0033891178627179757,alpha,0
0.19145512580871582,0.19760560989379883,0.006150484085083008,1.7754041127011875,0.007665163367192732,alpha,0
0.14565587043762207,0.1453855037689209,-0.0002703666687011719,1.83212859569287,-0.00031636096730574,alpha,0
0.17071807384490967,0.17372751235961914,0.0030094385147094727,4.551951132702086,0.0036421865180379484,alpha,0
0.2029590606689453,0.20649534463882446,0.0035362839698791504,1.8524440081862565,0.004456538403381588,alpha,0
0.18557536602020264,0.1947231888771057,0.009147822856903076,3.0911194428847284,0.011359848850170126,alpha,0
0.16911107301712036,0.16778558492660522,-0.0013254880905151367,1.086216334271449,-0.0015927242625306353,alpha,0
0.174108624458313,0.17803150415420532,0.003922879695892334,2.2146335842705325,0.004772542640890078,alpha,0
0.2023516297340393,0.20828962326049805,0.00593799352645874,1.609544422793662,0.007500209294860019,alpha,0
0.161840558052063,0.15951555967330933,-0.002324998378753662,0.9207559052037844,-0.0027662598701410235,alpha,0
0.17364823818206787,0.17357176542282104,-7.647275924682617e-05,1.6545750615725792,-9.25340592773328e-05,alpha,0
0.1816050410270691,0.17852920293807983,-0.003075838088989258,1.409821447200141,-0.003744306066618957,alpha,0
0.2766273021697998,0.27489638328552246,-0.0017309188842773438,2.54967862208788,-0.0023871331550107604,alpha,0
0.2727710008621216,0.2696866989135742,-0.0030843019485473633,1.0689619339033112,-0.004223258626070628,alpha,0
0.18627887964248657,0.19308769702911377,0.006808817386627197,3.6667879139451047,0.00843811323926841,alpha,0
0.1927851438522339,0.1858961582183838,-0.006888985633850098,2.541030603838528,-0.008462047812934989,alpha,0
0.20473212003707886,0.2005997896194458,-0.004132330417633057,2.5167322083277885,-0.005169288629115899,alpha,0
0.19585460424423218,0.19007456302642822,-0.005780041217803955,1.0706669912309628,-0.007136510293345139,alpha,0
0.18317466974258423,0.18751639127731323,0.004341721534729004,3.638887142167571,0.005343765077986823,alpha,0
0.1792292594909668,0.18082118034362793,0.0015919208526611328,2.533828423942709,0.0019433130037821405,alpha,0
0.2040521502494812,0.20295196771621704,-0.0011001825332641602,1.2778908234349025,-0.0013803214972023775,alpha,0
0.20301216840744019,0.20593291521072388,0.0029207468032836914,1.140818205882826,0.0036782116514233534,alpha,0
0.24831247329711914,0.2525193691253662,0.00420689582824707,2.7836798864193923,0.005628100119898149,alpha,0
0.19641947746276855,0.19948410987854004,0.0030646324157714844,2.3216277983176514,0.0038283217779805675,alpha,0
0.19385653734207153,0.19332820177078247,-0.0005283355712890625,1.8453418259339973,-0.0006549572855389879,alpha,0
0.1904466152191162,0.1890513300895691,-0.0013952851295471191,1.6551294927263283,-0.001720559119606458,alpha,0
0.1974552869796753,0.19991320371627808,0.002457916736602783,2.128971072343215,0.0030720626162304165,alpha,0
0.19147169589996338,0.21182960271835327,0.020357906818389893,1.2374282738290219,0.02582932179209358,alpha,0
0.1997607946395874,0.20355677604675293,0.0037959814071655273,1.7430856118648046,0.0047661669947089156,alpha,0
0.149458646774292,0.14548557996749878,-0.003973066806793213,2.9270295004126408,-0.004649502353210258,alpha,0
0.19071966409683228,0.18364667892456055,-0.0070729851722717285,1.0306015376704822,-0.008664122494110747,alpha,0
0.2095578908920288,0.21423178911209106,0.004673898220062256,1.7985666629271175,0.005948189498250133,alpha,0
0.18423455953598022,0.20912235975265503,0.024887800216674805,2.7883359234581904,0.031468584962006524,alpha,0
0.180691659450531,0.17795050144195557,-0.0027411580085754395,1.3086720999679717,-0.0033345413060694032,alpha,0
0.18475854396820068,0.1792740821838379,-0.005484461784362793,1.2618483599602979,-0.006682452284382813,alpha,0
0.26221638917922974,0.26431751251220703,0.002101123332977295,3.7971802024471613,0.0028560192320904723,alpha,0
0.24231082201004028,0.25269562005996704,0.010384798049926758,4.268418859671074,0.013896343081463113,alpha,0
0.23405945301055908,0.2345525026321411,0.0004930496215820312,1.3648186473315305,0.0006441325150026343,alpha,0
0.18832045793533325,0.18968546390533447,0.0013650059700012207,3.4125144766377216,0.001684538422055103,alpha,0
0.2008533477783203,0.19905155897140503,-0.0018017888069152832,1.0428540542017546,-0.0022495690291891796,alpha,0
0.22921758890151978,0.2234172821044922,-0.005800306797027588,1.094905304388183,-0.007469013491242849,alpha,0
0.23798644542694092,0.24306774139404297,0.005081295967102051,2.5672789807511633,0.00671301283480807,alpha,0
0.25170111656188965,0.255670428276062,0.003969311714172363,3.2743449703457115,0.005332734134126984,alpha,0
0.1678333282470703,0.1733635663986206,0.005530238151550293,0.9144054018486659,0.006690048885768183,alpha,0
0.1616639494895935,0.16097813844680786,-0.0006858110427856445,1.544682132365818,-0.0008173935319350027,alpha,0
0.20482033491134644,0.25575172901153564,0.05093139410018921,0.8653658446726812,0.06843333882730462,alpha,0
0.18355172872543335,0.17856425046920776,-0.004987478256225586,1.434886010358584,-0.0060716596021958575,alpha,0
0.2078014612197876,0.18487423658370972,-0.02292722463607788,6.207690608943466,-0.028127223632322847,alpha,0
0.1920819878578186,0.19234037399291992,0.00025838613510131836,1.1853093010833828,0.0003199195883775095,alpha,0
0.2154024839401245,0.21770507097244263,0.0023025870323181152,1.5669982441553754,0.002943374610877739,alpha,0
0.22550487518310547,0.22820967435836792,0.002704799175262451,0.9908557705287173,0.003504577714178785,alpha,0
0.17303109169006348,0.1783057451248169,0.005274653434753418,2.4324805067140294,0.006419240981007769,alpha,0
0.1746126413345337,0.17404145002365112,-0.0005711913108825684,1.5138607910017197,-0.00069154960730042,alpha,0
0.23551034927368164,0.24126338958740234,0.005753040313720703,3.0070441998055055,0.007582394515788852,alpha,0
0.2567078471183777,0.31089645624160767,0.05418860912322998,5.813847844074706,0.07863638144665983,alpha,0
0.18294423818588257,0.19390475749969482,0.010960519313812256,1.6827417901264006,0.013597052477093743,alpha,0
0.24576455354690552,0.24379628896713257,-0.0019682645797729492,2.657696623853378,-0.002602823222177233,alpha,0
0.24063098430633545,0.2505802512168884,0.009949266910552979,3.6409656158822625,0.013275960403643407,alpha,0
0.17021501064300537,0.16857284307479858,-0.0016421675682067871,1.91744302362906,-0.001975118992119382,alpha,0
0.2500726580619812,0.26203542947769165,0.01196277141571045,0.6298918611673158,0.016210495589569527,alpha,0
0.15777963399887085,0.1687995195388794,0.011019885540008545,1.6720340236801574,0.013257794959279983,alpha,0
0.1840115785598755,0.19764304161071777,0.013631463050842285,2.117807411577719,0.01698927504561961,alpha,0
0.2702656388282776,0.27780967950820923,0.007544040679931641,2.779423821859081,0.010446056206893449,alpha,0
0.21379131078720093,0.20914077758789062,-0.004650533199310303,0.6809865318233994,-0.005880355273756867,alpha,0
0.1778596043586731,0.18116670846939087,0.0033071041107177734,2.5267345009927613,0.004038800259984482,alpha,0
0.21183288097381592,0.20975065231323242,-0.002082228660583496,1.394713197131113,-0.002634900828047039,alpha,0
0.26157885789871216,0.2703123688697815,0.008733510971069336,3.6255761818161023,0.01196883515421789,alpha,0
0.19411057233810425,0.18586128950119019,-0.008249282836914062,2.2115744456836084,-0.010132527455745052,alpha,0
0.25648993253707886,0.2529256343841553,-0.003564298152923584,3.519182516772641,-0.004771008505940882,alpha,0
0.22662323713302612,0.22892016172409058,0.002296924591064453,1.7448856108889785,0.0029788414597900076,alpha,0
0.1586737036705017,0.16008329391479492,0.0014095902442932129,1.9888585636264176,0.0016782500384630015,alpha,0
0.23154950141906738,0.25150465965270996,0.019955158233642578,3.75232220587225,0.026660364010260503,alpha,0
0.16783440113067627,0.17153304815292358,0.0036986470222473145,2.392521318463368,0.0044644472709516525,alpha,0
0.17765676975250244,0.1817110776901245,0.00405430793762207,1.3978872811567185,0.004954616672773136,alpha,0
0.2560662627220154,0.27175766229629517,0.015691399574279785,3.1932637007592,0.021546947714902072,alpha,0
0.319372296333313,0.3198837637901306,0.000511467456817627,2.937251147071624,0.0007520294761200187,alpha,0
0.1910814642906189,0.19019204378128052,-0.0008894205093383789,6.827487979435879,-0.0010983104111392022,alpha,0
0.17587387561798096,0.17384648323059082,-0.0020273923873901367,1.6243881362764165,-0.0024540141102564715,alpha,0
0.18854284286499023,0.19672363996505737,0.008180797100067139,3.3101719813071266,0.010184287135888417,alpha,0
0.2568586468696594,0.2521567940711975,-0.004701852798461914,1.152771227197879,-0.0062872173754956176,alpha,0
0.22719913721084595,0.21865695714950562,-0.008542180061340332,3.3459513384932835,-0.010932688451639328,alpha,0
0.17359280586242676,0.1789451241493225,0.005352318286895752,1.442401606493929,0.0065188313769531285,alpha,0
0.25159668922424316,0.26525574922561646,0.013659060001373291,4.824238933643501,0.018590223723393993,alpha,0
0.1861514449119568,0.18524283170700073,-0.0009086132049560547,1.2845598926445811,-0.0011151951039101546,alpha,0
0.2573537826538086,0.2529069185256958,-0.004446864128112793,0.7487257088194774,-0.005952222337994894,alpha,0
0.19594824314117432,0.1994972825050354,0.003549039363861084,1.171038174210191,0.004433513199014728,alpha,0
0.21715205907821655,0.21296453475952148,-0.004187524318695068,0.7563430735942879,-0.005320629760204734,alpha,0
0.24272680282592773,0.23888546228408813,-0.0038413405418395996,1.9098357270813198,-0.005046994048185413,alpha,0
0.23982387781143188,0.2405809760093689,0.0007570981979370117,5.325374740907969,0.0009969439453314933,alpha,0
0.3400226831436157,0.39090704917907715,0.050884366035461426,1.6073649257609948,0.08354121643811595,alpha,0
0.1847670078277588,0.19267326593399048,0.00790625810623169,3.609523321317181,0.009793133031050163,alpha,0
0.25071877241134644,0.2626010775566101,0.011882305145263672,3.6725681789013898,0.016113808663960824,alpha,0
0.22554218769073486,0.21863853931427002,-0.006903648376464844,1.8379509218516046,-0.00883540937686655,alpha,0
0.18009400367736816,0.181837797164917,0.0017437934875488281,1.7797570240273428,0.002131354249201762,alpha,0
0.17815732955932617,0.18038338422775269,0.0022260546684265137,3.02364861425295,0.0027159706447984983,alpha,0
0.25754016637802124,0.25751328468322754,-2.6881694793701172e-05,2.4272314961406165,-3.6204950525252754e-05,alpha,0
0.1816622018814087,0.18169599771499634,3.3795833587646484e-05,1.3386793698905657,4.129985126954796e-05,alpha,0
0.21689766645431519,0.2205788493156433,0.003681182861328125,2.134945306581717,0.0047229701915273,alpha,0
0.2679729461669922,0.28693920373916626,0.018966257572174072,1.489215378710193,0.026598373759474388,alpha,0
0.20099884271621704,0.2090233564376831,0.008024513721466064,2.1121807773492405,0.010145070384538928,alpha,0
0.20457494258880615,0.19744986295700073,-0.00712507963180542,3.2356514450027567,-0.008878049236970812,alpha,0
0.18837124109268188,0.18817687034606934,-0.00019437074661254883,1.5917702084683407,-0.00023942499235690226,alpha,0
0.23638832569122314,0.23518884181976318,-0.001199483871459961,1.1954148447159707,-0.001568339921077993,alpha,0
0.17164450883865356,0.1826612949371338,0.011016786098480225,1.1876541331962462,0.01347885035939031,alpha,0
0.20488154888153076,0.20954465866088867,0.00466310977935791,2.2609059019605926,0.005899270376816141,alpha,0
0.16918736696243286,0.16198128461837769,-0.007206082344055176,1.2136643109643832,-0.008598951564910605,alpha,0
0.17256373167037964,0.17866849899291992,0.006104767322540283,1.9887909630715848,0.007432769003812577,alpha,0
0.16170448064804077,0.15243947505950928,-0.009265005588531494,1.2622887167800896,-0.010931379312624325,alpha,0
0.16436052322387695,0.16456931829452515,0.00020879507064819336,4.473499354685063,0.00024992506885424947,alpha,0
0.26114940643310547,0.25562936067581177,-0.005520045757293701,1.4793870622265444,-0.007415722041784632,alpha,0
0.22614359855651855,0.22758734226226807,0.0014437437057495117,5.447582060798816,0.0018691352236225602,alpha,0
0.15307557582855225,0.15924465656280518,0.00616908073425293,2.753585476589866,0.007337545675335652,alpha,0
0.21017026901245117,0.20225298404693604,-0.007917284965515137,1.4448685863034494,-0.009924556039932534,alpha,0
0.16725438833236694,0.16957420110702515,0.002319812774658203,1.1957169290591283,0.002793522043451326,alpha,0
0.18419402837753296,0.18336927890777588,-0.0008247494697570801,2.8220316448684244,-0.0010099417624823094,alpha,0
0.14784866571426392,0.15209388732910156,0.0042452216148376465,4.842473949156792,0.0050067118887316756,alpha,0
0.2544550895690918,0.2612300515174866,0.006774961948394775,3.5375418119561797,0.009170597643164876,alpha,0
0.1537882685661316,0.15612298250198364,0.0023347139358520508,4.175481160410441,0.0027666518786993023,alpha,0
0.18727177381515503,0.1926543116569519,0.005382537841796875,3.258390177388686,0.006666955579887594,alpha,0
0.1643039584159851,0.17083346843719482,0.006529510021209717,1.54694109703321,0.007874787238340359,alpha,0
0.20386004447937012,0.214494526386261,0.01063448190689087,1.5598955805220747,0.01353839312916134,alpha,0
0.23055946826934814,0.23703128099441528,0.006471812725067139,4.671364284672056,0.008482408995092453,alpha,0
0.2006933093070984,0.2106236219406128,0.009930312633514404,3.9895621645910193,0.012579946536945037,alpha,0
0.1738358736038208,0.17631518840789795,0.0024793148040771484,7.595371759375425,0.0030100285560503122,alpha,0
0.15967011451721191,0.1595357060432434,-0.00013440847396850586,3.334283059987579,-0.00015992169439552826,alpha,0
0.1846158504486084,0.18262749910354614,-0.001988351345062256,1.7428741370415692,-0.0024326134569997524,alpha,0
0.26102322340011597,0.2506263852119446,-0.010396838188171387,1.7064370206419173,-0.013874038240740454,alpha,0
0.1687803864479065,0.17540514469146729,0.006624758243560791,2.280882530337143,0.008033955342932685,alpha,0
0.2748379707336426,0.2707604765892029,-0.004077494144439697,0.8490010890871368,-0.0055914332856898,alpha,0
0.2152373194694519,0.21604877710342407,0.000811457633972168,2.7365712666234856,0.001035086890959823,alpha,0
0.15335500240325928,0.15062958002090454,-0.0027254223823547363,2.242319761143527,-0.0032087559423388135,alpha,0
0.15615105628967285,0.1532965898513794,-0.002854466438293457,2.029748768251849,-0.0033712707473239263,alpha,0
0.2958226203918457,0.29976779222488403,0.00394517183303833,1.6890978781276171,0.005634090790501523,alpha,0
0.2512357831001282,0.25845736265182495,0.007221579551696777,2.3405386187727655,0.009738589782944663,alpha,0
0.18085306882858276,0.17649078369140625,-0.004362285137176514,1.980217495141641,-0.005297190427000435,alpha,0
0.20406270027160645,0.20026832818984985,-0.003794372081756592,4.242203723907321,-0.004744556475008964,alpha,0
0.2113480567932129,0.21952635049819946,0.008178293704986572,2.315484716598261,0.01047862885596076,alpha,0
0.20817768573760986,0.2045873999595642,-0.0035902857780456543,2.020335229369731,-0.004513740136707839,alpha,0
0.20751100778579712,0.20855021476745605,0.0010392069816589355,1.5840239618372038,0.0013130422182799576,alpha,0
0.19448041915893555,0.19956111907958984,0.005080699920654297,2.672747513002792,0.0063473927138722845,alpha,0
0.22303324937820435,0.21981418132781982,-0.0032190680503845215,1.4029554829772302,-0.004126027381352743,alpha,0
0.23141193389892578,0.22824281454086304,-0.003169119358062744,2.134321817361084,-0.004106368450819617,alpha,0
0.17616266012191772,0.17308497428894043,-0.003077685832977295,2.031874653932501,-0.0037218888728389114,alpha,0
0.15311837196350098,0.14962095022201538,-0.0034974217414855957,1.6246035886452754,-0.004112779756743415,alpha,0
0.15484768152236938,0.15559405088424683,0.0007463693618774414,1.7053952363329525,0.0008838987487700982,alpha,0
0.1896241307258606,0.1841866374015808,-0.005437493324279785,1.2506918724484042,-0.00666511922158398,alpha,0
0.16114991903305054,0.15512561798095703,-0.006024301052093506,1.7333852638429998,-0.007130410366683034,alpha,0
0.2126408815383911,0.2117728590965271,-0.0008680224418640137,2.1362459599606103,-0.0011012338916280891,alpha,0
0.24062693119049072,0.25766652822494507,0.017039597034454346,1.6037254736949413,0.02295410039063651,alpha,0
0.23164939880371094,0.2314368486404419,-0.00021255016326904297,1.9664879637643884,-0.0002765552354325732,alpha,0
0.22217673063278198,0.2217632532119751,-0.00041347742080688477,1.745500671718198,-0.0005313003048409217,alpha,0
0.16116172075271606,0.16173774003982544,0.000576019287109375,1.0642542631362197,0.0006871587981746207,alpha,0
0.1839061975479126,0.1765592098236084,-0.007346987724304199,0.8529281964382706,-0.008922302382822668,alpha,0
0.22037559747695923,0.20923388004302979,-0.011141717433929443,3.5126404857897238,-0.014089775918239546,alpha,0
0.3134051561355591,0.43332868814468384,0.11992353200912476,5.6234853482675335,0.2116280275711997,alpha,0
0.17561721801757812,0.17371273040771484,-0.0019044876098632812,3.4111168424699034,-0.0023048734743341894,alpha,0
0.21212023496627808,0.21272999048233032,0.0006097555160522461,5.019277010370404,0.0007745189181356216,alpha,0
0.20596343278884888,0.19961750507354736,-0.006345927715301514,1.4277380882984168,-0.007928618823534668,alpha,0
0.16113752126693726,0.16021984815597534,-0.0009176731109619141,2.957546375392319,-0.0010927539891802025,alpha,0
0.14764511585235596,0.14846330881118774,0.0008181929588317871,3.767485245892075,0.0009608428706571943,alpha,0
0.22070449590682983,0.21697509288787842,-0.003729403018951416,2.786863377609614,-0.0047628153141460695,alpha,0
0.20737260580062866,0.2092498540878296,0.0018772482872009277,1.8701621181111592,0.002374009409805959,alpha,0
0.2536662220954895,0.2596395015716553,0.0059732794761657715,3.5748436294614345,0.008068068851385229,alpha,0
0.22128158807754517,0.2177906632423401,-0.003490924835205078,2.0342960311473144,-0.004462903561948429,alpha,0
0.20741677284240723,0.22406262159347534,0.016645848751068115,5.829359667200542,0.021452567197178016,alpha,0
0.18529808521270752,0.18260693550109863,-0.0026911497116088867,1.1623785621319842,-0.0032923569191998007,alpha,0
0.2109084129333496,0.21230697631835938,0.0013985633850097656,2.2458448496611543,0.0017755183084813234,alpha,0
0.19334924221038818,0.19435745477676392,0.0010082125663757324,0.6239738739496852,0.0012514390809591194,alpha,0
0.15404540300369263,0.15635716915130615,0.0023117661476135254,1.7337251165140573,0.0027402190394813387,alpha,0
0.17210441827774048,0.16808056831359863,-0.004023849964141846,1.598941294266315,-0.004836826513337974,alpha,0
0.16986513137817383,0.16718965768814087,-0.002675473690032959,0.9241248996216782,-0.0032125846115286178,alpha,0
0.16475921869277954,0.17052197456359863,0.005762755870819092,2.5524646531504103,0.006947448508701862,alpha,0
0.21416902542114258,0.2087615728378296,-0.005407452583312988,1.9978034333502097,-0.006834163253050259,alpha,0
0.23260194063186646,0.2410145401954651,0.008412599563598633,3.915684537264965,0.011084006228215714,alpha,0
0.20110046863555908,0.19780606031417847,-0.0032944083213806152,1.0443668475416423,-0.00410674795507788,alpha,0
0.21856045722961426,0.21734333038330078,-0.0012171268463134766,1.5492327159797672,-0.0015551223078563378,alpha,0
0.15294736623764038,0.15864825248718262,0.005700886249542236,3.280294738379591,0.0067758654645872565,alpha,0
0.16543787717819214,0.16395866870880127,-0.0014792084693908691,5.135541918100907,-0.0017693006482183726,alpha,0
0.20069748163223267,0.19297003746032715,-0.007727444171905518,1.049883125662765,-0.009575163910380395,alpha,0
0.14774245023727417,0.16301453113555908,0.015272080898284912,4.072478000598004,0.01824653051504577,alpha,0
0.17467957735061646,0.1749556064605713,0.000276029109954834,3.5672621953622596,0.00033456273640097476,alpha,0
0.20305240154266357,0.2012099027633667,-0.001842498779296875,1.2726487366152195,-0.002306611944327915,alpha,0
0.22452354431152344,0.22579234838485718,0.0012688040733337402,2.4204785171576546,0.0016388420738115623,alpha,0
0.21386229991912842,0.21075278520584106,-0.0031095147132873535,1.940100268562307,-0.003939848826832206,alpha,0
0.15321260690689087,0.1570185422897339,0.0038059353828430176,5.403210272986155,0.004514850650666533,alpha,0
0.1424655318260193,0.14523649215698242,0.0027709603309631348,1.6187587659590068,0.0032417859507779057,alpha,0
0.17172175645828247,0.1695767045021057,-0.002145051956176758,1.7015307065722238,-0.0025830825890916943,alpha,0
0.21936923265457153,0.23500704765319824,0.01563781499862671,3.9704178995289023,0.02044177655578906,alpha,0
0.2918720841407776,0.29952967166900635,0.00765758752822876,4.173236011024394,0.010932065525850961,alpha,0
0.1973956823348999,0.20119768381118774,0.003802001476287842,1.4041344243226452,0.0047596275063743875,alpha,0
0.15063464641571045,0.1517200469970703,0.0010854005813598633,1.8145793624032387,0.001279531099983586,alpha,0
0.22490966320037842,0.2183249592781067,-0.0065847039222717285,1.9093148603494732,-0.008423838013544115,alpha,0
0.16765499114990234,0.16345298290252686,-0.004202008247375488,1.3444569916211777,-0.00502303894640016,alpha,0
0.16094136238098145,0.16138792037963867,0.00044655799865722656,1.843587880108477,0.0005324965016714079,alpha,0
0.1966698169708252,0.18978768587112427,-0.006882131099700928,2.9415343609858042,-0.00849423167197904,alpha,0
0.19684982299804688,0.19525176286697388,-0.001598060131072998,1.2164783832843733,-0.001985788917992791,alpha,0
0.16275209188461304,0.1646491289138794,0.0018970370292663574,1.7509123065753847,0.002270946371073793,alpha,0
0.19943028688430786,0.20236420631408691,0.0029339194297790527,3.2331993489905893,0.0036782695222606185,alpha,0
0.1930573582649231,0.18977808952331543,-0.003279268741607666,1.8970768637374062,-0.0040473710957512204,alpha,0
0.20643168687820435,0.2180114984512329,0.011579811573028564,3.744601452198029,0.014808160925760637,delta,0
0.20974791049957275,0.22005456686019897,0.01030665636062622,1.4132063849581464,0.01321458646040794,delta,0
0.18712395429611206,0.19305145740509033,0.0059275031089782715,2.03092389418075,0.0073455775629969675,delta,0
0.18896150588989258,0.20050662755966187,0.011545121669769287,0.9853103720218802,0.014440547061108798,delta,0
0.16676300764083862,0.19076591730117798,0.024002909660339355,1.499816010615243,0.029661268813949197,delta,0
0.30985838174819946,0.34638941287994385,0.036531031131744385,1.188037546250385,0.05589112516170781,delta,0
0.2357657551765442,0.22965174913406372,-0.006114006042480469,1.8870497899150351,-0.007936678035690755,delta,0
0.16464591026306152,0.18379533290863037,0.019149422645568848,0.926879730405776,0.023461545146280297,delta,0
0.20011663436889648,0.21286290884017944,0.012746274471282959,1.424086844305731,0.016193207783540914,delta,0
0.23671257495880127,0.23253488540649414,-0.004177689552307129,2.474593966099683,-0.005443491140988052,delta,0
0.3311445116996765,0.3692338466644287,0.0380893349647522,4.762958418421016,0.06038582565556343,delta,0
0.27811145782470703,0.33086109161376953,0.0527496337890625,1.7191712495490983,0.07883211262707673,delta,0
0.27282649278640747,0.2796977162361145,0.006871223449707031,1.2589017745745954,0.009539360910813678,delta,0
0.22772669792175293,0.23588621616363525,0.008159518241882324,4.392230636856399,0.01067840734519414,delta,0
0.22013413906097412,0.22963422536849976,0.009500086307525635,2.84262564484707,0.012331916370596737,delta,0
0.19954222440719604,0.20496118068695068,0.005418956279754639,3.2087556212688164,0.006815964388301027,delta,0
0.2350625991821289,0.23835057020187378,0.003287971019744873,1.0721433594404204,0.004316908660479591,delta,0
0.21964740753173828,0.24266982078552246,0.02302241325378418,5.432865832944435,0.030399439881906756,delta,0
0.2177644968032837,0.2386038899421692,0.020839393138885498,1.2809118899075342,0.027369975842538346,delta,0
0.21424883604049683,0.23361408710479736,0.019365251064300537,3.9080875116278175,0.02526827638460075,delta,0
0.1972629427909851,0.20755785703659058,0.010294914245605469,2.0964229970051123,0.01299137651501812,delta,0
0.19295823574066162,0.2064220905303955,0.013463854789733887,5.063151568278632,0.01696601509325352,delta,0
0.17334836721420288,0.1880844235420227,0.014736056327819824,0.9741329057607059,0.018149739646708855,delta,0
0.233545184135437,0.24614524841308594,0.012600064277648926,3.4171167082616933,0.016714180352547965,delta,0
0.2584783434867859,0.2663000226020813,0.00782167911529541,2.0869699341221044,0.01066059609683395,delta,0
0.231167733669281,0.2455761432647705,0.014408409595489502,2.7969888123625473,0.019098560400570997,delta,0
0.23506438732147217,0.23426133394241333,-0.0008030533790588379,1.9360914673264464,-0.0010487303497332405,delta,0
0.2986859679222107,0.2975893020629883,-0.0010966658592224121,2.5533357551770255,-0.0015612886626632145,delta,0
0.19423198699951172,0.20455819368362427,0.010326206684112549,0.9531521284069723,0.012981724875553557,gamma,0
0.22412335872650146,0.23106706142425537,0.006943702697753906,1.7837672963415845,0.00903030986111139,gamma,0
0.1587502360343933,0.16873109340667725,0.009980857372283936,2.3992413147548874,0.012006773371552098,gamma,0
0.35840415954589844,0.3771914839744568,0.01878732442855835,1.42926264374716,0.03016549058842321,gamma,0
0.23177379369735718,0.242531418800354,0.010757625102996826,3.2579591742108986,0.01420207434341285,gamma,0
0.3869698643684387,0.3845908045768738,-0.0023790597915649414,1.9187943447000013,-0.003865817750625602,gamma,0
0.28047144412994385,0.29779118299484253,0.01731973886489868,2.7851710180064235,0.024664655933494886,gamma,0
0.19993489980697632,0.21850311756134033,0.018568217754364014,2.4585954575135913,0.023759810399271105,gamma,0
0.1810213327407837,0.1844998598098755,0.003478527069091797,3.722987488658896,0.00426551375979018,gamma,0
0.22065585851669312,0.23834794759750366,0.017692089080810547,2.573608292825228,0.023228571399504523,gamma,0
0.22446560859680176,0.23698198795318604,0.012516379356384277,2.3438710743917923,0.016403779673311764,gamma,0
0.23067748546600342,0.2421414852142334,0.01146399974822998,7.1113818519933805,0.015126833735543176,gamma,0
0.20808148384094238,0.2232142686843872,0.015132784843444824,0.8324139182418586,0.01948128580814042,gamma,0
0.27144795656204224,0.2819969654083252,0.010549008846282959,2.2781564699506567,0.014692150782178984,gamma,0
0.21626198291778564,0.23338991403579712,0.017127931118011475,2.6389764055924356,0.022342428610848293,gamma,0
0.19538164138793945,0.20091086626052856,0.005529224872589111,1.935519361505429,0.006919409411455988,gamma,0
0.18141072988510132,0.18642747402191162,0.005016744136810303,0.5055662946397076,0.006166314589813738,gamma,0
0.25469207763671875,0.2647443413734436,0.010052263736724854,1.137060192064387,0.01367179377510986,gamma,0
0.15324288606643677,0.1710643172264099,0.017821431159973145,1.2155798473643469,0.02149917240906225,gamma,0
0.210737407207489,0.2131238579750061,0.00238645076751709,1.2819012186744614,0.0030328162719175287,gamma,0
0.19479185342788696,0.19612735509872437,0.0013355016708374023,0.9068203387441935,0.001661334888440465,gamma,0
0.1764681339263916,0.2021130919456482,0.025644958019256592,1.1336185488565929,0.03214109388232958,gamma,0
0.27226734161376953,0.27274638414382935,0.00047904253005981445,2.098590634242652,0.000658700788301828,gamma,0
0.2050270438194275,0.20559096336364746,0.0005639195442199707,2.6845148705430932,0.0007098604348808656,gamma,0
0.18247324228286743,0.19552427530288696,0.013051033020019531,1.0719605403451407,0.016223029010518964,gamma,0
0.24609100818634033,0.24497735500335693,-0.0011136531829833984,3.761971753263309,-0.0014749930884369036,gamma,0
0.22300899028778076,0.24679917097091675,0.023790180683135986,1.1654677315347879,0.03158544144700799,gamma,0
0.23154914379119873,0.24866175651550293,0.0171126127243042,1.5880164437181317,0.022776176872004648,gamma,0
0.23109233379364014,0.25102853775024414,0.019936203956604004,3.8657576393867132,0.026618108915284645,gamma,0
0.18287533521652222,0.1898474097251892,0.006972074508666992,1.2537780639624132,0.008605878191788542,gamma,0
0.25928354263305664,0.27700287103652954,0.0177193284034729,4.295315517237074,0.02450815873760983,gamma,0
0.14862167835235596,0.16380316019058228,0.015181481838226318,1.873845195591889,0.01815539250505469,gamma,0
0.18313801288604736,0.20269864797592163,0.019560635089874268,3.6356621553476147,0.024533553141753033,gamma,0
0.1994761824607849,0.19882237911224365,-0.0006538033485412598,1.926936344194323,-0.0008160529344501705,beta,0
0.20302391052246094,0.19449812173843384,-0.0085257887840271,1.591287741133887,-0.010584443083394733,beta,0
0.21669316291809082,0.22032809257507324,0.003634929656982422,7.626467192454671,0.004662127264515328,beta,0
0.20574522018432617,0.20064127445220947,-0.005103945732116699,3.7462124649950304,-0.0063850503772496245,beta,0
0.16495180130004883,0.16772645711898804,0.002774655818939209,1.431496567915365,0.003333826772066326,beta,0
0.21007990837097168,0.2124810814857483,0.0024011731147766113,1.4068399755363559,0.0030490354686420872,beta,0
0.16139966249465942,0.1592400074005127,-0.0021596550941467285,1.6133266822223125,-0.0025686939354350596,beta,0
0.15886884927749634,0.16236799955368042,0.003499150276184082,0.9178481675636019,0.004177431466705681,beta,0
0.24755918979644775,0.25199514627456665,0.0044359564781188965,4.772880021393368,0.005930384617192848,beta,0
0.1659134030342102,0.17256122827529907,0.006647825241088867,1.9836692273615146,0.008034220135989326,beta,0
0.2608441710472107,0.2618170380592346,0.0009728670120239258,3.608261584042298,0.0013179212501276782,beta,0
0.2264423370361328,0.2192685604095459,-0.007173776626586914,1.802876458071333,-0.009188533038134137,beta,0
0.1635807752609253,0.1584024429321289,-0.005178332328796387,1.751260889450685,-0.00615297927769386,beta,0
0.17850691080093384,0.1765066385269165,-0.002000272274017334,1.699877504336935,-0.0024290083777229266,beta,0
0.2726091742515564,0.3757808804512024,0.103171706199646,3.600655015376663,0.16528123373443174,beta,0
0.23622286319732666,0.24291682243347168,0.0066939592361450195,4.383465575842809,0.008841775163544419,beta,0
0.19592177867889404,0.19820690155029297,0.0022851228713989258,1.3861340168990892,0.0028500156409643398,beta,0
0.16051244735717773,0.1656060814857483,0.005093634128570557,0.7846024149120702,0.0061045916269864995,beta,0
0.22199630737304688,0.23228609561920166,0.010289788246154785,5.5805215427382455,0.013403154726569711,beta,0
0.22132450342178345,0.21945881843566895,-0.001865684986114502,1.4675563586762657,-0.0023902454222535278,beta,0
0.2582639455795288,0.2630133032798767,0.0047493577003479,0.9681264132401743,0.006444292307424794,beta,0
0.2668790817260742,0.2727019786834717,0.005822896957397461,4.395294471488106,0.008006204866138733,beta,0
0.2080201506614685,0.20453006029129028,-0.0034900903701782227,1.5214182474987286,-0.004387457270171952,beta,0
0.20336806774139404,0.19347453117370605,-0.009893536567687988,0.6504758289059145,-0.01226686192822364,beta,0
0.21056777238845825,0.21083056926727295,0.00026279687881469727,1.8420583045758516,0.0003330043823044387,beta,0
0.1494203805923462,0.14750659465789795,-0.0019137859344482422,2.1911080070284297,-0.0022449275530527393,beta,0
0.24627619981765747,0.24369347095489502,-0.002582728862762451,2.305081089815113,-0.003414923398880801,beta,0
0.23224174976348877,0.2305072546005249,-0.0017344951629638672,1.224614236263156,-0.0022540760433854643,beta,0
0.30999624729156494,0.3999914526939392,0.08999520540237427,7.303020484136612,0.14998987232171584,beta,0
0.22903072834014893,0.22207218408584595,-0.0069585442543029785,1.9534384482835756,-0.008944974214768107,beta,0
0.30919349193573,0.32190006971359253,0.012706577777862549,3.637999592677099,0.018738503294780905,beta,0
0.2952001690864563,0.2979964017868042,0.0027962327003479004,0.9201472451878477,0.0039832170482674584,beta,0
0.2875087857246399,0.2865754961967468,-0.0009332895278930664,2.481752846491346,-0.0013081826078550943,beta,0
0.21297645568847656,0.21482032537460327,0.001843869686126709,1.354942822141599,0.0023483410813027036,beta,0
0.27446770668029785,0.26580703258514404,-0.008660674095153809,3.4680138990094687,-0.011796182311100908,beta,0
0.2164691686630249,0.20963823795318604,-0.006830930709838867,1.2505568614259446,-0.008642789970188695,beta,0
0.21311193704605103,0.22163653373718262,0.008524596691131592,6.149612952253714,0.010951948621202667,beta,0
0.26965516805648804,0.26814794540405273,-0.0015072226524353027,3.686248415226134,-0.002059463580063917,beta,0
0.21852052211761475,0.21321940422058105,-0.005301117897033691,2.428182065610069,-0.006737733397939452,beta,0
0.28003251552581787,0.27000105381011963,-0.010031461715698242,1.4660293910533706,-0.013741748214919962,beta,0
0.2357516884803772,0.2370063066482544,0.0012546181678771973,6.011210368299159,0.001644336222971648,beta,0
0.20817780494689941,0.2096126675605774,0.0014348626136779785,1.053100561190716,0.0018153917133887647,beta,0
0.22224092483520508,0.224911630153656,0.0026707053184509277,2.6547652690945176,0.0034456784830617145,beta,0
0.23348122835159302,0.22897815704345703,-0.004503071308135986,1.2008488773877013,-0.005840393951575497,beta,0
0.24269205331802368,0.23483330011367798,-0.007858753204345703,5.117374867709608,-0.010270641947059705,beta,0
0.17664283514022827,0.16985416412353516,-0.006788671016693115,1.037676586932409,-0.008177684839586844,beta,0
0.21098089218139648,0.2144176959991455,0.0034368038177490234,2.194785705674573,0.0043748488226451766,beta,0
0.17241549491882324,0.16904675960540771,-0.0033687353134155273,1.017619483368275,-0.004054061227098442,beta,0
0.27033060789108276,0.2742040157318115,0.0038734078407287598,2.614771412568504,0.0053367722124203695,beta,0
0.21118885278701782,0.21629828214645386,0.005109429359436035,4.059302057339452,0.006519609748247173,beta,0
0.22610193490982056,0.2236606478691101,-0.0024412870407104492,2.7790475238761436,-0.0031446132854268233,beta,0
0.21436142921447754,0.2124832272529602,-0.001878201961517334,3.2175671803367925,-0.002384967567059852,beta,0
0.1731966733932495,0.17104774713516235,-0.002148926258087158,2.018496528315529,-0.0025923402109838344,beta,0
0.2049487829208374,0.20005804300308228,-0.004890739917755127,5.215989800173657,-0.00611386848130279,beta,0
0.2068629264831543,0.2066512107849121,-0.0002117156982421875,1.2017419658298847,-0.00026686332811026503,beta,0
0.21977585554122925,0.22598493099212646,0.006209075450897217,1.0559675939417825,0.008021905127578409,beta,0
0.19087886810302734,0.19446098804473877,0.0035821199417114258,3.10289659669892,0.004446860907476909,beta,0
0.2136126160621643,0.21565842628479004,0.0020458102226257324,2.036883441247824,0.002608315421730475,beta,0
0.2418336272239685,0.2408839464187622,-0.0009496808052062988,2.100494007554993,-0.0012510350699686098,beta,0
0.2647061347961426,0.27036935091018677,0.0056632161140441895,7.335141678845771,0.0077617574331736725,beta,0
0.25172364711761475,0.25852811336517334,0.006804466247558594,4.479334952098106,0.00917697133257566,beta,0
0.2065693736076355,0.20510965585708618,-0.0014597177505493164,2.7038343496413497,-0.0018363762515234087,beta,0
0.23474961519241333,0.2607614994049072,0.026011884212493896,6.168083232749839,0.03518740459480144,beta,0
0.22055822610855103,0.2278488278388977,0.00729060173034668,3.426311101176475,0.009441935715698896,beta,0
0.19543051719665527,0.19224929809570312,-0.0031812191009521484,1.1570334331102226,-0.00393836748572589,beta,0
0.15220952033996582,0.16133719682693481,0.009127676486968994,1.71369954516497,0.010883607157053585,beta,0
0.22578299045562744,0.22956746816635132,0.003784477710723877,2.2921922506894044,0.0049121468192895815,beta,0
0.20823991298675537,0.20245540142059326,-0.005784511566162109,0.8808830077655219,-0.007252900435242782,beta,0
0.21301716566085815,0.21137744188308716,-0.001639723777770996,1.008907462145794,-0.0020792250499229417,beta,0
0.1783711314201355,0.18513453006744385,0.00676339864730835,1.7120437341670602,0.008300018710902224,beta,0
0.14855414628982544,0.15304040908813477,0.004486262798309326,1.043833133909339,0.005296903000389032,beta,0
0.2371547818183899,0.23098492622375488,-0.00616985559463501,1.364415613729364,-0.008023061972423974,beta,0
0.18992739915847778,0.18878722190856934,-0.0011401772499084473,2.4812584115375658,-0.0014055218072266849,beta,0
0.19312220811843872,0.1876702904701233,-0.00545191764831543,1.936545041485386,-0.006711459133349491,beta,0
0.14832347631454468,0.14905691146850586,0.0007334351539611816,1.425916568028396,0.0008619085857162309,beta,0
0.20812124013900757,0.21313786506652832,0.005016624927520752,2.3701779201668374,0.00637548142781696,beta,0
0.20813030004501343,0.20442557334899902,-0.0037047266960144043,2.80076198145478,-0.00465666890728198,beta,0
0.19684547185897827,0.19975799322128296,0.0029125213623046875,1.9798868985509814,0.0036395507079523483,beta,0
0.34989166259765625,0.3479372262954712,-0.0019544363021850586,2.288806416073703,-0.0029973131130940443,beta,0
0.19556093215942383,0.19721728563308716,0.00165635347366333,2.049677124633987,0.0020632649956464954,beta,0
0.22522473335266113,0.231420636177063,0.0061959028244018555,3.4065950929730415,0.008061500368137972,beta,0
0.13812601566314697,0.14976781606674194,0.01164180040359497,2.6728541907326853,0.013692495560140822,beta,0
0.26221781969070435,0.25990670919418335,-0.002311110496520996,4.0575058573278255,-0.0031227286143948817,beta,0
0.15030384063720703,0.1599695086479187,0.00966566801071167,2.709094540006791,0.011506329960897224,beta,0
0.1886460781097412,0.18901348114013672,0.0003674030303955078,4.75833663953837,0.00045303222908319916,beta,0
0.19388848543167114,0.19964337348937988,0.00575488805770874,0.9830264206201081,0.007190404710958406,beta,0
0.16628634929656982,0.1719803810119629,0.005694031715393066,2.6602944770126613,0.006876686958639963,beta,0
0.19607341289520264,0.20469433069229126,0.008620917797088623,1.5687720365910123,0.010839753983638631,beta,0
0.21842479705810547,0.21730107069015503,-0.0011237263679504395,1.2945700193987444,-0.0014357070463112808,beta,0
0.1726926565170288,0.1729239821434021,0.00023132562637329102,1.1491518233701148,0.00027969088859906865,beta,0
0.19596165418624878,0.19795703887939453,0.001995384693145752,1.581271760923979,0.0024878775699967775,beta,0
0.1465274691581726,0.157243549823761,0.010716080665588379,1.007189125202417,0.012715513080140068,beta,0
0.20058172941207886,0.19963449239730835,-0.0009472370147705078,1.3574705939144662,-0.0011835055431208368,beta,0
0.21917998790740967,0.2226448655128479,0.0034648776054382324,5.550810503689709,0.0044572647065927356,beta,0
0.23343700170516968,0.22931408882141113,-0.004122912883758545,3.962045331053265,-0.005349666866821903,beta,0
0.2287324070930481,0.23187577724456787,0.0031433701515197754,5.132633775563669,0.004092267967079346,beta,0
0.19868922233581543,0.20270735025405884,0.004018127918243408,3.259856043774863,0.0050397152407259645,beta,0
0.21439915895462036,0.21307653188705444,-0.001322627067565918,3.9345508170481667,-0.0016807569238436843,beta,0
0.15179049968719482,0.15710872411727905,0.0053182244300842285,1.747206041329997,0.00630950228368979,beta,0
0.25918835401535034,0.2562461495399475,-0.002942204475402832,1.232404615203923,-0.003955884697044483,beta,0
0.1540352702140808,0.15429651737213135,0.0002612471580505371,1.9668035747922819,0.0003089110585648287,beta,0
0.17708152532577515,0.18026942014694214,0.003187894821166992,0.7684306996734553,0.00388895437051823,beta,0
0.21334046125411987,0.21194618940353394,-0.0013942718505859375,3.5448868674075524,-0.0017692597026218732,beta,0
0.16290545463562012,0.16826117038726807,0.005355715751647949,0.8318034210514367,0.006439179657082546,beta,0
0.20801228284835815,0.21754848957061768,0.009536206722259521,11.966413382036288,0.0121876008866369,beta,0
0.19467812776565552,0.20430374145507812,0.009625613689422607,3.3564366285733795,0.012097095576426143,beta,0
0.1850811243057251,0.18568146228790283,0.0006003379821777344,1.3242402828861666,0.0007372274538467946,beta,0
0.22167432308197021,0.24304670095443726,0.02137237787246704,1.578930796013537,0.02823473773007572,beta,0
0.23085707426071167,0.22910845279693604,-0.0017486214637756348,1.446253050329933,-0.002268310594557632,beta,0
0.1487855315208435,0.1527588963508606,0.00397336483001709,0.8066183140982742,0.0046897687245147455,beta,0
0.221662700176239,0.21715068817138672,-0.004512012004852295,2.3814777175495885,-0.005763576638156508,beta,0
0.27170324325561523,0.2761639356613159,0.004460692405700684,6.0327699616945045,0.006162572750193223,beta,0
0.20627129077911377,0.21022790670394897,0.003956615924835205,7.645163852940325,0.005009819868821375,beta,0
0.19179058074951172,0.20022696256637573,0.008436381816864014,1.7448293148131941,0.010548469905831474,beta,0
0.2627217769622803,0.258023202419281,-0.004698574542999268,5.797332585873508,-0.00633250872307515,beta,0
0.18976867198944092,0.19179582595825195,0.002027153968811035,0.9390095947574276,0.002508220118034582,beta,0
0.28992825746536255,0.34174972772598267,0.05182147026062012,1.790465376433539,0.07872609012616982,beta,0
0.20568382740020752,0.20779043436050415,0.002106606960296631,2.661452954785508,0.002659153652854612,beta,0
0.22229182720184326,0.22301161289215088,0.0007197856903076172,1.733747137792248,0.0009263789552722209,beta,0
0.24338972568511963,0.24045312404632568,-0.0029366016387939453,1.9240260435642806,-0.0038662546470312285,beta,0
0.15480196475982666,0.15498703718185425,0.0001850724220275879,0.9926350125252876,0.00021901725792509185,beta,0
0.25197482109069824,0.24503213167190552,-0.006942689418792725,6.4151565309639285,-0.009196006492524746,beta,0
0.28689152002334595,0.299734890460968,0.01284337043762207,8.489038530796352,0.018340725908901213,beta,0
0.31461626291275024,0.324638307094574,0.01002204418182373,7.84583650472876,0.014839521232998277,beta,0
0.2388756275177002,0.23337006568908691,-0.005505561828613281,1.0418983312700048,-0.007181511681463321,beta,0
0.2278880476951599,0.23221099376678467,0.004322946071624756,1.4646634432114276,0.00563038287410912,beta,0
0.18009597063064575,0.1848543882369995,0.00475841760635376,1.6301563177851006,0.005837506253713657,beta,0
0.20656639337539673,0.19951164722442627,-0.007054746150970459,1.0680783701041583,-0.00881305284019334,beta,0
0.2648819088935852,0.25778812170028687,-0.00709378719329834,1.2709934806918715,-0.009557630914704645,beta,0
0.1572992205619812,0.15932291746139526,0.0020236968994140625,1.3632150831346472,0.0024072226321467877,beta,0
0.19103604555130005,0.19396555423736572,0.002929508686065674,0.924766463292682,0.0036344708361612287,beta,0
0.1755470633506775,0.17885172367095947,0.0033046603202819824,1.3183931639284432,0.004024437991948946,beta,0
0.2456367015838623,0.24056053161621094,-0.005076169967651367,1.6177525823546826,-0.006684100812477239,beta,0
0.1617562174797058,0.16949939727783203,0.007743179798126221,2.118792651660059,0.009323508944781091,beta,0
0.1776542067527771,0.17599475383758545,-0.0016594529151916504,1.028319499397831,-0.0020138863471077535,beta,0
0.21091854572296143,0.2109205722808838,2.0265579223632812e-06,6.385901097641818,2.568255933653187e-06,beta,0
0.23931044340133667,0.23747503757476807,-0.0018354058265686035,1.5218463142877365,-0.0024070108088409905,beta,0
0.22266829013824463,0.22301965951919556,0.00035136938095092773,7.833432157897388,0.0004522242875971563,beta,0
0.24104338884353638,0.23897480964660645,-0.0020685791969299316,2.7209837559161287,-0.0027181481285387618,beta,0
0.172868013381958,0.17157059907913208,-0.0012974143028259277,1.3935018519105193,-0.0015661132999187912,beta,0
0.20010513067245483,0.2157931923866272,0.015688061714172363,2.129363641415929,0.02000500577381731,beta,0
0.2171444296836853,0.21348929405212402,-0.0036551356315612793,0.6501298153902301,-0.004647280200917588,beta,0
0.15144366025924683,0.16129881143569946,0.009855151176452637,1.1935814445719946,0.01175049148710855,beta,0
0.20168888568878174,0.19378143548965454,-0.007907450199127197,1.100369359782296,-0.009808072583803331,beta,0
0.20688962936401367,0.21748846769332886,0.010598838329315186,1.7460101133514934,0.013544641697576203,beta,0
0.1601511836051941,0.169988214969635,0.009837031364440918,1.7833061192301467,0.011851676737434568,beta,0
0.17025238275527954,0.1755695343017578,0.0053171515464782715,1.2694640058260869,0.0064494845444302805,beta,0
0.17136043310165405,0.17405593395233154,0.0026955008506774902,1.7287765970962574,0.0032635392170998687,beta,0
0.18563556671142578,0.18443816900253296,-0.0011973977088928223,1.6672441759742593,-0.0014681875283794898,beta,0
0.360400915145874,0.38638734817504883,0.025986433029174805,2.627040882432371,0.042349897695049654,beta,0
0.1937076449394226,0.1967729926109314,0.003065347671508789,1.5810827266950949,0.0038162905919621177,beta,0
0.15549719333648682,0.15585029125213623,0.00035309791564941406,0.960483656921916,0.0004182882633142976,beta,0
0.19649338722229004,0.1959584355354309,-0.0005349516868591309,1.6552033176355263,-0.0006653283990553004,beta,0
0.1976434588432312,0.196905255317688,-0.0007382035255432129,1.2483133770168786,-0.0009191985508948028,beta,0
0.1617739200592041,0.16661572456359863,0.004841804504394531,1.1143016669420733,0.0058098102485304535,beta,0
0.17010760307312012,0.17300140857696533,0.002893805503845215,1.4894531445259056,0.0034991661822129346,beta,0
0.26356059312820435,0.264556348323822,0.0009957551956176758,3.947006875014259,0.0013539517179164055,beta,0
0.20501232147216797,0.20666414499282837,0.0016518235206604004,1.2784023167555536,0.0020821238700291294,beta,0
0.246210515499115,0.24529504776000977,-0.0009154677391052246,2.5029659083940516,-0.0012130140876750377,beta,0
0.21387100219726562,0.20965564250946045,-0.004215359687805176,2.6648904080520506,-0.0053335734580171705,beta,0
0.2547733187675476,0.25534260272979736,0.0005692839622497559,1.5161732274539192,0.0007644911127407875,beta,0
0.29008179903030396,0.29295557737350464,0.0028737783432006836,4.018814892332238,0.0040644947491775794,beta,0
0.2258111834526062,0.2292054295539856,0.0033942461013793945,2.276035756221908,0.004403567735843468,beta,0
0.25083833932876587,0.24689066410064697,-0.0039476752281188965,1.0031049121741202,-0.005241835467893432,beta,0
0.21217352151870728,0.21355271339416504,0.0013791918754577637,7.477228742360042,0.0017536990704235342,beta,0
0.1596202254295349,0.17025673389434814,0.010636508464813232,1.2806055934479441,0.012819035597281819,beta,0
0.20263516902923584,0.20497453212738037,0.0023393630981445312,1.9368123522377643,0.002942500828815396,beta,0
0.21249711513519287,0.2148112654685974,0.002314150333404541,1.8027766389061466,0.0029472536113060977,beta,0
0.21349096298217773,0.21779775619506836,0.004306793212890625,1.2807392869455774,0.005505984222112086,beta,0
0.21245253086090088,0.20888620615005493,-0.0035663247108459473,1.4078694363516489,-0.00450797943174581,beta,0
0.18114995956420898,0.18220633268356323,0.001056373119354248,0.9133620061431389,0.0012917355093011442,beta,0
0.2614048719406128,0.2654842734336853,0.00407940149307251,6.725483457505831,0.005553865418433906,beta,0
0.25044387578964233,0.2543622851371765,0.00391840934753418,5.866848361594838,0.005255111523234923,beta,0
0.18000012636184692,0.18342363834381104,0.0034235119819641113,2.1123149618253008,0.0041925190866663195,beta,0
0.208901047706604,0.2080174684524536,-0.0008835792541503906,1.389703625668997,-0.001115654978429717,beta,0
0.2858062982559204,0.2887064218521118,0.0029001235961914062,3.104455067577362,0.004077252607485834,beta,0
0.22725367546081543,0.22658061981201172,-0.0006730556488037109,0.8726951571074574,-0.0008702337516291836,beta,0
0.24470388889312744,0.23730432987213135,-0.007399559020996094,2.7082945108295524,-0.009701850044271959,beta,0
0.18446427583694458,0.18122994899749756,-0.0032343268394470215,1.5786712075609874,-0.003950226117194822,beta,0
0.19974416494369507,0.19586777687072754,-0.0038763880729675293,1.4182151259211215,-0.004820585422982559,beta,0
0.18911463022232056,0.18834972381591797,-0.0007649064064025879,1.2247560540936822,-0.0009424088537229886,beta,0
0.1370178461074829,0.13729625940322876,0.0002784132957458496,0.5546190201327995,0.0003227217903949953,beta,0
0.19454145431518555,0.19236856698989868,-0.0021728873252868652,1.267564658575791,-0.002690444225515537,beta,0
0.17549002170562744,0.1797105073928833,0.004220485687255859,3.701936816932996,0.005145117333932851,beta,0
0.3225506544113159,0.3665585517883301,0.04400789737701416,2.381996002603124,0.0694742939560667,beta,0
0.1774836778640747,0.18230676651000977,0.004823088645935059,2.0277089321281005,0.005898408410877598,beta,0
0.21931052207946777,0.21322941780090332,-0.006081104278564453,2.4162863603252647,-0.0077291963072223715,beta,0
0.19369947910308838,0.20058000087738037,0.006880521774291992,5.070939705774944,0.008606892224166909,beta,0
0.25009578466415405,0.2795172929763794,0.029421508312225342,1.6043678438949276,0.040835828570776195,beta,0
0.19547152519226074,0.19893139600753784,0.0034598708152770996,2.4059455541929213,0.004319069300723282,beta,0
0.1828024983406067,0.1815183162689209,-0.001284182071685791,1.205015876856682,-0.001568980830251203,beta,0
0.2258726954460144,0.23437321186065674,0.008500516414642334,5.358731825779274,0.011102689386431512,beta,0
0.20206713676452637,0.20374548435211182,0.0016783475875854492,3.933596576938805,0.002107802913016862,beta,0
0.22085446119308472,0.22344547510147095,0.0025910139083862305,2.218834487135162,0.003336551169700278,beta,0
0.1841488480567932,0.19308388233184814,0.008935034275054932,0.9097807349198563,0.011073064571910693,beta,0
0.27118927240371704,0.2746996283531189,0.0035103559494018555,3.9899684943634606,0.004839865091246504,beta,0
0.23871344327926636,0.23696821928024292,-0.0017452239990234375,1.1016466640893414,-0.0022872232102536965,beta,0
0.23662537336349487,0.22994619607925415,-0.006679177284240723,0.9406962818653261,-0.00867365014007274,beta,0
0.2366729974746704,0.2454986572265625,0.00882565975189209,2.055136704148383,0.011697341345278783,beta,0
0.22894757986068726,0.22597813606262207,-0.0029694437980651855,1.54671110513795,-0.003836382325119214,beta,0
0.19906216859817505,0.19973570108413696,0.0006735324859619141,1.1551611337901337,0.0008416375525865197,beta,0
0.21430981159210205,0.22134250402450562,0.0070326924324035645,1.5265509000725894,0.009031817543338585,beta,0
0.18253326416015625,0.187208890914917,0.004675626754760742,1.4239257029729064,0.005752556471765364,beta,0
0.20589745044708252,0.20523864030838013,-0.0006588101387023926,1.2411959023742516,-0.0008289408269144104,beta,0
0.20829111337661743,0.2079259753227234,-0.00036513805389404297,0.8480287028952773,-0.00046098980968706195,beta,0
0.18775606155395508,0.18686330318450928,-0.0008927583694458008,0.9054384219460831,-0.0010979191726829382,beta,0
0.2799668312072754,0.27766668796539307,-0.0023001432418823242,1.5568761308618972,-0.0031843239174495176,beta,0
0.2646244764328003,0.26640182733535767,0.001777350902557373,1.2267469571014802,0.002422785345963331,beta,0
0.18128740787506104,0.20035892724990845,0.019071519374847412,1.347520933201891,0.023850099781965242,beta,0
0.1739424467086792,0.16836810111999512,-0.005574345588684082,1.6122825705252652,-0.006702900160745755,beta,0
0.23234736919403076,0.23619496822357178,0.0038475990295410156,0.8483044523558384,0.005037409901048202,beta,0
0.1953638792037964,0.19605082273483276,0.000686943531036377,0.7421249566193407,0.0008544613894291004,beta,0
0.18820524215698242,0.18989187479019165,0.0016866326332092285,1.7645356580667275,0.0020819845903562698,beta,0
0.19851481914520264,0.19761556386947632,-0.0008992552757263184,1.3760008403760666,-0.0011207287121157926,beta,0
0.20282506942749023,0.20474427938461304,0.0019192099571228027,0.8313828395883847,0.0024133243023233765,beta,0
0.18820393085479736,0.18911367654800415,0.0009097456932067871,1.0815291414167376,0.0011219152017929474,beta,0
0.17802035808563232,0.17487037181854248,-0.0031499862670898438,1.1900446738411423,-0.003817565337015286,beta,0
0.29905402660369873,0.2927437424659729,-0.00631028413772583,0.6404673606141539,-0.008922203332251511,beta,0
0.19252359867095947,0.19160020351409912,-0.0009233951568603516,1.0864285169071064,-0.001142250605299919,beta,0
0.16973644495010376,0.17444056272506714,0.004704117774963379,4.688730661708872,0.005698097026776262,beta,0
0.18704277276992798,0.1818642020225525,-0.005178570747375488,1.579758386926254,-0.006329720274039688,beta,0
0.2259373664855957,0.2239851951599121,-0.0019521713256835938,1.204460006565701,-0.0025156367037171084,beta,0
0.2126857042312622,0.21157675981521606,-0.0011089444160461426,1.7611589372369967,-0.0014065344088363475,beta,0
0.24395287036895752,0.2466440200805664,0.0026911497116088867,0.9733421840175647,0.003572215238666702,beta,0
0.21779823303222656,0.20857590436935425,-0.009222328662872314,0.9883601989764039,-0.011652827749101457,beta,0
0.26271069049835205,0.2686612010002136,0.005950510501861572,1.2610771623565138,0.008136462211494553,beta,0
0.19859695434570312,0.19435352087020874,-0.004243433475494385,1.9757520381977711,-0.005267116018526979,beta,0
0.2007765769958496,0.1976689100265503,-0.0031076669692993164,1.2288902485142503,-0.003873297455545632,beta,0
0.24682331085205078,0.24761265516281128,0.000789344310760498,0.5211756604743814,0.0010491196006643447,beta,0
0.2158048152923584,0.2148190140724182,-0.0009858012199401855,1.0532293399545993,-0.0012555082682951103,beta,0
0.18281656503677368,0.17722421884536743,-0.00559234619140625,1.6028247016236885,-0.006796926112188545,beta,0
0.16794538497924805,0.16978776454925537,0.0018423795700073242,0.8549241421076883,0.0022191669688017145,beta,0
0.27185213565826416,0.2684043049812317,-0.0034478306770324707,0.8134091997617453,-0.004712754189927293,beta,0
0.23160141706466675,0.22927242517471313,-0.0023289918899536133,1.5689494898028862,-0.003021809477209328,beta,0
0.16134721040725708,0.16867369413375854,0.007326483726501465,1.8714641269195231,0.008813006005947657,beta,0
0.1781175136566162,0.17487871646881104,-0.0032387971878051758,1.0755683803238705,-0.00392523772256173,beta,0
0.19935977458953857,0.19799840450286865,-0.0013613700866699219,1.7250694870993213,-0.0016974655590629574,beta,0
0.2500932812690735,0.24992865324020386,-0.0001646280288696289,1.060396548470263,-0.00021948315927651293,beta,0
0.23941439390182495,0.23180830478668213,-0.007606089115142822,3.166823111171179,-0.009901290475459644,beta,0
0.2364354133605957,0.22510486841201782,-0.01133054494857788,1.1893394771313333,-0.014622036565590944,beta,0
0.1476367712020874,0.15688389539718628,0.009247124195098877,1.8494251414991263,0.010967794523928747,beta,0
0.24135029315948486,0.2368556261062622,-0.004494667053222656,4.081723942286724,-0.005889668071966296,beta,0
0.19308483600616455,0.19741737842559814,0.004332542419433594,1.920743296592092,0.005398250975001897,beta,0
0.25428080558776855,0.24763339757919312,-0.0066474080085754395,1.8074814774976058,-0.008835331056943263,beta,0
0.2686188817024231,0.2636277675628662,-0.004991114139556885,3.4278920326896247,-0.006777977114968129,beta,0
0.2619208097457886,0.2553030252456665,-0.00661778450012207,2.5211016919612583,-0.008886546776029534,beta,0
0.17796319723129272,0.17586791515350342,-0.0020952820777893066,1.1530048467559637,-0.0025424105144257005,beta,0
0.22597312927246094,0.22290802001953125,-0.0030651092529296875,2.42130771617105,-0.003944332629718718,beta,0
0.26816433668136597,0.26758265495300293,-0.0005816817283630371,3.112780481468616,-0.0007941943651344198,beta,0
0.2454180121421814,0.2556033134460449,0.010185301303863525,1.8360378450923034,0.013682625793264165,beta,0
0.24096858501434326,0.23751652240753174,-0.0034520626068115234,0.5185419489821953,-0.0045273933249168445,beta,0
0.20201444625854492,0.2005259394645691,-0.00148850679397583,1.0266027524251236,-0.0018618575229056638,beta,0
0.26260340213775635,0.25926584005355835,-0.003337562084197998,0.887126016849099,-0.004505748843065802,beta,0
0.20162886381149292,0.20193856954574585,0.0003097057342529297,1.6818716444706372,0.00038807254984950983,beta,0
0.23602783679962158,0.23853522539138794,0.0025073885917663574,2.3578256951768797,0.003292849092139737,beta,0
0.2181810736656189,0.22284162044525146,0.004660546779632568,1.1634547550441998,0.0059969073257663385,beta,0
0.17668694257736206,0.17993134260177612,0.0032444000244140625,1.3228491493066332,0.003956254144265615,beta,0
0.16768568754196167,0.16990983486175537,0.002224147319793701,1.8396227448132687,0.0026794044950807097,beta,0
0.17838120460510254,0.18615257740020752,0.0077713727951049805,1.5675618057145861,0.009548930892082624,beta,0
0.21860873699188232,0.2278541922569275,0.009245455265045166,2.317491830204394,0.011973716845098178,beta,0
0.17531901597976685,0.17719626426696777,0.0018772482872009277,1.6043498550889097,0.0022815262081041666,beta,0
0.17385900020599365,0.17566508054733276,0.0018060803413391113,2.243674570997136,0.002190954548593298,beta,0
0.1925247311592102,0.19029909372329712,-0.002225637435913086,1.3719319123540907,-0.0027487155055159447,beta,0
0.21434032917022705,0.22107982635498047,0.006739497184753418,2.854997682746777,0.008652359269648132,beta,0
0.1911700963973999,0.19437599182128906,0.00320589542388916,1.8934936999910645,0.003979394098664943,beta,0
0.21663588285446167,0.21805155277252197,0.0014156699180603027,2.910081832224686,0.0018104389401625957,beta,0
0.24132221937179565,0.24422401189804077,0.002901792526245117,1.0559909918893151,0.0038394875888193023,beta,0
0.2535858154296875,0.2525871992111206,-0.0009986162185668945,4.256169942986117,-0.001336097291233004,beta,0
0.23566478490829468,0.23137015104293823,-0.004294633865356445,0.6517369982740088,-0.00558738887278935,beta,0
0.20056688785552979,0.19527465105056763,-0.005292236804962158,1.3994578899088896,-0.006576450974076018,beta,0
0.2575071454048157,0.25182104110717773,-0.0056861042976379395,2.3307426477549678,-0.0075999254323489765,beta,0
0.2604110836982727,0.2630256414413452,0.0026145577430725098,4.070974839345831,0.0035476916024404946,beta,0
0.2715054750442505,0.2699465751647949,-0.0015588998794555664,1.2689038447556478,-0.0021353230139389548,beta,0
0.22136390209197998,0.2251356840133667,0.0037717819213867188,1.035205108380032,0.004867667594918365,beta,0
0.20920008420944214,0.21191608905792236,0.0027160048484802246,1.3664583785400706,0.0034463396736947784,beta,0
0.1637290120124817,0.16647499799728394,0.002745985984802246,0.942635386051096,0.003294425455990459,beta,0
0.17292237281799316,0.16918659210205078,-0.003735780715942383,0.7938030895819839,-0.00449653397553408,beta,0
0.1541793942451477,0.15551376342773438,0.00133436918258667,2.3508942506638864,0.0015800958319970005,beta,0
0.16805803775787354,0.1676802635192871,-0.0003777742385864258,1.038418828400267,-0.00045388114930899496,alpha,0
0.19758987426757812,0.2038133144378662,0.006223440170288086,2.6402727705916034,0.007816558959277414,alpha,0
0.19171863794326782,0.19878113269805908,0.00706249475479126,2.6481035363548227,0.008814688523965756,alpha,0
0.15728050470352173,0.16001379489898682,0.002733290195465088,1.8042625908688195,0.0032539703376871457,alpha,0
0.16215556859970093,0.16664570569992065,0.0044901371002197266,1.9833491656433007,0.005388028994307781,alpha,0
0.1581363081932068,0.15509307384490967,-0.003043234348297119,1.542877430458521,-0.003601857499435986,alpha,0
0.13801789283752441,0.1375853419303894,-0.00043255090713500977,2.332218349916291,-0.0005015579258627305,alpha,0
0.16367781162261963,0.1689164638519287,0.005238652229309082,3.2606140845304488,0.006303400321933136,alpha,0
0.16458594799041748,0.16430258750915527,-0.00028336048126220703,1.5254031557823244,-0.0003390706696310506,alpha,0
0.15403074026107788,0.15729999542236328,0.0032692551612854004,2.3707188117424898,0.003879500585649052,alpha,0
0.17276442050933838,0.17746436595916748,0.0046999454498291016,2.357257261723765,0.005713971839420377,alpha,0
0.24363547563552856,0.2723938226699829,0.028758347034454346,3.5398757613573624,0.03952460538472112,alpha,0
0.17762458324432373,0.1765143871307373,-0.0011101961135864258,3.539010607179439,-0.001348166982199216,alpha,0
0.23953688144683838,0.24424874782562256,0.00471186637878418,6.224537053544745,0.006234678891007636,alpha,0
0.20789653062820435,0.19830602407455444,-0.009590506553649902,2.141363968573815,-0.01196280231815261,alpha,0
0.19128656387329102,0.18909674882888794,-0.002189815044403076,3.201580734950705,-0.0027004640087957845,alpha,0
0.1671212911605835,0.16687875986099243,-0.00024253129959106445,2.494185081525158,-0.0002911116508692033,alpha,0
0.16821110248565674,0.1866397261619568,0.01842862367630005,4.147107873560207,0.022657393370517094,alpha,0
0.18659061193466187,0.1902521848678589,0.0036615729331970215,1.4125185699985334,0.004521868246843613,alpha,0
0.16666728258132935,0.1719449758529663,0.005277693271636963,1.583440258380686,0.006373602137217186,alpha,0
0.26324158906936646,0.2614901661872864,-0.0017514228820800781,4.32732007045162,-0.0023715633860120536,alpha,0
0.19872957468032837,0.19134235382080078,-0.007387220859527588,1.4080358171868128,-0.009135164793693886,alpha,0
0.1991431713104248,0.19509172439575195,-0.0040514469146728516,1.9080497313348452,-0.0050334268356620054,alpha,0
0.17153948545455933,0.17772114276885986,0.006181657314300537,4.8327108774635175,0.007517714045471185,alpha,0
0.15402674674987793,0.15310770273208618,-0.000919044017791748,3.2567460865152347,-0.0010851958634605565,alpha,0
0.15460115671157837,0.15319746732711792,-0.0014036893844604492,2.8975598005088345,-0.0016576348443713162,alpha,0
0.17142534255981445,0.16686105728149414,-0.0045642852783203125,0.8356192566177479,-0.005478420278167763,alpha,0
0.21678346395492554,0.2064184546470642,-0.010365009307861328,2.9264038258463105,-0.013061051341928089,alpha,0
0.18737024068832397,0.18944120407104492,0.0020709633827209473,1.6530870379982632,0.00255498230741853,alpha,0
0.2019621729850769,0.2031499743461609,0.0011878013610839844,1.5994518989030502,0.0014906209736384938,alpha,0
0.1625649333000183,0.15918153524398804,-0.0033833980560302734,0.8137786710623619,-0.00402393405693352,alpha,0
0.20537453889846802,0.21369564533233643,0.008321106433868408,1.3858631812680122,0.010582551634710679,alpha,0
0.18717724084854126,0.18482434749603271,-0.002352893352508545,1.4552931959091326,-0.0028863636263928944,alpha,0
0.2555887699127197,0.2651471495628357,0.009558379650115967,2.280062338679592,0.013007202250667848,alpha,0
0.18541455268859863,0.186876118183136,0.0014615654945373535,1.2372233812979803,0.001797469644196891,alpha,0
0.18022942543029785,0.17647594213485718,-0.003753483295440674,1.3530816482414891,-0.004557830775667916,alpha,0
0.1996232271194458,0.19663286209106445,-0.0029903650283813477,1.0983035717296772,-0.0037222894580489,alpha,0
0.2468605637550354,0.24894404411315918,0.0020834803581237793,4.021932249590724,0.0027740680861303105,alpha,0
0.23989659547805786,0.2327362298965454,-0.007160365581512451,1.5131754750358921,-0.009332338969357276,alpha,0
0.217132568359375,0.2165316343307495,-0.0006009340286254883,2.1719170425220478,-0.0007670176039745541,alpha,0
0.2189692258834839,0.2275180220603943,0.0085487961769104,2.3052585123246825,0.011066660997984815,alpha,0
0.26063740253448486,0.2585078477859497,-0.0021295547485351562,2.348945120596803,-0.0028719855526136533,alpha,0
0.2340071201324463,0.2349981665611267,0.00099104642868042,1.9216350186004927,0.0012954824228661257,alpha,0
0.23597896099090576,0.23160028457641602,-0.004378676414489746,2.4146374312649677,-0.005698435757587416,alpha,0
0.22534477710723877,0.22289735078811646,-0.0024474263191223145,1.559301958022026,-0.003149424753093337,alpha,0
0.20398545265197754,0.20967376232147217,0.005688309669494629,0.9218066272670684,0.007197419746816503,alpha,0
0.23615461587905884,0.24384421110153198,0.0076895952224731445,1.2573647584196226,0.010169326659093602,alpha,0
0.18687617778778076,0.1864004135131836,-0.00047576427459716797,1.5674572398152196,-0.0005847646465155587,alpha,0
0.1890764832496643,0.1876165270805359,-0.001459956169128418,1.7063191901468582,-0.0017971268714782817,alpha,0
0.2449471354484558,0.25017768144607544,0.005230545997619629,3.483538799767341,0.006975713936745758,alpha,0
0.21027952432632446,0.21406275033950806,0.0037832260131835938,0.7618310572865434,0.004813648945660568,alpha,0
0.2243480086326599,0.21968936920166016,-0.004658639430999756,0.5263728880208599,-0.0059702370403866955,alpha,0
0.20215749740600586,0.2064337134361267,0.00427621603012085,0.9064385777585191,0.00538860597094766,alpha,0
0.25729215145111084,0.25803041458129883,0.0007382631301879883,3.0497777728858932,0.0009950045725545188,alpha,0
0.17446750402450562,0.1814168095588684,0.006949305534362793,2.0322966193254497,0.008489431026085249,alpha,0
0.2208242416381836,0.21475327014923096,-0.006070971488952637,2.086389338721772,-0.007731291654161215,alpha,0
0.21115577220916748,0.2083161473274231,-0.0028396248817443848,3.454117107499158,-0.0035868167225570425,alpha,0
0.20261508226394653,0.20235931873321533,-0.00025576353073120117,1.0525637119574012,-0.00032065005802488233,alpha,0
0.23699688911437988,0.23344022035598755,-0.003556668758392334,1.5298759619875133,-0.004639780031303022,alpha,0
0.25076645612716675,0.24540656805038452,-0.0053598880767822266,3.874311405988069,-0.007103014484149537,alpha,0
0.2186342477798462,0.2267773151397705,0.008143067359924316,1.7030018316578444,0.010531335305296024,alpha,0
0.20300203561782837,0.20665371417999268,0.0036516785621643066,1.8753360654351725,0.004602881021104057,alpha,0
0.22625821828842163,0.21847158670425415,-0.0077866315841674805,1.2316291189807893,-0.009963337802820054,alpha,0
0.2236858606338501,0.2273463010787964,0.003660440444946289,2.0727180540026127,0.004737491647366832,alpha,0
0.23544490337371826,0.2415044903755188,0.006059587001800537,1.7766022124085699,0.007988955669362552,alpha,0
0.2003411054611206,0.2034110426902771,0.003069937229156494,1.3312704643969815,0.0038538536104296855,alpha,0
0.23093605041503906,0.22971957921981812,-0.0012164711952209473,2.502572665877602,-0.0015792575825682277,alpha,0
0.22846877574920654,0.23649173974990845,0.008022964000701904,5.688470305066569,0.010508025149687229,alpha,0
0.2522681951522827,0.25030583143234253,-0.0019623637199401855,2.654263479881939,-0.002617552332959208,alpha,0
0.27938681840896606,0.2892765402793884,0.009889721870422363,4.250218926123162,0.013915006934356796,alpha,0
0.3258739113807678,0.35040217638015747,0.02452826499938965,3.0173254432075725,0.0377591551380321,alpha,0
0.28645217418670654,0.2893533706665039,0.0029011964797973633,5.235212552791393,0.0040824741299601295,alpha,0
0.2649264931678772,0.27913618087768555,0.01420968770980835,7.469297111875805,0.01971202789329795,alpha,0
0.32456541061401367,0.3161275386810303,-0.008437871932983398,6.763883599127906,-0.012338370690800243,alpha,0
0.20824599266052246,0.20563000440597534,-0.002615988254547119,0.9860604069861965,-0.0032931609565526204,alpha,0
0.22934848070144653,0.2288336157798767,-0.0005148649215698242,0.8844182255703373,-0.0006676444047681157,alpha,0
0.14680099487304688,0.1477128267288208,0.0009118318557739258,2.0742919582094133,0.0010698645766006392,alpha,0
0.1996815800666809,0.19559317827224731,-0.004088401794433594,3.8224047816770077,-0.005082505125518804,alpha,0
0.14910542964935303,0.15140032768249512,0.00229489803314209,1.4577911829248802,0.0027043352808218506,alpha,0
0.17554134130477905,0.17630809545516968,0.000766754150390625,1.3481731706953577,0.0009308749377770455,alpha,0
0.2196429967880249,0.22463440895080566,0.004991412162780762,1.3687691015205368,0.006437495060912592,alpha,0
0.18252140283584595,0.18258506059646606,6.365776062011719e-05,4.692881709836646,7.787692339776434e-05,alpha,0
0.22614073753356934,0.23870128393173218,0.012560546398162842,2.088281717667118,0.016498840905750985,alpha,0
0.19304370880126953,0.19513416290283203,0.0020904541015625,2.3413166768997895,0.0025972702594782,alpha,0
0.2324426770210266,0.2365436553955078,0.004100978374481201,2.6140385708153984,0.005371595119306669,alpha,0
0.24407243728637695,0.249029278755188,0.004956841468811035,1.1083701552323633,0.006600578862241867,alpha,0
0.18182677030563354,0.1806144118309021,-0.0012123584747314453,1.260207701735148,-0.0014795945794463363,alpha,0
0.20343554019927979,0.21386736631393433,0.010431826114654541,5.449940843034144,0.0132698041878012,alpha,0
0.24444514513015747,0.251625657081604,0.007180511951446533,3.868580465526023,0.009594813103085641,alpha,0
0.1598607301712036,0.15551376342773438,-0.004346966743469238,1.640928656452413,-0.0051474690234306186,alpha,0
0.186467707157135,0.19384533166885376,0.00737762451171875,1.134677503504657,0.009151624125667439,alpha,0
0.26494574546813965,0.26468050479888916,-0.0002652406692504883,1.6406846714539525,-0.0003607148606578758,alpha,0
0.23806172609329224,0.24290800094604492,0.0048462748527526855,5.01102483991987,0.006401170344962673,alpha,0
0.19832026958465576,0.20414090156555176,0.005820631980895996,4.50904999186975,0.0073136463380840755,alpha,0
0.3001481890678406,0.3576195240020752,0.05747133493423462,0.7151611301526427,0.0894661918934477,alpha,0
0.2295290231704712,0.24028217792510986,0.010753154754638672,5.306727098903331,0.014154143080743295,alpha,0
0.2320987582206726,0.23893439769744873,0.006835639476776123,4.024637092787173,0.008981669196578283,alpha,0
0.2150089144706726,0.21882879734039307,0.003819882869720459,1.625890834599415,0.004889943275833942,alpha,0
0.17142999172210693,0.16995155811309814,-0.001478433609008789,0.9281598392146337,-0.00178114135802478,alpha,0
0.23040980100631714,0.23024684190750122,-0.00016295909881591797,3.2690618043326576,-0.0002117030597441676,alpha,0
0.27470582723617554,0.27339714765548706,-0.0013086795806884766,0.9198317471994016,-0.0018010933709739644,alpha,0
0.16226720809936523,0.1629570722579956,0.0006898641586303711,1.3154456817472528,0.0008241681946842789,alpha,0
0.26421213150024414,0.2636222839355469,-0.0005898475646972656,3.594228874129317,-0.000801012241176562,alpha,0
0.2443748116493225,0.23844146728515625,-0.00593334436416626,1.3786477203140592,-0.007791054934431321,alpha,0
0.20158523321151733,0.19358599185943604,-0.007999241352081299,2.562190964153614,-0.00991952182294801,alpha,0
0.17486590147018433,0.16973531246185303,-0.005130589008331299,1.3949420116103235,-0.006179461905749871,alpha,0
0.2440548539161682,0.25034213066101074,0.006287276744842529,2.3790393604576145,0.008386861529762016,alpha,0
0.15254062414169312,0.14980864524841309,-0.0027319788932800293,1.6898830062703514,-0.0032133694114994528,alpha,0
0.15881305932998657,0.16116881370544434,0.0023557543754577637,2.038615594840776,0.0028083771966848884,alpha,0
0.18721604347229004,0.18765532970428467,0.0004392862319946289,8.049755071413529,0.0005407633582857346,alpha,0
0.2428913116455078,0.2506523132324219,0.0077610015869140625,5.985557332084306,0.010357010135565092,alpha,0
0.19788134098052979,0.19528037309646606,-0.0026009678840637207,2.7315563540142933,-0.0032321417262704748,alpha,0
0.16522496938705444,0.163071870803833,-0.0021530985832214355,1.6806813082317946,-0.002572620644605879,alpha,0
0.162544846534729,0.16434776782989502,0.0018029212951660156,2.2180620924580166,0.002157501919768718,alpha,0
0.24469059705734253,0.24707931280136108,0.0023887157440185547,1.3036165520545389,0.0031725994312975397,alpha,0
0.17361295223236084,0.17782914638519287,0.004216194152832031,1.650568358989436,0.00512812408065167,alpha,0
0.17672133445739746,0.18225163221359253,0.005530297756195068,2.54365189510926,0.006762835578828767,alpha,0
0.24620157480239868,0.25162267684936523,0.005421102046966553,1.6564360261603923,0.007243808543187757,alpha,0
0.16365337371826172,0.16556882858276367,0.0019154548645019531,1.267305567027167,0.0022955217040234203,alpha,0
0.20380455255508423,0.20542895793914795,0.0016244053840637207,5.104685579597892,0.0020443802983941568,alpha,0
0.21660274267196655,0.2226097583770752,0.006007015705108643,4.9890265826091955,0.007727156045293351,alpha,0
0.21118474006652832,0.2099316120147705,-0.0012531280517578125,2.1631252555450553,-0.0015861007361064547,alpha,0
0.18954050540924072,0.1873059868812561,-0.002234518527984619,1.6489299907035173,-0.002749520104632702,alpha,0
0.155403733253479,0.15723824501037598,0.0018345117568969727,1.9526419808181952,0.0021767857238841584,alpha,0
0.1569322943687439,0.1579723358154297,0.001040041446685791,1.6866187782900512,0.0012351630367073267,alpha,0
0.15507423877716064,0.15581202507019043,0.0007377862930297852,1.8016284782225842,0.0008739597280938866,alpha,0
0.15560680627822876,0.16482508182525635,0.009218275547027588,2.3749607636575574,0.011037538779509717,alpha,0
0.2308294177055359,0.23438400030136108,0.0035545825958251953,2.774373221299014,0.004642774703277292,alpha,0
0.16270703077316284,0.16215479373931885,-0.0005522370338439941,3.5350299251489314,-0.0006591158243998774,alpha,0
0.16500699520111084,0.16294223070144653,-0.0020647644996643066,1.739273417390343,-0.0024666929516639693,alpha,0
0.2531852722167969,0.2512458562850952,-0.0019394159317016602,2.3583205233551157,-0.002590190582558046,alpha,0
0.21885555982589722,0.21629184484481812,-0.0025637149810791016,2.6558319077407084,-0.0032712623496580317,alpha,0
0.24521112442016602,0.2525995373725891,0.007388412952423096,1.687682662014627,0.0098854808390804,alpha,0
0.206598699092865,0.20708811283111572,0.0004894137382507324,1.4049338727339724,0.0006172359705669175,alpha,0
0.22061771154403687,0.23031079769134521,0.00969308614730835,1.931927799568291,0.012593506727435295,alpha,0
0.14146745204925537,0.13691163063049316,-0.004555821418762207,2.2581307818646357,-0.005278510961850027,alpha,0
0.15197747945785522,0.15452134609222412,0.0025438666343688965,1.6513842496015179,0.0030087887170317366,alpha,0
0.22436809539794922,0.25938326120376587,0.03501516580581665,6.204748947368067,0.047278388364174376,alpha,0
0.19924575090408325,0.19877785444259644,-0.0004678964614868164,2.023517094213725,-0.0005839784435330413,alpha,0
0.2098078727722168,0.20856177806854248,-0.0012460947036743164,1.517253988320409,-0.0015744686940103764,alpha,0
0.2246227264404297,0.2295072078704834,0.004884481430053711,3.2687710053251213,0.006339425209356988,alpha,0
0.22084206342697144,0.219856858253479,-0.0009852051734924316,4.310032351484564,-0.0012628518034355008,alpha,0
0.20629990100860596,0.20377933979034424,-0.0025205612182617188,2.0252725333974015,-0.00316565663794509,alpha,0
0.23784488439559937,0.2328653335571289,-0.004979550838470459,2.4625452810493207,-0.006491103917334556,alpha,0
0.21674096584320068,0.2150781750679016,-0.0016627907752990723,1.3987639032204482,-0.002118415774007706,alpha,0
0.22594523429870605,0.23190975189208984,0.005964517593383789,4.330983026808558,0.0077653864348318415,alpha,0
0.2206723690032959,0.22321122884750366,0.0025388598442077637,2.5952959897578918,0.003268404408628281,alpha,0
0.22441214323043823,0.23304355144500732,0.008631408214569092,2.1825026290427747,0.011254104755010999,alpha,0
0.18501150608062744,0.1861562728881836,0.0011447668075561523,2.4283284820754076,0.0014066174738714542,alpha,0
0.19871139526367188,0.1963716745376587,-0.0023397207260131836,4.869424504001098,-0.00291144631402471,alpha,0
0.18527573347091675,0.19065606594085693,0.0053803324699401855,1.5529639064436054,0.006647770179676192,alpha,0
0.22767537832260132,0.23187094926834106,0.004195570945739746,2.1116176198944236,0.005462065185196911,alpha,0
0.1606491208076477,0.16272097826004028,0.002071857452392578,1.079020344259774,0.0024745125562647277,alpha,0
0.203050434589386,0.19950181245803833,-0.0035486221313476562,1.9500812058019705,-0.004433017071836455,alpha,0
0.23177635669708252,0.22864055633544922,-0.0031358003616333008,3.3506488568930433,-0.0040652906856702715,alpha,0
0.28703373670578003,0.3277135491371155,0.04067981243133545,2.4888590463381597,0.060509641952656665,alpha,0
0.20966166257858276,0.21180576086044312,0.0021440982818603516,2.242886708223415,0.002720266370128493,alpha,0
0.21526813507080078,0.22328633069992065,0.008018195629119873,4.37430941400532,0.010323232287575571,alpha,0
0.269852876663208,0.2653292417526245,-0.004523634910583496,2.4563416642752967,-0.00615736349895706,alpha,0
0.18977904319763184,0.18686068058013916,-0.0029183626174926758,1.79699205459892,-0.003589006887005291,alpha,0
0.1847240924835205,0.18423503637313843,-0.0004890561103820801,2.49602305268678,-0.0005995061472213201,alpha,0
0.18480217456817627,0.17374545335769653,-0.011056721210479736,1.0078520235433883,-0.013381737208480788,alpha,0
0.19742143154144287,0.21271026134490967,0.015288829803466797,6.304996726798467,0.01941957204927422,alpha,0
0.18025654554367065,0.1835688352584839,0.0033122897148132324,2.542756456216772,0.004057034882863531,alpha,0
0.1715053915977478,0.17583370208740234,0.004328310489654541,2.1737383788298468,0.005251744096570127,alpha,0
0.14456206560134888,0.14295411109924316,-0.0016079545021057129,5.286886271266832,-0.0018761591682891893,alpha,0
0.1984156370162964,0.1996058225631714,0.001190185546875,1.7231558251786128,0.00148699925664931,alpha,0
0.18653041124343872,0.1812814474105835,-0.005248963832855225,2.3243797797682415,-0.006411194440695123,alpha,0
0.2122575044631958,0.20838689804077148,-0.0038706064224243164,1.3570165956249864,-0.004889517888024634,alpha,0
0.27151328325271606,0.2904791235923767,0.018965840339660645,2.2669156982804446,0.026730489503968696,alpha,0
0.19112682342529297,0.18873238563537598,-0.002394437789916992,1.6789242656618275,-0.0029514771051132,alpha,0
0.2521851658821106,0.25886762142181396,0.006682455539703369,3.8920503831315414,0.009016547829853585,alpha,0
0.19016891717910767,0.19660329818725586,0.006434381008148193,1.9347948853898225,0.008008971151648964,alpha,0
0.2774980664253235,0.2957022786140442,0.018204212188720703,4.37262215586189,0.025847325123951066,alpha,0
0.2432956099510193,0.24144041538238525,-0.0018551945686340332,3.9630607875404595,-0.0024456807431537833,alpha,0
0.19768279790878296,0.19409263134002686,-0.0035901665687561035,2.950924839068749,-0.004454812933061616,alpha,0
0.20659947395324707,0.2047082781791687,-0.0018911957740783691,4.043855603619371,-0.0023779900157246078,alpha,0
0.21849721670150757,0.24008625745773315,0.021589040756225586,2.5196316037941653,0.028409856997716806,alpha,0
0.23503929376602173,0.23577237129211426,0.0007330775260925293,6.012292250450942,0.000959239758620055,alpha,0
0.2147676944732666,0.2146117091178894,-0.00015598535537719727,1.3850560564574774,-0.00019860921939898285,alpha,0
0.15865641832351685,0.15628314018249512,-0.0023732781410217285,1.9239195528336832,-0.0028128845754428404,alpha,0
0.2241305112838745,0.2307800054550171,0.006649494171142578,5.760276995108498,0.008644463506276845,alpha,0
0.2143058180809021,0.2180200219154358,0.0037142038345336914,2.354660727928498,0.004749742881693108,alpha,0
0.23100948333740234,0.2283421754837036,-0.0026673078536987305,1.593057454725027,-0.003456594061455539,alpha,0
0.3017011284828186,0.3053542375564575,0.003653109073638916,3.355205111693771,0.005258952506653812,alpha,0
0.15086150169372559,0.14706504344940186,-0.0037964582443237305,1.095550219355644,-0.004451052469085333,alpha,0
0.23406726121902466,0.2296341061592102,-0.004433155059814453,1.8447629953532223,-0.005754609718911888,alpha,0
0.18281936645507812,0.18605327606201172,0.0032339096069335938,1.7545527489229265,0.003973121964650814,alpha,0
0.22157156467437744,0.21841591596603394,-0.003155648708343506,4.739574523176569,-0.004037503798767693,alpha,0
0.22852271795272827,0.22470533847808838,-0.0038173794746398926,3.837364494922456,-0.004923778872856336,alpha,0
0.2036823034286499,0.2048833966255188,0.0012010931968688965,2.1999206522999737,0.0015105874934210246,alpha,0
0.19485127925872803,0.19662165641784668,0.0017703771591186523,3.652760713138478,0.002203665524794687,alpha,0
0.1976379156112671,0.20190101861953735,0.004263103008270264,2.288810367905341,0.00534157179463683,alpha,0
0.21304112672805786,0.22505545616149902,0.012014329433441162,13.981768954783853,0.01550346993080444,alpha,0
0.2057977318763733,0.204792320728302,-0.001005411148071289,2.5025628064974783,-0.0012643378255503127,alpha,0
0.222204327583313,0.22866570949554443,0.006461381912231445,9.73564479383912,0.0083768892317826,alpha,0
0.15859657526016235,0.16443979740142822,0.005843222141265869,1.8253219045189182,0.0069931790948079995,alpha,0
0.1875970959663391,0.18910574913024902,0.0015086531639099121,1.9590241722166262,0.0018604807745174628,alpha,0
0.15644580125808716,0.16099250316619873,0.004546701908111572,2.3996920267931463,0.005419143363163806,alpha,0
0.19282782077789307,0.19308733940124512,0.0002595186233520508,2.621595314262408,0.0003216192235222579,alpha,0
0.2439904808998108,0.2514364719390869,0.007445991039276123,2.792155431239422,0.009947039576673335,alpha,0
0.22612261772155762,0.23082959651947021,0.004706978797912598,2.0246907699120227,0.006119552672091012,alpha,0
0.21755743026733398,0.22449809312820435,0.006940662860870361,3.0757860418576306,0.008949897865328882,alpha,0
0.2189810872077942,0.2285597324371338,0.0095786452293396,7.333647642753319,0.012416574078509606,alpha,0
0.17021983861923218,0.17473959922790527,0.004519760608673096,4.290180213741609,0.005476769034894333,alpha,0
0.19181907176971436,0.1960238814353943,0.004204809665679932,3.3303853950493716,0.005230018116939929,alpha,0
0.22591549158096313,0.2215573787689209,-0.004358112812042236,4.721357699640427,-0.005598502308558128,alpha,0
0.33077049255371094,0.3315677046775818,0.0007972121238708496,4.399551720574732,0.0011926594951345289,alpha,0
0.22418057918548584,0.21785110235214233,-0.006329476833343506,1.8855083190745048,-0.008092419298138791,alpha,0
0.2270713448524475,0.22381442785263062,-0.0032569169998168945,1.3431583137576268,-0.004196054547634035,alpha,0
0.1408320665359497,0.14582103490829468,0.004988968372344971,2.148220494742437,0.005840659365580784,alpha,0
0.20663082599639893,0.21070069074630737,0.004069864749908447,5.888760143634056,0.005156300914233199,alpha,0
0.2132648229598999,0.21716034412384033,0.0038955211639404297,2.200391626391035,0.00497614183785891,alpha,0
0.2594437599182129,0.26920396089553833,0.00976020097732544,5.694598669352575,0.013355574544829045,alpha,0
0.20876926183700562,0.21955502033233643,0.01078575849533081,5.39493870744574,0.013820011373413798,alpha,0
0.21767210960388184,0.21483147144317627,-0.0028406381607055664,2.396082111005749,-0.0036178706320881093,alpha,0
0.2754233479499817,0.27300500869750977,-0.002418339252471924,1.0403146677202197,-0.0033264868140827314,alpha,0
0.261655330657959,0.26427310705184937,0.002617776393890381,6.347718215211851,0.0035580816998555267,alpha,0
0.2364996075630188,0.23722201585769653,0.0007224082946777344,0.7256734301599705,0.0009470754396379671,alpha,0
0.24061375856399536,0.24671226739883423,0.006098508834838867,5.4518277102593755,0.008095855767862042,alpha,0
0.18663674592971802,0.18886518478393555,0.0022284388542175293,1.9395570183289639,0.0027473100801670477,alpha,0
0.23088544607162476,0.23341411352157593,0.002528667449951172,1.699201668202828,0.0032986094507524467,alpha,0
0.23921728134155273,0.2315763235092163,-0.007640957832336426,0.8627603286135135,-0.009943678293764897,alpha,0
0.1530909538269043,0.14986634254455566,-0.003224611282348633,1.6658025654803312,-0.0037930638953882793,alpha,0
0.1467825174331665,0.14661705493927002,-0.00016546249389648438,1.4009720045864453,-0.00019389008750896636,alpha,0
0.21650820970535278,0.21442043781280518,-0.0020877718925476074,1.612028208590482,-0.002657619919152269,alpha,0
0.18628883361816406,0.1852102279663086,-0.0010786056518554688,1.3185760424253148,-0.0013237839856080921,alpha,0
0.16091585159301758,0.15642082691192627,-0.004495024681091309,0.6707501969393149,-0.005328515478442242,alpha,0
0.18537628650665283,0.18518900871276855,-0.00018727779388427734,1.8115569853327296,-0.00022984200739415344,alpha,0
0.16251641511917114,0.16534113883972168,0.002824723720550537,1.3162069442179056,0.003384285307441443,alpha,0
0.1820482611656189,0.1908162236213684,0.008767962455749512,1.3205272855063976,0.01083556382579626,alpha,0
0.16113907098770142,0.16112035512924194,-1.8715858459472656e-05,1.8945185144040617,-2.231054070021703e-05,alpha,0
0.12590134143829346,0.12342977523803711,-0.0024715662002563477,1.3616657562839747,-0.002819587216674527,alpha,0
0.19496160745620728,0.1986689567565918,0.0037073493003845215,4.528880591689811,0.004626489054235225,alpha,0
0.13121575117111206,0.13169819116592407,0.0004824399948120117,1.5421926190748163,0.0005556132555566303,alpha,0
0.19447171688079834,0.1986677646636963,0.004196047782897949,2.3726641599820106,0.0052363396826747505,alpha,0
0.13120216131210327,0.1354207992553711,0.004218637943267822,1.928330617446853,0.00487941178741574,alpha,0
0.12711918354034424,0.12803542613983154,0.0009162425994873047,1.399233004834866,0.001050779615312946,alpha,0
0.19738978147506714,0.19752532243728638,0.00013554096221923828,1.8146096048603195,0.00016890372495105395,alpha,0
0.20683610439300537,0.21043676137924194,0.0036006569862365723,1.0949144278460599,0.004560314880574164,alpha,0
0.15436583757400513,0.16097795963287354,0.006612122058868408,2.3118621537858304,0.007880748944300887,alpha,0
0.22323697805404663,0.2233859896659851,0.00014901161193847656,2.0475203740405887,0.00019187345316418896,alpha,0
0.19016408920288086,0.1910800337791443,0.0009159445762634277,3.902831122679951,0.0011323055611330425,alpha,0
0.14573454856872559,0.14954537153244019,0.0038108229637145996,1.6281951869121472,0.004480924479864785,alpha,0
0.12727725505828857,0.1293337345123291,0.0020564794540405273,1.2156283486288681,0.002361960645033913,alpha,0
0.17136967182159424,0.17312169075012207,0.001752018928527832,1.7386479098365593,0.0021188352734965526,alpha,0
0.15979599952697754,0.16093045473098755,0.0011344552040100098,1.7990097390989261,0.0013520395423794035,alpha,0
0.14182376861572266,0.1430932879447937,0.001269519329071045,1.1909074984647343,0.0014815140448908703,alpha,0
0.14478933811187744,0.14085042476654053,-0.003938913345336914,1.3639709666318325,-0.004584665416690197,alpha,0
0.20185333490371704,0.20072752237319946,-0.0011258125305175781,2.6157052610205795,-0.0014085465996031043,alpha,0
0.18946915864944458,0.19100558757781982,0.0015364289283752441,2.258070051905496,0.0018991836096556949,alpha,0
0.19869989156723022,0.19839924573898315,-0.0003006458282470703,1.6892854469844274,-0.0003750568180592981,alpha,0
0.1715487241744995,0.172490656375885,0.000941932201385498,2.9036596599925617,0.0011382737955081728,alpha,0
0.18367350101470947,0.1975521445274353,0.01387864351272583,1.7221072187251292,0.01729538364153599,alpha,0
0.14961308240890503,0.15719294548034668,0.00757986307144165,1.3952121721500796,0.008993592342154388,alpha,0
0.2131926417350769,0.21023744344711304,-0.002955198287963867,1.433060187366078,-0.0037418819915476333,alpha,0
0.16165298223495483,0.1628233790397644,0.0011703968048095703,2.0719252394777463,0.0013980285348474419,alpha,0
0.15392357110977173,0.15495306253433228,0.0010294914245605469,1.688027557759414,0.001218265375469008,alpha,0
0.1979461908340454,0.197462260723114,-0.0004839301109313965,2.237048064672563,-0.0006029998182608011,alpha,0
0.15884602069854736,0.16043603420257568,0.0015900135040283203,2.3758907040324693,0.0018938562977963368,alpha,0
0.16773724555969238,0.16769695281982422,-4.029273986816406e-05,3.5500097643535997,-4.841114063522292e-05,alpha,0
0.1671205759048462,0.16532516479492188,-0.0017954111099243164,1.694948606272052,-0.002151030598021069,alpha,0
0.37181687355041504,0.3748161196708679,0.002999246120452881,3.615422077415692,0.004797382361928316,alpha,0
0.15830498933792114,0.15668535232543945,-0.0016196370124816895,0.7978121166599301,-0.0019205607503057574,alpha,0
0.18200552463531494,0.18384158611297607,0.0018360614776611328,1.9071542170968006,0.0022496386074325127,alpha,0
0.19020938873291016,0.19309598207473755,0.0028865933418273926,2.2667834464107237,0.003577368903490522,alpha,0
0.20269566774368286,0.2071399688720703,0.004444301128387451,2.9425032220022924,0.0056054044268885,alpha,0
0.1834578514099121,0.18223297595977783,-0.0012248754501342773,2.2576540623522825,-0.0014978293500790898,alpha,0
0.16167926788330078,0.16068178415298462,-0.0009974837303161621,0.935654242832835,-0.0011884452302867402,alpha,0
0.22055542469024658,0.2168482542037964,-0.0037071704864501953,1.237377722822313,-0.0047336553948191,alpha,0
0.14434218406677246,0.1427132487297058,-0.0016289353370666504,1.6541859775246233,-0.0019001055768713996,alpha,0
0.1649954915046692,0.16372299194335938,-0.0012724995613098145,1.8508014545191278,-0.0015216244725738397,alpha,0
0.19185149669647217,0.19596832990646362,0.004116833209991455,1.4111370151842992,0.005120237626351866,alpha,0
0.31558459997177124,0.3252089023590088,0.009624302387237549,2.1116725631213393,0.01426263983162084,alpha,0
0.17094415426254272,0.17045283317565918,-0.0004913210868835449,2.8273896196917754,-0.0005922762520718532,alpha,0
0.21554642915725708,0.21339213848114014,-0.0021542906761169434,1.2764239139782563,-0.002738709821634921,alpha,0
0.16549891233444214,0.16560477018356323,0.00010585784912109375,1.7335815312732492,0.0001268677544386034,alpha,0
0.16264712810516357,0.16053235530853271,-0.0021147727966308594,2.029645080383017,-0.002519183210936152,alpha,0
0.20064544677734375,0.1995355486869812,-0.0011098980903625488,1.6337584061388155,-0.0013865676215126849,alpha,0
0.17273038625717163,0.16877710819244385,-0.003953278064727783,3.2032520490078675,-0.004755978334681189,alpha,0
0.16451352834701538,0.1640649437904358,-0.00044858455657958984,2.60819583734619,-0.0005366260850617231,alpha,0
0.16469550132751465,0.16815370321273804,0.0034582018852233887,10.203268950924896,0.004157260660508532,alpha,0
0.1918022632598877,0.19419467449188232,0.002392411231994629,1.5171593058253203,0.0029689692488518156,alpha,0
0.20337003469467163,0.20157426595687866,-0.0017957687377929688,0.7270727157310873,-0.00224913684670387,alpha,0
0.16080015897750854,0.16081249713897705,1.233816146850586e-05,1.263013608541442,1.4702508588893001e-05,alpha,0
0.17555838823318481,0.17383545637130737,-0.0017229318618774414,1.4821108609163585,-0.0020854584902784057,alpha,0
0.17276018857955933,0.17112630605697632,-0.0016338825225830078,1.5040436750036592,-0.001971208079738286,alpha,0
0.2622219920158386,0.2652403712272644,0.0030183792114257812,4.313038701338943,0.004107981839540315,alpha,0
0.1879485845565796,0.1834293007850647,-0.004519283771514893,1.0479837895679178,-0.00553446722477283,alpha,0
0.16486430168151855,0.1646304726600647,-0.00023382902145385742,2.590994635657052,-0.0002799108823114945,alpha,0
0.15106099843978882,0.14971643686294556,-0.0013445615768432617,5.1276775153749625,-0.0015813096185025703,alpha,0
0.1628345251083374,0.16122668981552124,-0.0016078352928161621,1.5932759709173816,-0.0019168889535392307,alpha,0
0.17602908611297607,0.17229920625686646,-0.003729879856109619,1.3845893740225708,-0.004506314219226351,alpha,0
0.16738957166671753,0.16394275426864624,-0.003446817398071289,2.2791480127787125,-0.004122705012927832,alpha,0
0.15285617113113403,0.15225976705551147,-0.0005964040756225586,1.174142834726253,-0.0007035222022565162,alpha,0
0.15963613986968994,0.15717601776123047,-0.0024601221084594727,1.4500275013617825,-0.002918903780982501,alpha,0
0.16011369228363037,0.15957659482955933,-0.0005370974540710449,2.5954258383229956,-0.0006390796005522,alpha,0
0.15833508968353271,0.15987175703048706,0.0015366673469543457,1.204899111354983,0.0018290866422045868,alpha,0
0.22996437549591064,0.22795432806015015,-0.002010047435760498,1.0787460541080849,-0.0026035343617820334,alpha,0
0.24490255117416382,0.2408270239830017,-0.004075527191162109,1.9285206530050303,-0.005368377589708694,alpha,0
0.21692407131195068,0.2180454134941101,0.0011213421821594238,1.2949427567991656,0.0014340246882751388,alpha,0
0.16589611768722534,0.1605183482170105,-0.005377769470214844,2.812952860208148,-0.006406059571156686,alpha,0
0.1821763515472412,0.17884856462478638,-0.003327786922454834,1.141079057146868,-0.004052586135874254,alpha,0
0.1648716926574707,0.16169863939285278,-0.00317305326461792,3.3985750540752786,-0.0037850985501440768,alpha,0
0.16426771879196167,0.17073196172714233,0.006464242935180664,3.5193855314391365,0.007795118872112742,alpha,0
0.18080860376358032,0.1803497076034546,-0.0004588961601257324,1.2210016868957914,-0.0005598682320773446,alpha,0
0.2171238660812378,0.2148594856262207,-0.00226438045501709,1.6766606193314972,-0.0028840448474667475,alpha,0
0.14844244718551636,0.14683234691619873,-0.001610100269317627,1.6073954270129704,-0.0018872026658510422,alpha,0
0.13945531845092773,0.1360669732093811,-0.003388345241546631,0.9565116031735289,-0.003921999896373708,alpha,0
0.14515626430511475,0.14328712224960327,-0.0018691420555114746,1.5729179802656994,-0.002181760195340555,alpha,0
0.24899280071258545,0.24735772609710693,-0.0016350746154785156,1.6563837099780951,-0.0021724458911930255,alpha,0
0.2530837655067444,0.2600772976875305,0.006993532180786133,2.120050892478713,0.009451706453835447,alpha,0
0.15730130672454834,0.1591801643371582,0.0018788576126098633,2.7746957822112983,0.002234554339609159,alpha,0
0.169420063495636,0.16800642013549805,-0.0014136433601379395,1.4041201602613442,-0.0016991036882377923,alpha,0
0.16524142026901245,0.16430175304412842,-0.0009396672248840332,2.4540885524470104,-0.0011244097116475723,alpha,0
0.1494496464729309,0.15496057271957397,0.005510926246643066,1.494784587331563,0.006521501919003677,alpha,0
0.16604244709014893,0.16605275869369507,1.0311603546142578e-05,1.1527161458003186,1.2364815224989964e-05,alpha,0
0.16668164730072021,0.16519808769226074,-0.0014835596084594727,1.4563461192594365,-0.0017771396861781228,alpha,0
0.164317786693573,0.1606655716896057,-0.003652215003967285,1.0984045820289035,-0.004351322763346316,alpha,0
0.18438243865966797,0.17890888452529907,-0.0054735541343688965,1.9978172080607606,-0.006666195786571685,alpha,0
0.19116973876953125,0.19147568941116333,0.0003059506416320801,1.6657036103569294,0.00037840623667736176,alpha,0
0.1837310791015625,0.18051880598068237,-0.003212273120880127,2.8737880123215422,-0.003919886318714477,alpha,0
0.13422703742980957,0.13095307350158691,-0.0032739639282226562,0.8105721211905066,-0.0037673039606896702,alpha,0
0.17313766479492188,0.1644749641418457,-0.008662700653076172,1.6482609625325162,-0.01036797256970146,alpha,0
0.19781774282455444,0.20018458366394043,0.0023668408393859863,2.16850496789384,0.0029592338320114445,alpha,0
0.1786956787109375,0.17764049768447876,-0.0010551810264587402,2.792442215798478,-0.0012831140437821445,alpha,0
0.17213964462280273,0.172718346118927,0.0005787014961242676,2.850345274338939,0.0006995217329060456,alpha,0
0.19162875413894653,0.1882207989692688,-0.0034079551696777344,1.3966733182716027,-0.004198130680547851,alpha,0
0.18430602550506592,0.1887386441230774,0.004432618618011475,1.075899710369137,0.005463860180077346,alpha,0
0.23086309432983398,0.2252647876739502,-0.005598306655883789,0.9795727553797332,-0.007226090368444133,alpha,0
0.20167529582977295,0.19875890016555786,-0.002916395664215088,1.7257771852955959,-0.0036398478121225848,alpha,0
0.1889348030090332,0.18729311227798462,-0.001641690731048584,1.7344927874736373,-0.002020028076358719,alpha,0
0.17530304193496704,0.16707777976989746,-0.00822526216506958,4.266881892851285,-0.009875186380304844,alpha,0
0.18699747323989868,0.18951117992401123,0.002513706684112549,1.457637343165911,0.0031014699053799064,alpha,0
0.15038937330245972,0.14524102210998535,-0.005148351192474365,1.4954729795901083,-0.006023161295343335,alpha,0
0.16173714399337769,0.1589704155921936,-0.002766728401184082,1.2363589228806091,-0.0032896921255537244,alpha,0
0.20023393630981445,0.2017771601676941,0.0015432238578796387,0.8822158227310953,0.0019333246067023662,alpha,0
0.23482608795166016,0.23897451162338257,0.004148423671722412,1.5561600249242322,0.0054510968884519595,alpha,0
0.17177051305770874,0.17038047313690186,-0.0013900399208068848,1.3739120349629708,-0.0016755149508869574,alpha,0
0.16025733947753906,0.159906268119812,-0.0003510713577270508,1.3102641713582812,-0.0004178954614282489,alpha,0
0.18611735105514526,0.18165373802185059,-0.004463613033294678,1.8083860483984817,-0.005454430771767685,alpha,0
0.250296413898468,0.25058257579803467,0.0002861618995666504,1.4420805892175141,0.0003818458049215717,alpha,0
0.15561091899871826,0.16569405794143677,0.010083138942718506,3.9686394213768246,0.012085661187836452,alpha,0
0.15477538108825684,0.15477710962295532,1.7285346984863281e-06,2.2953977850930283,2.0450637555677743e-06,alpha,0
0.1465192437171936,0.14361554384231567,-0.0029036998748779297,1.2542596412639033,-0.003390649904957263,alpha,0
0.21683144569396973,0.21896249055862427,0.002131044864654541,1.9144057668434487,0.0027284795402191834,alpha,0
0.2007543444633484,0.19887882471084595,-0.0018755197525024414,1.853450474629047,-0.0023411186851046567,alpha,0
0.211864173412323,0.20925575494766235,-0.0026084184646606445,2.481317311578913,-0.003298687889265636,alpha,0
0.2052673101425171,0.2076345682144165,0.002367258071899414,2.5716931782689376,0.0029875837295991496,alpha,0
0.1519450545310974,0.15155136585235596,-0.0003936886787414551,4.0319928167440136,-0.0004640100330139099,alpha,0
0.1854243278503418,0.18113237619400024,-0.004291951656341553,1.6044348163855708,-0.005241325376124983,alpha,0
0.22649085521697998,0.23451703786849976,0.008026182651519775,0.9419012331175651,0.010485122528620015,alpha,0
0.21569806337356567,0.3852695822715759,0.16957151889801025,4.538917845381047,0.27584696316902224,alpha,0
0.16065406799316406,0.16166973114013672,0.0010156631469726562,3.1514242632437637,0.0012115310453408384,alpha,0
0.15859675407409668,0.16223520040512085,0.00363844633102417,3.2695233156217967,0.004343040353072397,alpha,0
0.1934598684310913,0.1901119351387024,-0.003347933292388916,1.2000833166287255,-0.004133822237474616,alpha,0
0.18714570999145508,0.18695718050003052,-0.00018852949142456055,1.9388180390854253,-0.00023188138054095148,alpha,0
0.18466120958328247,0.1838057041168213,-0.0008555054664611816,2.016194304399779,-0.0010481639859237996,alpha,0
0.1639196276664734,0.16233670711517334,-0.0015829205513000488,3.129937573158036,-0.00188968594511123,alpha,0
0.20324409008026123,0.2032279372215271,-1.615285873413086e-05,1.4315555689512984,-2.027287286881424e-05,alpha,0
0.14960020780563354,0.1530095338821411,0.0034093260765075684,2.7719247294337697,0.0040252236747528635,alpha,0
0.15658330917358398,0.16056013107299805,0.0039768218994140625,2.2296958371969358,0.004737470838140389,alpha,0
0.17742973566055298,0.17491430044174194,-0.002515435218811035,1.5831218990408193,-0.0030486956932567998,alpha,0
0.22346925735473633,0.2253890037536621,0.0019197463989257812,0.9900426259534942,0.002478336104481627,alpha,0
0.18578040599822998,0.18531876802444458,-0.0004616379737854004,2.5701036999013804,-0.0005666485929299668,alpha,0
0.26037806272506714,0.2660245895385742,0.00564652681350708,1.7731153003381808,0.007693073545825326,alpha,0
0.2166770100593567,0.21992260217666626,0.0032455921173095703,7.923539519700476,0.004160602686817762,alpha,0
0.14758533239364624,0.14037615060806274,-0.007209181785583496,2.6341028756092375,-0.008386437615339519,alpha,0
0.21940010786056519,0.21831560134887695,-0.0010845065116882324,2.9121398080703162,-0.0013873969002831067,alpha,0
0.1831706166267395,0.18149155378341675,-0.001679062843322754,1.5927050762851815,-0.002051368988412933,alpha,0
0.18052023649215698,0.18051737546920776,-2.86102294921875e-06,3.0741840941433014,-3.4912551695124395e-06,alpha,0
0.1945071816444397,0.18915945291519165,-0.005347728729248047,1.392624427977394,-0.006595290218865573,alpha,0
0.21413743495941162,0.21121925115585327,-0.0029181838035583496,1.1135153253137686,-0.0036996133689045528,alpha,0
0.20156097412109375,0.2066953182220459,0.0051343441009521484,1.749760848763335,0.006472096054500849,alpha,0
0.15965378284454346,0.1596815586090088,2.777576446533203e-05,1.2917157539261992,3.3053855654237944e-05,alpha,0
0.21793973445892334,0.21582365036010742,-0.002116084098815918,1.1381612195907256,-0.0026984798760988655,alpha,0
0.15069985389709473,0.15974169969558716,0.009041845798492432,5.550700042558708,0.010760793193255822,alpha,0
0.25677281618118286,0.2796454429626465,0.022872626781463623,5.870679418767488,0.0317519012797438,alpha,0
0.21820658445358276,0.22120845317840576,0.003001868724822998,1.1429538815183458,0.0038545214532364033,alpha,0
0.2358800768852234,0.23658818006515503,0.0007081031799316406,1.9183218880154707,0.0009275507156701807,alpha,0
0.1587069034576416,0.15852755308151245,-0.0001793503761291504,2.6343688254903777,-0.00021313873886891967,alpha,0
0.18512165546417236,0.17980599403381348,-0.005315661430358887,0.9956555424685325,-0.006480980587144197,alpha,0
0.20388150215148926,0.20003283023834229,-0.0038486719131469727,2.4806961117638826,-0.004811037325811316,alpha,0
0.2265990972518921,0.23720967769622803,0.010610580444335938,3.049288356689616,0.013910219013122721,alpha,0
0.15984117984771729,0.1609187126159668,0.0010775327682495117,2.4855056218418614,0.0012841816215552705,alpha,0
0.1721588373184204,0.17088598012924194,-0.0012728571891784668,2.6112150662236107,-0.0015352016232663382,alpha,0
0.1469109058380127,0.14552539587020874,-0.001385509967803955,5.546418788986287,-0.001621475888350102,alpha,0
0.135972261428833,0.1382967233657837,0.0023244619369506836,2.6900727168947727,0.0026975201324868497,alpha,0
0.1596280336380005,0.15477579832077026,-0.004852235317230225,1.9825624996727658,-0.005740767133253115,alpha,0
0.21837681531906128,0.2217922806739807,0.0034154653549194336,2.0240288005951563,0.004388886501765182,alpha,0
0.14925915002822876,0.15329408645629883,0.004034936428070068,3.283252115422883,0.004765452046015281,alpha,0
0.15317004919052124,0.15272486209869385,-0.0004451870918273926,1.6390986973840966,-0.0005254339138642939,alpha,0
0.2326948046684265,0.23584723472595215,0.0031524300575256348,1.7477564710596516,0.004125392461800593,alpha,0
0.16451531648635864,0.1608688235282898,-0.0036464929580688477,2.335490930615679,-0.004345557715304101,alpha,0
0.16524219512939453,0.1638714075088501,-0.0013707876205444336,1.0917517475704244,-0.0016394459331432836,alpha,0
0.19559282064437866,0.18965137004852295,-0.005941450595855713,1.191626338034988,-0.007331968459317913,alpha,0
0.20731031894683838,0.2102530598640442,0.0029427409172058105,1.2884539148570027,0.0037261821067634837,alpha,0
0.16726326942443848,0.16119807958602905,-0.006065189838409424,2.8988310539959246,-0.007230777244067458,alpha,0
0.20950555801391602,0.20230627059936523,-0.007199287414550781,1.2940290403441477,-0.009025127250229394,alpha,0
0.21744143962860107,0.21489930152893066,-0.00254213809967041,1.3889194527251487,-0.0032379771214330246,alpha,0
0.20583033561706543,0.20022344589233398,-0.005606889724731445,2.0577622158376827,-0.007010570259823652,alpha,0
0.1598649024963379,0.16180068254470825,0.0019357800483703613,3.1979754017088955,0.0023094507571865363,alpha,0
0.15812116861343384,0.15847373008728027,0.00035256147384643555,1.5779110937544711,0.0004189548044447882,alpha,0
0.1531035304069519,0.16049987077713013,0.007396340370178223,2.8693763118121614,0.00881041004368285,alpha,0
0.19846582412719727,0.20353227853775024,0.0050664544105529785,2.4301988392470752,0.006361154726084042,alpha,0
0.1540660262107849,0.16202682256698608,0.007960796356201172,4.986505432786364,0.009500061064708177,alpha,0
0.20934760570526123,0.20181095600128174,-0.007536649703979492,4.645034395432538,-0.009442186360041788,alpha,0
0.16834765672683716,0.1705491542816162,0.0022014975547790527,1.5321918811431277,0.002654162770636933,alpha,0
0.19056087732315063,0.19125425815582275,0.0006933808326721191,0.8195523141643849,0.0008573533025237421,alpha,0
0.17604631185531616,0.17770659923553467,0.0016602873802185059,2.0317171452284093,0.002019093645498041,alpha,0
0.208440363407135,0.20434439182281494,-0.004095971584320068,1.1720995046209317,-0.005147920208472827,alpha,0
0.16311746835708618,0.162250816822052,-0.0008666515350341797,1.1208586641086005,-0.001034500006012053,alpha,0
0.19132524728775024,0.18879759311676025,-0.0025276541709899902,1.3530997257505144,-0.0031159352456825336,alpha,0
0.16229212284088135,0.16327035427093506,0.000978231430053711,1.9648886965569612,0.0011691129088671785,alpha,0
0.17607921361923218,0.17395693063735962,-0.0021222829818725586,1.5606409370049337,-0.00256921589271377,alpha,0
0.17554348707199097,0.17296266555786133,-0.0025808215141296387,1.9501175254232406,-0.003120562284978924,alpha,0
0.17789298295974731,0.17445170879364014,-0.0034412741661071777,0.939913099339186,-0.004168471066760372,alpha,0
0.20162218809127808,0.1995355486869812,-0.002086639404296875,2.2911298255969657,-0.002606785848983195,alpha,0
0.13533806800842285,0.1338660717010498,-0.0014719963073730469,1.4365758521633192,-0.0016995019583911052,alpha,0
0.1545432209968567,0.17330515384674072,0.018761932849884033,2.5095390443124064,0.022695112878937433,alpha,0
0.15263456106185913,0.15753257274627686,0.004898011684417725,2.009995505394295,0.005813888497012011,alpha,0
0.14620840549468994,0.14755892753601074,0.0013505220413208008,1.691093967287682,0.0015842995896679446,alpha,0
0.2340177297592163,0.23531824350357056,0.001300513744354248,2.349578297964189,0.0017007254760632185,alpha,0
0.25845807790756226,0.269595205783844,0.011137127876281738,2.8183031103141314,0.015247884412141217,alpha,0
0.1872560977935791,0.19155782461166382,0.004301726818084717,2.0231035734979073,0.0053210074251981935,alpha,0
0.2175537347793579,0.2087443470954895,-0.008809387683868408,3.0959072726665298,-0.011133427801155353,alpha,0
0.15651416778564453,0.15601426362991333,-0.0004999041557312012,1.222937468252118,-0.0005923135121705348,alpha,0
0.20458215475082397,0.19927161931991577,-0.005310535430908203,1.3653765263935245,-0.006632130893621874,alpha,0
0.1686568260192871,0.1707826852798462,0.002125859260559082,1.6129370359504558,0.0025636937661830204,alpha,0
0.23985356092453003,0.2326183319091797,-0.007235229015350342,1.8135312725927453,-0.009428462154107708,alpha,0
0.1873357892036438,0.19083786010742188,0.003502070903778076,2.8803147769092896,0.0043280212099925984,alpha,0
0.16664600372314453,0.17565315961837769,0.009007155895233154,1.518101453007497,0.010926415258731859,alpha,0
0.23868900537490845,0.23960638046264648,0.0009173750877380371,1.6891855927808883,0.0012064476399686202,alpha,0
0.165429949760437,0.16956031322479248,0.004130363464355469,1.4155071605375453,0.0049737067364815386,alpha,0
0.1892862319946289,0.18772363662719727,-0.0015625953674316406,2.0478816444139603,-0.0019237237938862332,alpha,0
0.16668552160263062,0.16698986291885376,0.00030434131622314453,2.353293650290716,0.00036535127566340484,alpha,0
0.15974175930023193,0.16485995054244995,0.005118191242218018,1.097228161664257,0.006128542446913479,alpha,0
0.17345833778381348,0.1748080849647522,0.0013497471809387207,1.8338819180217771,0.001635676690895677,alpha,0
0.1482306718826294,0.14477401971817017,-0.0034566521644592285,1.0930870913401682,-0.00404179976305225,alpha,0
0.17887955904006958,0.18066954612731934,0.0017899870872497559,2.121941073251956,0.0021846949283883324,alpha,0
0.22780627012252808,0.22575384378433228,-0.0020524263381958008,2.115138160046969,-0.002650870555467238,alpha,0
0.1742129921913147,0.17343199253082275,-0.0007809996604919434,1.4879524386477752,-0.0009448704201403136,alpha,0
0.16058111190795898,0.16050118207931519,-7.992982864379883e-05,1.089174877500129,-9.521136532600875e-05,alpha,0
0.1881084442138672,0.18838566541671753,0.0002772212028503418,1.174274397971491,0.000341567652316884,alpha,0
0.24974173307418823,0.24592316150665283,-0.0038185715675354004,1.3455772646817306,-0.0050639024733407055,alpha,0
0.15029698610305786,0.14683377742767334,-0.0034632086753845215,2.928131732391832,-0.004059242599809945,alpha,0
0.2494094967842102,0.2502719759941101,0.0008624792098999023,2.5037737495338637,0.0011503894509525853,alpha,0
0.2006339430809021,0.20145392417907715,0.0008199810981750488,2.7124677600671854,0.0010268425617546118,alpha,0
0.23964565992355347,0.24860846996307373,0.008962810039520264,3.196037841106133,0.011928281969161665,alpha,0
0.2210313081741333,0.2314988374710083,0.010467529296875,1.8354138432311116,0.013620707172944729,alpha,0
0.2067050337791443,0.20939874649047852,0.0026937127113342285,1.481250138752779,0.003407169795616555,alpha,0
0.1838386058807373,0.18472051620483398,0.0008819103240966797,0.9493615692490363,0.0010817276058405687,alpha,0
0.23535442352294922,0.22600102424621582,-0.009353399276733398,1.2595680529008237,-0.012084511181199284,alpha,0
0.27506864070892334,0.2818741202354431,0.006805479526519775,10.681692654972238,0.009476722282660255,alpha,0
0.23084360361099243,0.2413012981414795,0.01045769453048706,1.0736281741431681,0.013783725350880032,alpha,0
0.2482627034187317,0.24849921464920044,0.00023651123046875,7.136248654532597,0.00031471854065774114,alpha,0
0.25741326808929443,0.2575457692146301,0.00013250112533569336,1.7347444026180139,0.00017846369492100994,alpha,0
0.23395633697509766,0.23650723695755005,0.0025508999824523926,3.674343574004213,0.0033410925498328047,alpha,0
0.21858829259872437,0.2140958309173584,-0.004492461681365967,1.8531619338649354,-0.005716297047526621,alpha,0
0.2231948971748352,0.22247076034545898,-0.0007241368293762207,2.544712947565003,-0.0009313306721403265,alpha,0
0.24566519260406494,0.24863481521606445,0.0029696226119995117,2.864021371290607,0.003952302651411063,alpha,0
0.16045725345611572,0.16078323125839233,0.00032597780227661133,1.7134718229963821,0.00038843099234707847,alpha,0
0.2035256028175354,0.20352691411972046,1.3113021850585938e-06,2.164114473987306,1.6463860591212743e-06,alpha,0
0.18898212909698486,0.1911516785621643,0.0021695494651794434,1.667204747053162,0.0026822698492132368,alpha,0
0.19754213094711304,0.19744372367858887,-9.840726852416992e-05,1.254933249871238,-0.00012261728108990498,alpha,0
0.22240394353866577,0.2248649001121521,0.002460956573486328,1.8863249714473689,0.0031748743849199924,alpha,0
0.2003801465034485,0.20066314935684204,0.0002830028533935547,2.7120553367882843,0.0003540470493332648,alpha,0
0.17086392641067505,0.16448819637298584,-0.006375730037689209,1.1488471244530383,-0.00763092754645922,alpha,0
0.1614345908164978,0.16142064332962036,-1.3947486877441406e-05,0.9775033296667666,-1.6632280256481135e-05,alpha,0
0.30883854627609253,0.3136889338493347,0.0048503875732421875,2.607153691547664,0.007067331145404241,alpha,0
0.25619781017303467,0.25018584728240967,-0.006011962890625,1.5151777643731532,-0.008017937336652731,alpha,0
0.26211488246917725,0.2638505697250366,0.001735687255859375,2.8524922277772906,0.002357792024930412,alpha,0
0.24628591537475586,0.24455636739730835,-0.0017295479774475098,2.7067600543137686,-0.002289446760559469,alpha,0
0.2769901156425476,0.2799641489982605,0.0029740333557128906,6.135628063913249,0.004130396217876248,alpha,0
0.1756100058555603,0.17271637916564941,-0.0028936266899108887,1.1856761741665616,-0.0034977444458437887,alpha,0
0.2603033781051636,0.2558320164680481,-0.0044713616371154785,0.493926503749297,-0.006008538039883967,alpha,0
0.21894413232803345,0.21903300285339355,8.887052536010742e-05,2.7858788384391664,0.00011379549415636096,alpha,0
0.1855592131614685,0.1841297149658203,-0.0014294981956481934,1.5453593330018172,-0.0017521145479496248,alpha,0
0.19729483127593994,0.19466876983642578,-0.00262606143951416,1.545145584451432,-0.003260846396060873,alpha,0
0.19119912385940552,0.1882762312889099,-0.0029228925704956055,1.104455355253566,-0.003600846350891969,alpha,0
0.20259928703308105,0.20233392715454102,-0.00026535987854003906,0.988301356529854,-0.0003326703837276658,alpha,0
0.17801159620285034,0.17890608310699463,0.0008944869041442871,4.090095862240224,0.001089384400177995,alpha,0
0.21338695287704468,0.20899838209152222,-0.004388570785522461,2.703410794722129,-0.005548118595669216,alpha,0
0.15744411945343018,0.15527576208114624,-0.0021683573722839355,0.6521033106710247,-0.002566941109238342,alpha,0
0.16218167543411255,0.1601252555847168,-0.002056419849395752,2.8588110009923198,-0.00244848397105621,alpha,0
0.21104925870895386,0.20811820030212402,-0.002931058406829834,1.533370882925192,-0.0037013837266472232,alpha,0
0.2261025309562683,0.22559809684753418,-0.0005044341087341309,1.6550557789470106,-0.0006513854197422044,alpha,0
0.23569411039352417,0.23308205604553223,-0.0026120543479919434,2.1800914630577717,-0.0034059111128934834,alpha,0
0.17773061990737915,0.17311668395996094,-0.004613935947418213,2.410683836165841,-0.005579911769794129,alpha,0
0.21470099687576294,0.21841025352478027,0.003709256649017334,1.59907751398314,0.0047457846853098855,alpha,0
0.21552318334579468,0.21435123682022095,-0.0011719465255737305,1.3980207321763571,-0.0014916927009857143,alpha,0
0.19108450412750244,0.18628478050231934,-0.0047997236251831055,1.2375483074712814,-0.0058985299895779894,alpha,0
0.20875024795532227,0.20974606275558472,0.0009958148002624512,1.2906682076810128,0.0012601200112141403,alpha,0
0.22020292282104492,0.2189464569091797,-0.0012564659118652344,1.5121695020318124,-0.0016086808938771224,alpha,0
0.2411932349205017,0.23659664392471313,-0.004596590995788574,1.5790102676785127,-0.006021182588743111,alpha,0
0.20033377408981323,0.19601887464523315,-0.004314899444580078,2.975256518097441,-0.0053669163472912056,alpha,0
0.23942261934280396,0.2330949902534485,-0.006327629089355469,2.508307874273587,-0.008250864199526663,alpha,0
0.248887836933136,0.2423914670944214,-0.0064963698387146,3.101815688443261,-0.008574837210187874,alpha,0
0.22018367052078247,0.21720820665359497,-0.0029754638671875,2.26969894982679,-0.0038010923114912914,alpha,0
0.15976417064666748,0.15963798761367798,-0.00012618303298950195,1.979762004445666,-0.0001501531853292465,alpha,0
0.17893469333648682,0.18222051858901978,0.003285825252532959,1.3881752363908757,0.004017984465523227,alpha,0
0.28641772270202637,0.2875649333000183,0.0011472105979919434,1.6351722043662655,0.0016102668883297023,alpha,0
0.24194860458374023,0.2372003197669983,-0.004748284816741943,1.991307017623763,-0.006224812280062246,alpha,0
0.19427746534347534,0.20099765062332153,0.006720185279846191,3.514288500926558,0.008410720300245393,alpha,0
0.18738335371017456,0.18574845790863037,-0.0016348958015441895,2.825112149502808,-0.002007851035006984,alpha,0
0.21912050247192383,0.21827948093414307,-0.0008410215377807617,1.8381410591021994,-0.0010758596164083918,alpha,0
0.1755344271659851,0.17547255754470825,-6.186962127685547e-05,1.3069217622204665,-7.503646099712469e-05,alpha,0
0.2611914873123169,0.2577228546142578,-0.003468632698059082,1.4407831368730295,-0.0046729617362212105,alpha,0
0.23374849557876587,0.22484290599822998,-0.008905589580535889,2.431958289422916,-0.011488754536916557,alpha,0
0.22178691625595093,0.2164759635925293,-0.005310952663421631,1.1304319149157427,-0.006778289390805207,alpha,0
0.2372620701789856,0.23860013484954834,0.0013380646705627441,2.3149918692683205,0.0017573744517256308,alpha,0
0.207494854927063,0.21064406633377075,0.0031492114067077637,3.2992335245288404,0.0039895961661819525,alpha,0
0.17092442512512207,0.17464298009872437,0.003718554973602295,1.5485189819120695,0.004505389648284674,alpha,0
0.22249913215637207,0.21843940019607544,-0.004059731960296631,4.679260189613256,-0.005194391786529571,alpha,0
0.23121851682662964,0.223982036113739,-0.007236480712890625,3.8329730442009433,-0.009325145872462378,alpha,0
0.23439228534698486,0.24461990594863892,0.010227620601654053,4.059616112626097,0.013539700982587237,alpha,0
0.20767134428024292,0.20894944667816162,0.0012781023979187012,0.9567887175060052,0.0016157025521966939,alpha,0
0.2229030728340149,0.2217414379119873,-0.0011616349220275879,1.9217198386441714,-0.0014926079565523874,alpha,0
0.23359906673431396,0.23270541429519653,-0.0008936524391174316,2.5830839981599576,-0.0011646797146321075,alpha,0
0.17675966024398804,0.18041127920150757,0.0036516189575195312,2.8717597071897476,0.004455428515367934,alpha,0
0.20422279834747314,0.21166479587554932,0.007441997528076172,1.3723000610465137,0.009440143595187384,alpha,0
0.16417264938354492,0.16080594062805176,-0.003366708755493164,0.9766071658620005,-0.0040118357820750124,alpha,0
0.18618243932724,0.19802802801132202,0.011845588684082031,3.137641639370446,0.014770576900222723,alpha,0
0.20392227172851562,0.20767521858215332,0.0037529468536376953,0.9630719704086924,0.004736626875309749,alpha,0
0.22076743841171265,0.224467933177948,0.0037004947662353516,0.9344302344985724,0.004771556102636876,alpha,0
0.2448049783706665,0.23975157737731934,-0.005053400993347168,1.7293503504332237,-0.006647039103236949,alpha,0
0.14443528652191162,0.15523922443389893,0.010803937911987305,2.6316207146703934,0.012789346078180823,alpha,0
0.21843987703323364,0.21791213750839233,-0.0005277395248413086,0.8060040922759834,-0.0006747829114238064,alpha,0
0.17756694555282593,0.1755295991897583,-0.002037346363067627,1.3676388303923181,-0.0024710970352185366,alpha,0
0.15572243928909302,0.15143448114395142,-0.0042879581451416016,1.3899250406445107,-0.0050531845212402685,alpha,0
0.17167270183563232,0.17380207777023315,0.00212937593460083,1.2255139518031348,0.002577319401692525,alpha,0
0.21099984645843506,0.21090734004974365,-9.250640869140625e-05,1.502702631740774,-0.00011723136380110007,alpha,0
0.20275038480758667,0.19782650470733643,-0.004923880100250244,1.8370421212729338,-0.0061381735112724265,delta,0
0.20756036043167114,0.22561687231063843,0.018056511878967285,1.7732805301580552,0.02331728473067989,delta,0
0.18236029148101807,0.18691188097000122,0.004551589488983154,4.17800069322554,0.005597904313757687,delta,0
0.21809297800064087,0.22541797161102295,0.00732499361038208,3.1773376631934718,0.009456704831658757,delta,0
0.31448519229888916,0.297308087348938,-0.017177104949951172,1.9073531505547778,-0.024444717009971997,delta,0
0.41523975133895874,0.4295288920402527,0.014289140701293945,2.14965983205028,0.025047965623356674,delta,0
0.33273428678512573,0.3445928692817688,0.011858582496643066,3.1720474566202834,0.018093459684589912,delta,0
0.2656325101852417,0.3074464797973633,0.04181396961212158,4.45426983219771,0.06037651732661337,delta,0
0.27136701345443726,0.28792667388916016,0.0165596604347229,3.626046767601241,0.02325555504960069,delta,0
0.2879822850227356,0.3032868504524231,0.0153045654296875,1.5624485906961776,0.021966810070436868,delta,0
0.19374871253967285,0.2277316451072693,0.033982932567596436,3.110322802773084,0.04400404645910516,delta,0
0.2657657265663147,0.2745935320854187,0.008827805519104004,4.092934437457749,0.012169460722458713,delta,0
0.2548975348472595,0.2634592652320862,0.00856173038482666,3.0389729890712864,0.011624245585716977,delta,0
0.23165786266326904,0.23393511772155762,0.0022772550582885742,1.9042982149153767,0.002972666037784588,delta,0
0.20914006233215332,0.23512625694274902,0.025986194610595703,4.685681740380456,0.03397448905322225,delta,0
0.2281392216682434,0.2345675826072693,0.006428360939025879,2.1824970121582687,0.008398339021128227,delta,0
0.25801587104797363,0.2628902792930603,0.00487440824508667,2.50887995610924,0.006612866589809414,delta,0
0.31919705867767334,0.331943154335022,0.012746095657348633,3.0489707238937642,0.019079357902037932,delta,0
0.43905121088027954,0.4388922452926636,-0.0001589655876159668,1.5514888485955463,-0.0002833067022908645,delta,0
0.24615442752838135,0.2572024464607239,0.01104801893234253,4.721136483502526,0.014873526278729666,delta,0
0.19154775142669678,0.1974548101425171,0.0059070587158203125,1.575827309046694,0.007360406355272401,delta,0
0.19359594583511353,0.20616716146469116,0.012571215629577637,1.9592764166977574,0.01583609926338224,gamma,0
0.1857222318649292,0.2083568572998047,0.02263462543487549,1.5822525194755126,0.028591955407674757,gamma,0
0.18692588806152344,0.21162283420562744,0.024696946144104004,2.823475128277257,0.031326308289534546,gamma,0
0.18095558881759644,0.19897586107254028,0.018020272254943848,1.0162889140300253,0.022496540839670943,gamma,0
0.18754923343658447,0.19616574048995972,0.008616507053375244,1.606382890906696,0.010719258294150399,gamma,0
0.15990591049194336,0.1720171570777893,0.012111246585845947,1.9452730469517032,0.014627412499396203,gamma,0
0.19447678327560425,0.2044060230255127,0.009929239749908447,1.0682539687111317,0.012480285217426744,gamma,0
0.22833490371704102,0.24230051040649414,0.013965606689453125,3.0538152067345075,0.018431590467278075,gamma,0
0.20183098316192627,0.22437447309494019,0.022543489933013916,2.6632850091752944,0.02906491489903393,gamma,0
0.2002968192100525,0.2079702615737915,0.007673442363739014,1.003836746900149,0.009688326070920543,gamma,0
0.23952847719192505,0.24847185611724854,0.008943378925323486,3.148719368308456,0.011900258158154585,gamma,0
0.21901118755340576,0.22725456953048706,0.008243381977081299,2.5781889931860653,0.010667655416703916,gamma,0
0.20014286041259766,0.2052287459373474,0.005085885524749756,0.7411803133498109,0.006399181523931703,gamma,0
0.21134012937545776,0.22339403629302979,0.012053906917572021,1.9834726773968097,0.015521264941148732,gamma,0
0.2339242696762085,0.23358112573623657,-0.00034314393997192383,1.4380219518456574,-0.00044772375980635186,gamma,0
0.3251070976257324,0.325458824634552,0.0003517270088195801,2.409796273497323,0.0005214314880467067,gamma,0
0.285109281539917,0.28677141666412354,0.001662135124206543,1.159555374914578,0.002330438183551883,gamma,0
0.24379360675811768,0.2595974802970886,0.015803873538970947,5.178174654664356,0.021344975359230675,gamma,0
0.29391205310821533,0.29979217052459717,0.005880117416381836,3.2703361203995236,0.008397674474430301,gamma,0
0.25683116912841797,0.24774408340454102,-0.009087085723876953,1.569193372843214,-0.012079779664616076,gamma,0
0.2299920916557312,0.23526400327682495,0.00527191162109375,2.3772403353327385,0.006893766794924545,gamma,0
0.2454969882965088,0.2460673451423645,0.0005703568458557129,3.1581468378887836,0.0007565090093669081,gamma,0
0.23896747827529907,0.24926269054412842,0.010295212268829346,2.040464342772358,0.013713468265339354,gamma,0
0.23224598169326782,0.23244011402130127,0.00019413232803344727,3.2793670179051317,0.00025292140923429497,gamma,0
0.2505561113357544,0.2722110152244568,0.021654903888702393,2.346120356455392,0.02975437158530362,gamma,0
0.29977279901504517,0.31631845235824585,0.016545653343200684,2.855217004297901,0.024200818934300865,gamma,0
0.22860956192016602,0.2396395206451416,0.011029958724975586,2.164797700347443,0.014506223067161716,gamma,0
0.14849746227264404,0.15718549489974976,0.008688032627105713,1.108721537319009,0.010308356790884012,gamma,0
0.16524642705917358,0.1806398630142212,0.015393435955047607,1.2390833155195435,0.018787142869405644,gamma,0
0.25879937410354614,0.2560073137283325,-0.002792060375213623,3.2803063991523036,-0.003752806212659606,gamma,0
0.26035213470458984,0.2631760239601135,0.0028238892555236816,4.32151114143557,0.003832515427498543,gamma,0
0.22927939891815186,0.2350972294807434,0.005817830562591553,1.1315803669261664,0.00760597397057681,gamma,0
0.23260128498077393,0.24708938598632812,0.0144881010055542,1.2663231362652452,0.019242790227541027,gamma,0
0.21673423051834106,0.2316800355911255,0.014945805072784424,3.113702415709421,0.019452579348609455,gamma,0
0.1819465160369873,0.20270240306854248,0.020755887031555176,1.078068667686921,0.02603279767985997,gamma,0
0.15313935279846191,0.17778408527374268,0.02464473247528076,1.6850877273684874,0.029973553216232504,gamma,0
0.2093970775604248,0.23020267486572266,0.02080559730529785,2.8990318179409016,0.027027370225882103,gamma,0
0.20310425758361816,0.21400147676467896,0.010897219181060791,1.5407607366631926,0.013864172589289025,gamma,0
0.19031214714050293,0.20188021659851074,0.011568069458007812,1.1252483929927164,0.0144941520039838,gamma,0
0.19840925931930542,0.21096515655517578,0.012555897235870361,1.3093010058241632,0.015912981968011622,gamma,0
0.20273244380950928,0.20912832021713257,0.006395876407623291,1.1207777412081268,0.008087122817925747,gamma,0
0.26083022356033325,0.276276171207428,0.015445947647094727,3.058831651883814,0.02134232290356398,gamma,0
0.1727328896522522,0.1826324462890625,0.009899556636810303,0.949665195085878,0.012111511634961823,gamma,0
0.23480230569839478,0.2515644431114197,0.016762137413024902,3.2073474461321023,0.022396233394774808,gamma,0
0.20998716354370117,0.2135867476463318,0.0035995841026306152,0.7108219957412916,0.004577216993555697,gamma,0
0.20082229375839233,0.21274936199188232,0.01192706823348999,1.1057386804999592,0.015150280809765448,gamma,0
0.2154165506362915,0.219965398311615,0.004548847675323486,0.82947809951664,0.005831597297706416,gamma,0
0.18234413862228394,0.19422179460525513,0.011877655982971191,1.360225205521302,0.014740602194809197,gamma,0
0.1772482991218567,0.18809664249420166,0.01084834337234497,1.3056661043185656,0.013361619054848527,gamma,0
0.1770092248916626,0.19330698251724243,0.016297757625579834,2.6913186625858057,0.020203171804357642,gamma,0
0.21395480632781982,0.22380834817886353,0.009853541851043701,3.870619567262913,0.012694727942415857,gamma,0
0.23577165603637695,0.22207462787628174,-0.013697028160095215,1.3996307024550305,-0.01760712357626625,gamma,0
